   3.5000000e+02	   2.6555200e-01	
   3.5050000e+02	   2.6563500e-01	
   3.5100000e+02	   2.6568400e-01	
   3.5150000e+02	   2.6570100e-01	
   3.5200000e+02	   2.6568500e-01	
   3.5250000e+02	   2.6563700e-01	
   3.5300000e+02	   2.6555700e-01	
   3.5350000e+02	   2.6544500e-01	
   3.5400000e+02	   2.6530100e-01	
   3.5450000e+02	   2.6512700e-01	
   3.5500000e+02	   2.6492100e-01	
   3.5550000e+02	   2.6468500e-01	
   3.5600000e+02	   2.6441800e-01	
   3.5650000e+02	   2.6412100e-01	
   3.5700000e+02	   2.6379500e-01	
   3.5750000e+02	   2.6344000e-01	
   3.5800000e+02	   2.6305700e-01	
   3.5850000e+02	   2.6264500e-01	
   3.5900000e+02	   2.6220500e-01	
   3.5950000e+02	   2.6173800e-01	
   3.6000000e+02	   2.6124400e-01	
   3.6050000e+02	   2.6072300e-01	
   3.6100000e+02	   2.6017700e-01	
   3.6150000e+02	   2.5960600e-01	
   3.6200000e+02	   2.5901000e-01	
   3.6250000e+02	   2.5839000e-01	
   3.6300000e+02	   2.5774700e-01	
   3.6350000e+02	   2.5708000e-01	
   3.6400000e+02	   2.5639100e-01	
   3.6450000e+02	   2.5568100e-01	
   3.6500000e+02	   2.5495000e-01	
   3.6550000e+02	   2.5419800e-01	
   3.6600000e+02	   2.5342700e-01	
   3.6650000e+02	   2.5263700e-01	
   3.6700000e+02	   2.5182800e-01	
   3.6750000e+02	   2.5100200e-01	
   3.6800000e+02	   2.5015900e-01	
   3.6850000e+02	   2.4930100e-01	
   3.6900000e+02	   2.4842700e-01	
   3.6950000e+02	   2.4753800e-01	
   3.7000000e+02	   2.4663600e-01	
   3.7050000e+02	   2.4572100e-01	
   3.7100000e+02	   2.4479400e-01	
   3.7150000e+02	   2.4385600e-01	
   3.7200000e+02	   2.4290700e-01	
   3.7250000e+02	   2.4194900e-01	
   3.7300000e+02	   2.4098200e-01	
   3.7350000e+02	   2.4000700e-01	
   3.7400000e+02	   2.3902500e-01	
   3.7450000e+02	   2.3803700e-01	
   3.7500000e+02	   2.3704400e-01	
   3.7550000e+02	   2.3604700e-01	
   3.7600000e+02	   2.3504600e-01	
   3.7650000e+02	   2.3404200e-01	
   3.7700000e+02	   2.3303700e-01	
   3.7750000e+02	   2.3203200e-01	
   3.7800000e+02	   2.3102600e-01	
   3.7850000e+02	   2.3002200e-01	
   3.7900000e+02	   2.2902000e-01	
   3.7950000e+02	   2.2802100e-01	
   3.8000000e+02	   2.2702600e-01	
   3.8050000e+02	   2.2603600e-01	
   3.8100000e+02	   2.2505200e-01	
   3.8150000e+02	   2.2407500e-01	
   3.8200000e+02	   2.2310600e-01	
   3.8250000e+02	   2.2214600e-01	
   3.8300000e+02	   2.2119500e-01	
   3.8350000e+02	   2.2025600e-01	
   3.8400000e+02	   2.1932800e-01	
   3.8450000e+02	   2.1841300e-01	
   3.8500000e+02	   2.1751100e-01	
   3.8550000e+02	   2.1662500e-01	
   3.8600000e+02	   2.1575300e-01	
   3.8650000e+02	   2.1489900e-01	
   3.8700000e+02	   2.1406200e-01	
   3.8750000e+02	   2.1324400e-01	
   3.8800000e+02	   2.1244600e-01	
   3.8850000e+02	   2.1166700e-01	
   3.8900000e+02	   2.1091100e-01	
   3.8950000e+02	   2.1017700e-01	
   3.9000000e+02	   2.0946600e-01	
   3.9050000e+02	   2.0878000e-01	
   3.9100000e+02	   2.0811900e-01	
   3.9150000e+02	   2.0748400e-01	
   3.9200000e+02	   2.0687700e-01	
   3.9250000e+02	   2.0629800e-01	
   3.9300000e+02	   2.0574800e-01	
   3.9350000e+02	   2.0522800e-01	
   3.9400000e+02	   2.0473900e-01	
   3.9450000e+02	   2.0428200e-01	
   3.9500000e+02	   2.0385800e-01	
   3.9550000e+02	   2.0346700e-01	
   3.9600000e+02	   2.0311100e-01	
   3.9650000e+02	   2.0279100e-01	
   3.9700000e+02	   2.0250700e-01	
   3.9750000e+02	   2.0226100e-01	
   3.9800000e+02	   2.0205200e-01	
   3.9850000e+02	   2.0188300e-01	
   3.9900000e+02	   2.0175300e-01	
   3.9950000e+02	   2.0166500e-01	
   4.0000000e+02	   2.0161700e-01	
   4.0050000e+02	   2.0161200e-01	
   4.0100000e+02	   2.0165100e-01	
   4.0150000e+02	   2.0173300e-01	
   4.0200000e+02	   2.0186000e-01	
   4.0250000e+02	   2.0203300e-01	
   4.0300000e+02	   2.0225200e-01	
   4.0350000e+02	   2.0251800e-01	
   4.0400000e+02	   2.0283200e-01	
   4.0450000e+02	   2.0319500e-01	
   4.0500000e+02	   2.0360700e-01	
   4.0550000e+02	   2.0406900e-01	
   4.0600000e+02	   2.0458200e-01	
   4.0650000e+02	   2.0514600e-01	
   4.0700000e+02	   2.0576200e-01	
   4.0750000e+02	   2.0643100e-01	
   4.0800000e+02	   2.0715400e-01	
   4.0850000e+02	   2.0793000e-01	
   4.0900000e+02	   2.0876100e-01	
   4.0950000e+02	   2.0964700e-01	
   4.1000000e+02	   2.1059000e-01	
   4.1050000e+02	   2.1158800e-01	
   4.1100000e+02	   2.1264400e-01	
   4.1150000e+02	   2.1375600e-01	
   4.1200000e+02	   2.1492700e-01	
   4.1250000e+02	   2.1615700e-01	
   4.1300000e+02	   2.1744500e-01	
   4.1350000e+02	   2.1879300e-01	
   4.1400000e+02	   2.2020100e-01	
   4.1450000e+02	   2.2167000e-01	
   4.1500000e+02	   2.2319900e-01	
   4.1550000e+02	   2.2478900e-01	
   4.1600000e+02	   2.2644100e-01	
   4.1650000e+02	   2.2815400e-01	
   4.1700000e+02	   2.2993000e-01	
   4.1750000e+02	   2.3176900e-01	
   4.1800000e+02	   2.3367100e-01	
   4.1850000e+02	   2.3563600e-01	
   4.1900000e+02	   2.3766400e-01	
   4.1950000e+02	   2.3975600e-01	
   4.2000000e+02	   2.4191200e-01	
   4.2050000e+02	   2.4413200e-01	
   4.2100000e+02	   2.4641600e-01	
   4.2150000e+02	   2.4876500e-01	
   4.2200000e+02	   2.5117900e-01	
   4.2250000e+02	   2.5365800e-01	
   4.2300000e+02	   2.5620100e-01	
   4.2350000e+02	   2.5880900e-01	
   4.2400000e+02	   2.6148300e-01	
   4.2450000e+02	   2.6422100e-01	
   4.2500000e+02	   2.6702500e-01	
   4.2550000e+02	   2.6989300e-01	
   4.2600000e+02	   2.7282700e-01	
   4.2650000e+02	   2.7582600e-01	
   4.2700000e+02	   2.7888900e-01	
   4.2750000e+02	   2.8201800e-01	
   4.2800000e+02	   2.8521100e-01	
   4.2850000e+02	   2.8846900e-01	
   4.2900000e+02	   2.9179100e-01	
   4.2950000e+02	   2.9517700e-01	
   4.3000000e+02	   2.9862700e-01	
   4.3050000e+02	   3.0214100e-01	
   4.3100000e+02	   3.0571900e-01	
   4.3150000e+02	   3.0935900e-01	
   4.3200000e+02	   3.1306300e-01	
   4.3250000e+02	   3.1682900e-01	
   4.3300000e+02	   3.2065700e-01	
   4.3350000e+02	   3.2454700e-01	
   4.3400000e+02	   3.2849800e-01	
   4.3450000e+02	   3.3251100e-01	
   4.3500000e+02	   3.3658300e-01	
   4.3550000e+02	   3.4071600e-01	
   4.3600000e+02	   3.4490800e-01	
   4.3650000e+02	   3.4916000e-01	
   4.3700000e+02	   3.5346900e-01	
   4.3750000e+02	   3.5783700e-01	
   4.3800000e+02	   3.6226200e-01	
   4.3850000e+02	   3.6674300e-01	
   4.3900000e+02	   3.7128100e-01	
   4.3950000e+02	   3.7587300e-01	
   4.4000000e+02	   3.8052000e-01	
   4.4050000e+02	   3.8522100e-01	
   4.4100000e+02	   3.8997600e-01	
   4.4150000e+02	   3.9478200e-01	
   4.4200000e+02	   3.9964000e-01	
   4.4250000e+02	   4.0454900e-01	
   4.4300000e+02	   4.0950800e-01	
   4.4350000e+02	   4.1451600e-01	
   4.4400000e+02	   4.1957200e-01	
   4.4450000e+02	   4.2467600e-01	
   4.4500000e+02	   4.2982600e-01	
   4.4550000e+02	   4.3502100e-01	
   4.4600000e+02	   4.4026100e-01	
   4.4650000e+02	   4.4554400e-01	
   4.4700000e+02	   4.5087000e-01	
   4.4750000e+02	   4.5623700e-01	
   4.4800000e+02	   4.6164400e-01	
   4.4850000e+02	   4.6709100e-01	
   4.4900000e+02	   4.7257700e-01	
   4.4950000e+02	   4.7809900e-01	
   4.5000000e+02	   4.8365800e-01	
   4.5050000e+02	   4.8925100e-01	
   4.5100000e+02	   4.9487800e-01	
   4.5150000e+02	   5.0053800e-01	
   4.5200000e+02	   5.0623000e-01	
   4.5250000e+02	   5.1195100e-01	
   4.5300000e+02	   5.1770200e-01	
   4.5350000e+02	   5.2348000e-01	
   4.5400000e+02	   5.2928500e-01	
   4.5450000e+02	   5.3511500e-01	
   4.5500000e+02	   5.4097000e-01	
   4.5550000e+02	   5.4684700e-01	
   4.5600000e+02	   5.5274500e-01	
   4.5650000e+02	   5.5866400e-01	
   4.5700000e+02	   5.6460100e-01	
   4.5750000e+02	   5.7055600e-01	
   4.5800000e+02	   5.7652700e-01	
   4.5850000e+02	   5.8251300e-01	
   4.5900000e+02	   5.8851200e-01	
   4.5950000e+02	   5.9452300e-01	
   4.6000000e+02	   6.0054500e-01	
   4.6050000e+02	   6.0657600e-01	
   4.6100000e+02	   6.1261500e-01	
   4.6150000e+02	   6.1866000e-01	
   4.6200000e+02	   6.2471100e-01	
   4.6250000e+02	   6.3076500e-01	
   4.6300000e+02	   6.3682100e-01	
   4.6350000e+02	   6.4287700e-01	
   4.6400000e+02	   6.4893300e-01	
   4.6450000e+02	   6.5498700e-01	
   4.6500000e+02	   6.6103700e-01	
   4.6550000e+02	   6.6708200e-01	
   4.6600000e+02	   6.7312100e-01	
   4.6650000e+02	   6.7915100e-01	
   4.6700000e+02	   6.8517200e-01	
   4.6750000e+02	   6.9118100e-01	
   4.6800000e+02	   6.9717800e-01	
   4.6850000e+02	   7.0316100e-01	
   4.6900000e+02	   7.0912900e-01	
   4.6950000e+02	   7.1508000e-01	
   4.7000000e+02	   7.2101200e-01	
   4.7050000e+02	   7.2692400e-01	
   4.7100000e+02	   7.3281400e-01	
   4.7150000e+02	   7.3868200e-01	
   4.7200000e+02	   7.4452400e-01	
   4.7250000e+02	   7.5034100e-01	
   4.7300000e+02	   7.5613000e-01	
   4.7350000e+02	   7.6189000e-01	
   4.7400000e+02	   7.6762000e-01	
   4.7450000e+02	   7.7331700e-01	
   4.7500000e+02	   7.7898000e-01	
   4.7550000e+02	   7.8460900e-01	
   4.7600000e+02	   7.9020000e-01	
   4.7650000e+02	   7.9575300e-01	
   4.7700000e+02	   8.0126700e-01	
   4.7750000e+02	   8.0673900e-01	
   4.7800000e+02	   8.1216800e-01	
   4.7850000e+02	   8.1755300e-01	
   4.7900000e+02	   8.2289200e-01	
   4.7950000e+02	   8.2818300e-01	
   4.8000000e+02	   8.3342500e-01	
   4.8050000e+02	   8.3861700e-01	
   4.8100000e+02	   8.4375700e-01	
   4.8150000e+02	   8.4884200e-01	
   4.8200000e+02	   8.5387300e-01	
   4.8250000e+02	   8.5884700e-01	
   4.8300000e+02	   8.6376200e-01	
   4.8350000e+02	   8.6861800e-01	
   4.8400000e+02	   8.7341200e-01	
   4.8450000e+02	   8.7814300e-01	
   4.8500000e+02	   8.8281000e-01	
   4.8550000e+02	   8.8741100e-01	
   4.8600000e+02	   8.9194300e-01	
   4.8650000e+02	   8.9640700e-01	
   4.8700000e+02	   9.0080000e-01	
   4.8750000e+02	   9.0512000e-01	
   4.8800000e+02	   9.0936700e-01	
   4.8850000e+02	   9.1353800e-01	
   4.8900000e+02	   9.1763200e-01	
   4.8950000e+02	   9.2164800e-01	
   4.9000000e+02	   9.2558300e-01	
   4.9050000e+02	   9.2943700e-01	
   4.9100000e+02	   9.3320700e-01	
   4.9150000e+02	   9.3689300e-01	
   4.9200000e+02	   9.4049200e-01	
   4.9250000e+02	   9.4400300e-01	
   4.9300000e+02	   9.4742400e-01	
   4.9350000e+02	   9.5075500e-01	
   4.9400000e+02	   9.5399300e-01	
   4.9450000e+02	   9.5713600e-01	
   4.9500000e+02	   9.6018400e-01	
   4.9550000e+02	   9.6313500e-01	
   4.9600000e+02	   9.6598700e-01	
   4.9650000e+02	   9.6873800e-01	
   4.9700000e+02	   9.7138800e-01	
   4.9750000e+02	   9.7393400e-01	
   4.9800000e+02	   9.7637500e-01	
   4.9850000e+02	   9.7871100e-01	
   4.9900000e+02	   9.8093800e-01	
   4.9950000e+02	   9.8305600e-01	
   5.0000000e+02	   9.8506300e-01	
   5.0050000e+02	   9.8695800e-01	
   5.0100000e+02	   9.8873900e-01	
   5.0150000e+02	   9.9040600e-01	
   5.0200000e+02	   9.9195600e-01	
   5.0250000e+02	   9.9338800e-01	
   5.0300000e+02	   9.9470100e-01	
   5.0350000e+02	   9.9589300e-01	
   5.0400000e+02	   9.9696400e-01	
   5.0450000e+02	   9.9791100e-01	
   5.0500000e+02	   9.9873400e-01	
   5.0550000e+02	   9.9943200e-01	
   5.0600000e+02	   1.0000030e+00	
   5.0650000e+02	   1.0004460e+00	
   5.0700000e+02	   1.0007600e+00	
   5.0750000e+02	   1.0009430e+00	
   5.0800000e+02	   1.0009960e+00	
   5.0850000e+02	   1.0009160e+00	
   5.0900000e+02	   1.0007040e+00	
   5.0950000e+02	   1.0003570e+00	
   5.1000000e+02	   9.9987500e-01	
   5.1050000e+02	   9.9925700e-01	
   5.1100000e+02	   9.9850300e-01	
   5.1150000e+02	   9.9761100e-01	
   5.1200000e+02	   9.9658100e-01	
   5.1250000e+02	   9.9541300e-01	
   5.1300000e+02	   9.9410500e-01	
   5.1350000e+02	   9.9265800e-01	
   5.1400000e+02	   9.9107000e-01	
   5.1450000e+02	   9.8934200e-01	
   5.1500000e+02	   9.8747300e-01	
   5.1550000e+02	   9.8546300e-01	
   5.1600000e+02	   9.8331100e-01	
   5.1650000e+02	   9.8101900e-01	
   5.1700000e+02	   9.7858400e-01	
   5.1750000e+02	   9.7600900e-01	
   5.1800000e+02	   9.7329200e-01	
   5.1850000e+02	   9.7043400e-01	
   5.1900000e+02	   9.6743500e-01	
   5.1950000e+02	   9.6429600e-01	
   5.2000000e+02	   9.6101700e-01	
   5.2050000e+02	   9.5759800e-01	
   5.2100000e+02	   9.5404100e-01	
   5.2150000e+02	   9.5034500e-01	
   5.2200000e+02	   9.4651200e-01	
   5.2250000e+02	   9.4254300e-01	
   5.2300000e+02	   9.3843800e-01	
   5.2350000e+02	   9.3419800e-01	
   5.2400000e+02	   9.2982500e-01	
   5.2450000e+02	   9.2532000e-01	
   5.2500000e+02	   9.2068400e-01	
   5.2550000e+02	   9.1591900e-01	
   5.2600000e+02	   9.1102500e-01	
   5.2650000e+02	   9.0600600e-01	
   5.2700000e+02	   9.0086100e-01	
   5.2750000e+02	   8.9559400e-01	
   5.2800000e+02	   8.9020500e-01	
   5.2850000e+02	   8.8469700e-01	
   5.2900000e+02	   8.7907200e-01	
   5.2950000e+02	   8.7333200e-01	
   5.3000000e+02	   8.6747800e-01	
   5.3050000e+02	   8.6151400e-01	
   5.3100000e+02	   8.5544100e-01	
   5.3150000e+02	   8.4926200e-01	
   5.3200000e+02	   8.4298000e-01	
   5.3250000e+02	   8.3659600e-01	
   5.3300000e+02	   8.3011400e-01	
   5.3350000e+02	   8.2353600e-01	
   5.3400000e+02	   8.1686400e-01	
   5.3450000e+02	   8.1010200e-01	
   5.3500000e+02	   8.0325300e-01	
   5.3550000e+02	   7.9631800e-01	
   5.3600000e+02	   7.8930200e-01	
   5.3650000e+02	   7.8220700e-01	
   5.3700000e+02	   7.7503600e-01	
   5.3750000e+02	   7.6779200e-01	
   5.3800000e+02	   7.6047800e-01	
   5.3850000e+02	   7.5309800e-01	
   5.3900000e+02	   7.4565400e-01	
   5.3950000e+02	   7.3815000e-01	
   5.4000000e+02	   7.3058800e-01	
   5.4050000e+02	   7.2297300e-01	
   5.4100000e+02	   7.1530600e-01	
   5.4150000e+02	   7.0759200e-01	
   5.4200000e+02	   6.9983400e-01	
   5.4250000e+02	   6.9203400e-01	
   5.4300000e+02	   6.8419600e-01	
   5.4350000e+02	   6.7632400e-01	
   5.4400000e+02	   6.6842000e-01	
   5.4450000e+02	   6.6048700e-01	
   5.4500000e+02	   6.5253000e-01	
   5.4550000e+02	   6.4455000e-01	
   5.4600000e+02	   6.3655100e-01	
   5.4650000e+02	   6.2853600e-01	
   5.4700000e+02	   6.2050900e-01	
   5.4750000e+02	   6.1247200e-01	
   5.4800000e+02	   6.0442800e-01	
   5.4850000e+02	   5.9638000e-01	
   5.4900000e+02	   5.8833200e-01	
   5.4950000e+02	   5.8028500e-01	
   5.5000000e+02	   5.7224400e-01	
   5.5050000e+02	   5.6421000e-01	
   5.5100000e+02	   5.5618600e-01	
   5.5150000e+02	   5.4817600e-01	
   5.5200000e+02	   5.4018200e-01	
   5.5250000e+02	   5.3220500e-01	
   5.5300000e+02	   5.2425000e-01	
   5.5350000e+02	   5.1631900e-01	
   5.5400000e+02	   5.0841300e-01	
   5.5450000e+02	   5.0053500e-01	
   5.5500000e+02	   4.9268800e-01	
   5.5550000e+02	   4.8487400e-01	
   5.5600000e+02	   4.7709500e-01	
   5.5650000e+02	   4.6935300e-01	
   5.5700000e+02	   4.6165100e-01	
   5.5750000e+02	   4.5398900e-01	
   5.5800000e+02	   4.4637100e-01	
   5.5850000e+02	   4.3879800e-01	
   5.5900000e+02	   4.3127200e-01	
   5.5950000e+02	   4.2379500e-01	
   5.6000000e+02	   4.1636900e-01	
   5.6050000e+02	   4.0899400e-01	
   5.6100000e+02	   4.0167300e-01	
   5.6150000e+02	   3.9440800e-01	
   5.6200000e+02	   3.8719900e-01	
   5.6250000e+02	   3.8004900e-01	
   5.6300000e+02	   3.7295800e-01	
   5.6350000e+02	   3.6592900e-01	
   5.6400000e+02	   3.5896100e-01	
   5.6450000e+02	   3.5205700e-01	
   5.6500000e+02	   3.4521700e-01	
   5.6550000e+02	   3.3844300e-01	
   5.6600000e+02	   3.3173600e-01	
   5.6650000e+02	   3.2509700e-01	
   5.6700000e+02	   3.1852600e-01	
   5.6750000e+02	   3.1202500e-01	
   5.6800000e+02	   3.0559500e-01	
   5.6850000e+02	   2.9923500e-01	
   5.6900000e+02	   2.9294800e-01	
   5.6950000e+02	   2.8673400e-01	
   5.7000000e+02	   2.8059300e-01	
   5.7050000e+02	   2.7452600e-01	
   5.7100000e+02	   2.6853400e-01	
   5.7150000e+02	   2.6261700e-01	
   5.7200000e+02	   2.5677600e-01	
   5.7250000e+02	   2.5101100e-01	
   5.7300000e+02	   2.4532300e-01	
   5.7350000e+02	   2.3971200e-01	
   5.7400000e+02	   2.3417800e-01	
   5.7450000e+02	   2.2872200e-01	
   5.7500000e+02	   2.2334500e-01	
   5.7550000e+02	   2.1804500e-01	
   5.7600000e+02	   2.1282400e-01	
   5.7650000e+02	   2.0768200e-01	
   5.7700000e+02	   2.0261900e-01	
   5.7750000e+02	   1.9763500e-01	
   5.7800000e+02	   1.9272900e-01	
   5.7850000e+02	   1.8790300e-01	
   5.7900000e+02	   1.8315700e-01	
   5.7950000e+02	   1.7848900e-01	
   5.8000000e+02	   1.7390000e-01	
   5.8050000e+02	   1.6939000e-01	
   5.8100000e+02	   1.6495900e-01	
   5.8150000e+02	   1.6060700e-01	
   5.8200000e+02	   1.5633400e-01	
   5.8250000e+02	   1.5213800e-01	
   5.8300000e+02	   1.4802100e-01	
   5.8350000e+02	   1.4398200e-01	
   5.8400000e+02	   1.4002000e-01	
   5.8450000e+02	   1.3613500e-01	
   5.8500000e+02	   1.3232700e-01	
   5.8550000e+02	   1.2859600e-01	
   5.8600000e+02	   1.2494000e-01	
   5.8650000e+02	   1.2136000e-01	
   5.8700000e+02	   1.1785500e-01	
   5.8750000e+02	   1.1442400e-01	
   5.8800000e+02	   1.1106800e-01	
   5.8850000e+02	   1.0778400e-01	
   5.8900000e+02	   1.0457400e-01	
   5.8950000e+02	   1.0143600e-01	
   5.9000000e+02	   9.8369000e-02	
   5.9050000e+02	   9.5373000e-02	
   5.9100000e+02	   9.2447000e-02	
   5.9150000e+02	   8.9590000e-02	
   5.9200000e+02	   8.6802000e-02	
   5.9250000e+02	   8.4082000e-02	
   5.9300000e+02	   8.1429000e-02	
   5.9350000e+02	   7.8842000e-02	
   5.9400000e+02	   7.6320000e-02	
   5.9450000e+02	   7.3863000e-02	
   5.9500000e+02	   7.1469000e-02	
   5.9550000e+02	   6.9138000e-02	
   5.9600000e+02	   6.6868000e-02	
   5.9650000e+02	   6.4660000e-02	
   5.9700000e+02	   6.2511000e-02	
   5.9750000e+02	   6.0421000e-02	
   5.9800000e+02	   5.8389000e-02	
   5.9850000e+02	   5.6414000e-02	
   5.9900000e+02	   5.4495000e-02	
   5.9950000e+02	   5.2631000e-02	
   6.0000000e+02	   5.0820000e-02	
   6.0050000e+02	   4.9062000e-02	
   6.0100000e+02	   4.7357000e-02	
   6.0150000e+02	   4.5701000e-02	
   6.0200000e+02	   4.4096000e-02	
   6.0250000e+02	   4.2539000e-02	
   6.0300000e+02	   4.1030000e-02	
   6.0350000e+02	   3.9568000e-02	
   6.0400000e+02	   3.8151000e-02	
   6.0450000e+02	   3.6778000e-02	
   6.0500000e+02	   3.5449000e-02	
   6.0550000e+02	   3.4163000e-02	
   6.0600000e+02	   3.2918000e-02	
   6.0650000e+02	   3.1713000e-02	
   6.0700000e+02	   3.0548000e-02	
   6.0750000e+02	   2.9421000e-02	
   6.0800000e+02	   2.8331000e-02	
   6.0850000e+02	   2.7278000e-02	
   6.0900000e+02	   2.6261000e-02	
   6.0950000e+02	   2.5278000e-02	
   6.1000000e+02	   2.4328000e-02	
   6.1050000e+02	   2.3411000e-02	
   6.1100000e+02	   2.2526000e-02	
   6.1150000e+02	   2.1671000e-02	
   6.1200000e+02	   2.0847000e-02	
   6.1250000e+02	   2.0051000e-02	
   6.1300000e+02	   1.9284000e-02	
   6.1350000e+02	   1.8544000e-02	
   6.1400000e+02	   1.7830000e-02	
   6.1450000e+02	   1.7143000e-02	
   6.1500000e+02	   1.6480000e-02	
   6.1550000e+02	   1.5841000e-02	
   6.1600000e+02	   1.5225000e-02	
   6.1650000e+02	   1.4632000e-02	
   6.1700000e+02	   1.4061000e-02	
   6.1750000e+02	   1.3511000e-02	
   6.1800000e+02	   1.2982000e-02	
   6.1850000e+02	   1.2472000e-02	
   6.1900000e+02	   1.1981000e-02	
   6.1950000e+02	   1.1509000e-02	
   6.2000000e+02	   1.1055000e-02	
   6.2050000e+02	   1.0618000e-02	
   6.2100000e+02	   1.0197000e-02	
   6.2150000e+02	   9.7930000e-03	
   6.2200000e+02	   9.4040000e-03	
   6.2250000e+02	   9.0300000e-03	
   6.2300000e+02	   8.6700000e-03	
   6.2350000e+02	   8.3250000e-03	
   6.2400000e+02	   7.9920000e-03	
   6.2450000e+02	   7.6730000e-03	
   6.2500000e+02	   7.3660000e-03	
   6.2550000e+02	   7.0710000e-03	
   6.2600000e+02	   6.7880000e-03	
   6.2650000e+02	   6.5160000e-03	
   6.2700000e+02	   6.2540000e-03	
   6.2750000e+02	   6.0030000e-03	
   6.2800000e+02	   5.7620000e-03	
   6.2850000e+02	   5.5300000e-03	
   6.2900000e+02	   5.3070000e-03	
   6.2950000e+02	   5.0940000e-03	
   6.3000000e+02	   4.8880000e-03	
   6.3050000e+02	   4.6910000e-03	
   6.3100000e+02	   4.5020000e-03	
   6.3150000e+02	   4.3210000e-03	
   6.3200000e+02	   4.1460000e-03	
   6.3250000e+02	   3.9790000e-03	
   6.3300000e+02	   3.8180000e-03	
   6.3350000e+02	   3.6640000e-03	
   6.3400000e+02	   3.5160000e-03	
   6.3450000e+02	   3.3740000e-03	
   6.3500000e+02	   3.2380000e-03	
   6.3550000e+02	   3.1070000e-03	
   6.3600000e+02	   2.9820000e-03	
   6.3650000e+02	   2.8610000e-03	
   6.3700000e+02	   2.7460000e-03	
   6.3750000e+02	   2.6350000e-03	
   6.3800000e+02	   2.5290000e-03	
   6.3850000e+02	   2.4270000e-03	
   6.3900000e+02	   2.3290000e-03	
   6.3950000e+02	   2.2350000e-03	
   6.4000000e+02	   2.1450000e-03	
   6.4050000e+02	   2.0580000e-03	
   6.4100000e+02	   1.9750000e-03	
   6.4150000e+02	   1.8960000e-03	
   6.4200000e+02	   1.8190000e-03	
   6.4250000e+02	   1.7460000e-03	
   6.4300000e+02	   1.6760000e-03	
   6.4350000e+02	   1.6090000e-03	
   6.4400000e+02	   1.5440000e-03	
   6.4450000e+02	   1.4820000e-03	
   6.4500000e+02	   1.4230000e-03	
   6.4550000e+02	   1.3650000e-03	
   6.4600000e+02	   1.3110000e-03	
   6.4650000e+02	   1.2580000e-03	
   6.4700000e+02	   1.2080000e-03	
   6.4750000e+02	   1.1600000e-03	
   6.4800000e+02	   1.1130000e-03	
   6.4850000e+02	   1.0690000e-03	
   6.4900000e+02	   1.0260000e-03	
   6.4950000e+02	   9.8500000e-04	
   6.5000000e+02	   9.4600000e-04	
   6.5050000e+02	   9.0800000e-04	
   6.5100000e+02	   8.7200000e-04	
   6.5150000e+02	   8.3700000e-04	
   6.5200000e+02	   8.0400000e-04	
   6.5250000e+02	   7.7200000e-04	
   6.5300000e+02	   7.4100000e-04	
   6.5350000e+02	   7.1200000e-04	
   6.5400000e+02	   6.8400000e-04	
   6.5450000e+02	   6.5700000e-04	
   6.5500000e+02	   6.3100000e-04	
   6.5550000e+02	   6.0600000e-04	
   6.5600000e+02	   5.8200000e-04	
   6.5650000e+02	   5.5900000e-04	
   6.5700000e+02	   5.3700000e-04	
   6.5750000e+02	   5.1600000e-04	
   6.5800000e+02	   4.9600000e-04	
   6.5850000e+02	   4.7600000e-04	
   6.5900000e+02	   4.5800000e-04	
   6.5950000e+02	   4.4000000e-04	
   6.6000000e+02	   4.2200000e-04	
   6.6050000e+02	   4.0600000e-04	
   6.6100000e+02	   3.9000000e-04	
   6.6150000e+02	   3.7500000e-04	
   6.6200000e+02	   3.6000000e-04	
   6.6250000e+02	   3.4600000e-04	
   6.6300000e+02	   3.3300000e-04	
   6.6350000e+02	   3.2000000e-04	
   6.6400000e+02	   3.0700000e-04	
   6.6450000e+02	   2.9600000e-04	
   6.6500000e+02	   2.8400000e-04	
   6.6550000e+02	   2.7300000e-04	
   6.6600000e+02	   2.6300000e-04	
   6.6650000e+02	   2.5200000e-04	
   6.6700000e+02	   2.4300000e-04	
   6.6750000e+02	   2.3300000e-04	
   6.6800000e+02	   2.2400000e-04	
   6.6850000e+02	   2.1600000e-04	
   6.6900000e+02	   2.0700000e-04	
   6.6950000e+02	   2.0000000e-04	
   6.7000000e+02	   1.9200000e-04	
   6.7050000e+02	   1.8500000e-04	
   6.7100000e+02	   1.7800000e-04	
   6.7150000e+02	   1.7100000e-04	
   6.7200000e+02	   1.6400000e-04	
   6.7250000e+02	   1.5800000e-04	
   6.7300000e+02	   1.5200000e-04	
   6.7350000e+02	   1.4600000e-04	
   6.7400000e+02	   1.4100000e-04	
   6.7450000e+02	   1.3500000e-04	
   6.7500000e+02	   1.3000000e-04	
   6.7550000e+02	   1.2500000e-04	
   6.7600000e+02	   1.2100000e-04	
   6.7650000e+02	   1.1600000e-04	
   6.7700000e+02	   1.1200000e-04	
   6.7750000e+02	   1.0800000e-04	
   6.7800000e+02	   1.0300000e-04	
   6.7850000e+02	   1.0000000e-04	
   6.7900000e+02	   9.6000000e-05	
   6.7950000e+02	   9.2000000e-05	
   6.8000000e+02	   8.9000000e-05	
   6.8050000e+02	   8.6000000e-05	
   6.8100000e+02	   8.2000000e-05	
   6.8150000e+02	   7.9000000e-05	
   6.8200000e+02	   7.6000000e-05	
   6.8250000e+02	   7.4000000e-05	
   6.8300000e+02	   7.1000000e-05	
   6.8350000e+02	   6.8000000e-05	
   6.8400000e+02	   6.6000000e-05	
   6.8450000e+02	   6.3000000e-05	
   6.8500000e+02	   6.1000000e-05	
   6.8550000e+02	   5.9000000e-05	
   6.8600000e+02	   5.7000000e-05	
   6.8650000e+02	   5.4000000e-05	
   6.8700000e+02	   5.2000000e-05	
   6.8750000e+02	   5.1000000e-05	
   6.8800000e+02	   4.9000000e-05	
   6.8850000e+02	   4.7000000e-05	
   6.8900000e+02	   4.5000000e-05	
   6.8950000e+02	   4.4000000e-05	
   6.9000000e+02	   4.2000000e-05	
   6.9050000e+02	   4.0000000e-05	
   6.9100000e+02	   3.9000000e-05	
   6.9150000e+02	   3.8000000e-05	
   6.9200000e+02	   3.6000000e-05	
   6.9250000e+02	   3.5000000e-05	
   6.9300000e+02	   3.4000000e-05	
   6.9350000e+02	   3.2000000e-05	
   6.9400000e+02	   3.1000000e-05	
   6.9450000e+02	   3.0000000e-05	
   6.9500000e+02	   2.9000000e-05	
   6.9550000e+02	   2.8000000e-05	
   6.9600000e+02	   2.7000000e-05	
   6.9650000e+02	   2.6000000e-05	
   6.9700000e+02	   2.5000000e-05	
   6.9750000e+02	   2.4000000e-05	
   6.9800000e+02	   2.3000000e-05	
   6.9850000e+02	   2.3000000e-05	
   6.9900000e+02	   2.2000000e-05	
   6.9950000e+02	   2.1000000e-05	
   7.0000000e+02	   2.0000000e-05	
   7.0050000e+02	   1.9000000e-05	
   7.0100000e+02	   1.9000000e-05	
   7.0150000e+02	   1.8000000e-05	
   7.0200000e+02	   1.8000000e-05	
   7.0250000e+02	   1.7000000e-05	
   7.0300000e+02	   1.6000000e-05	
   7.0350000e+02	   1.6000000e-05	
   7.0400000e+02	   1.5000000e-05	
   7.0450000e+02	   1.5000000e-05	
   7.0500000e+02	   1.4000000e-05	
   7.0550000e+02	   1.4000000e-05	
   7.0600000e+02	   1.3000000e-05	
   7.0650000e+02	   1.3000000e-05	
   7.0700000e+02	   1.2000000e-05	
   7.0750000e+02	   1.2000000e-05	
   7.0800000e+02	   1.1000000e-05	
   7.0850000e+02	   1.1000000e-05	
   7.0900000e+02	   1.1000000e-05	
   7.0950000e+02	   1.0000000e-05	
   7.1000000e+02	   1.0000000e-05	
   7.1050000e+02	   1.0000000e-05	
   7.1100000e+02	   9.0000000e-06	
   7.1150000e+02	   9.0000000e-06	
   7.1200000e+02	   9.0000000e-06	
   7.1250000e+02	   8.0000000e-06	
   7.1300000e+02	   8.0000000e-06	
   7.1350000e+02	   8.0000000e-06	
   7.1400000e+02	   8.0000000e-06	
   7.1450000e+02	   7.0000000e-06	
   7.1500000e+02	   7.0000000e-06	
   7.1550000e+02	   7.0000000e-06	
   7.1600000e+02	   7.0000000e-06	
   7.1650000e+02	   6.0000000e-06	
   7.1700000e+02	   6.0000000e-06	
   7.1750000e+02	   6.0000000e-06	
   7.1800000e+02	   6.0000000e-06	
   7.1850000e+02	   6.0000000e-06	
   7.1900000e+02	   5.0000000e-06	
   7.1950000e+02	   5.0000000e-06	
   7.2000000e+02	   5.0000000e-06	
   7.2050000e+02	   5.0000000e-06	
   7.2100000e+02	   5.0000000e-06	
   7.2150000e+02	   4.0000000e-06	
   7.2200000e+02	   4.0000000e-06	
   7.2250000e+02	   4.0000000e-06	
   7.2300000e+02	   4.0000000e-06	
   7.2350000e+02	   4.0000000e-06	
   7.2400000e+02	   4.0000000e-06	
   7.2450000e+02	   4.0000000e-06	
   7.2500000e+02	   4.0000000e-06	
   7.2550000e+02	   3.0000000e-06	
   7.2600000e+02	   3.0000000e-06	
   7.2650000e+02	   3.0000000e-06	
   7.2700000e+02	   3.0000000e-06	
   7.2750000e+02	   3.0000000e-06	
   7.2800000e+02	   3.0000000e-06	
   7.2850000e+02	   3.0000000e-06	
   7.2900000e+02	   3.0000000e-06	
   7.2950000e+02	   3.0000000e-06	
   7.3000000e+02	   3.0000000e-06	
   7.3050000e+02	   2.0000000e-06	
   7.3100000e+02	   2.0000000e-06	
   7.3150000e+02	   2.0000000e-06	
   7.3200000e+02	   2.0000000e-06	
   7.3250000e+02	   2.0000000e-06	
   7.3300000e+02	   2.0000000e-06	
   7.3350000e+02	   2.0000000e-06	
   7.3400000e+02	   2.0000000e-06	
   7.3450000e+02	   2.0000000e-06	
   7.3500000e+02	   2.0000000e-06	
   7.3550000e+02	   2.0000000e-06	
   7.3600000e+02	   2.0000000e-06	
   7.3650000e+02	   2.0000000e-06	
   7.3700000e+02	   2.0000000e-06	
   7.3750000e+02	   2.0000000e-06	
   7.3800000e+02	   2.0000000e-06	
   7.3850000e+02	   1.0000000e-06	
   7.3900000e+02	   1.0000000e-06	
   7.3950000e+02	   1.0000000e-06	
   7.4000000e+02	   1.0000000e-06	
   7.4050000e+02	   1.0000000e-06	
   7.4100000e+02	   1.0000000e-06	
   7.4150000e+02	   1.0000000e-06	
   7.4200000e+02	   1.0000000e-06	
   7.4250000e+02	   1.0000000e-06	
   7.4300000e+02	   1.0000000e-06	
   7.4350000e+02	   1.0000000e-06	
   7.4400000e+02	   1.0000000e-06	
   7.4450000e+02	   1.0000000e-06	
   7.4500000e+02	   1.0000000e-06	
   7.4550000e+02	   1.0000000e-06	
   7.4600000e+02	   1.0000000e-06	
   7.4650000e+02	   1.0000000e-06	
   7.4700000e+02	   1.0000000e-06	
   7.4750000e+02	   1.0000000e-06	
   7.4800000e+02	   1.0000000e-06	
   7.4850000e+02	   1.0000000e-06	
   7.4900000e+02	   1.0000000e-06	
   7.4950000e+02	   1.0000000e-06	
   7.5000000e+02	   1.0000000e-06	
   7.5050000e+02	   1.0000000e-06	
   7.5100000e+02	   1.0000000e-06	
   7.5150000e+02	   1.0000000e-06	
   7.5200000e+02	   1.0000000e-06	
   7.5250000e+02	   1.0000000e-06	
   7.5300000e+02	   1.0000000e-06	
   7.5350000e+02	   1.0000000e-06	
   7.5400000e+02	   1.0000000e-06	
   7.5450000e+02	   1.0000000e-06	
   7.5500000e+02	   1.0000000e-06	
   7.5550000e+02	   0.0000000e+00	
   7.5600000e+02	   0.0000000e+00	
   7.5650000e+02	   0.0000000e+00	
   7.5700000e+02	   0.0000000e+00	
   7.5750000e+02	   0.0000000e+00	
   7.5800000e+02	   0.0000000e+00	
   7.5850000e+02	   0.0000000e+00	
   7.5900000e+02	   0.0000000e+00	
   7.5950000e+02	   0.0000000e+00	
   7.6000000e+02	   0.0000000e+00	
   7.6050000e+02	   0.0000000e+00	
   7.6100000e+02	   0.0000000e+00	
   7.6150000e+02	   0.0000000e+00	
   7.6200000e+02	   0.0000000e+00	
   7.6250000e+02	   0.0000000e+00	
   7.6300000e+02	   0.0000000e+00	
   7.6350000e+02	   0.0000000e+00	
   7.6400000e+02	   0.0000000e+00	
   7.6450000e+02	   0.0000000e+00	
   7.6500000e+02	   0.0000000e+00	
   7.6550000e+02	   0.0000000e+00	
   7.6600000e+02	   0.0000000e+00	
   7.6650000e+02	   0.0000000e+00	
   7.6700000e+02	   0.0000000e+00	
   7.6750000e+02	   0.0000000e+00	
   7.6800000e+02	   0.0000000e+00	
   7.6850000e+02	   0.0000000e+00	
   7.6900000e+02	   0.0000000e+00	
   7.6950000e+02	   0.0000000e+00	
   7.7000000e+02	   0.0000000e+00	
   7.7050000e+02	   0.0000000e+00	
   7.7100000e+02	   0.0000000e+00	
   7.7150000e+02	   0.0000000e+00	
   7.7200000e+02	   0.0000000e+00	
   7.7250000e+02	   0.0000000e+00	
   7.7300000e+02	   0.0000000e+00	
   7.7350000e+02	   0.0000000e+00	
   7.7400000e+02	   0.0000000e+00	
   7.7450000e+02	   0.0000000e+00	
   7.7500000e+02	   0.0000000e+00	
   7.7550000e+02	   0.0000000e+00	
   7.7600000e+02	   0.0000000e+00	
   7.7650000e+02	   0.0000000e+00	
   7.7700000e+02	   0.0000000e+00	
   7.7750000e+02	   0.0000000e+00	
   7.7800000e+02	   0.0000000e+00	
   7.7850000e+02	   0.0000000e+00	
   7.7900000e+02	   0.0000000e+00	
   7.7950000e+02	   0.0000000e+00	
   7.8000000e+02	   0.0000000e+00	
   7.8050000e+02	   0.0000000e+00	
   7.8100000e+02	   0.0000000e+00	
   7.8150000e+02	   0.0000000e+00	
   7.8200000e+02	   0.0000000e+00	
   7.8250000e+02	   0.0000000e+00	
   7.8300000e+02	   0.0000000e+00	
   7.8350000e+02	   0.0000000e+00	
   7.8400000e+02	   0.0000000e+00	
   7.8450000e+02	   0.0000000e+00	
   7.8500000e+02	   0.0000000e+00	
   7.8550000e+02	   0.0000000e+00	
   7.8600000e+02	   0.0000000e+00	
   7.8650000e+02	   0.0000000e+00	
   7.8700000e+02	   0.0000000e+00	
   7.8750000e+02	   0.0000000e+00	
   7.8800000e+02	   0.0000000e+00	
   7.8850000e+02	   0.0000000e+00	
   7.8900000e+02	   0.0000000e+00	
   7.8950000e+02	   0.0000000e+00	
   7.9000000e+02	   0.0000000e+00	
   7.9050000e+02	   0.0000000e+00	
   7.9100000e+02	   0.0000000e+00	
   7.9150000e+02	   0.0000000e+00	
   7.9200000e+02	   0.0000000e+00	
   7.9250000e+02	   0.0000000e+00	
   7.9300000e+02	   0.0000000e+00	
   7.9350000e+02	   0.0000000e+00	
   7.9400000e+02	   0.0000000e+00	
   7.9450000e+02	   0.0000000e+00	
   7.9500000e+02	   0.0000000e+00	
   7.9550000e+02	   0.0000000e+00	
   7.9600000e+02	   0.0000000e+00	
   7.9650000e+02	   0.0000000e+00	
   7.9700000e+02	   0.0000000e+00	
   7.9750000e+02	   0.0000000e+00	
   7.9800000e+02	   0.0000000e+00	
   7.9850000e+02	   0.0000000e+00	
   7.9900000e+02	   0.0000000e+00	
   7.9950000e+02	   0.0000000e+00	
   8.0000000e+02	   0.0000000e+00	
