   3.5000000e+02	   9.7236900e-01	
   3.5050000e+02	   9.7575700e-01	
   3.5100000e+02	   9.7899300e-01	
   3.5150000e+02	   9.8207300e-01	
   3.5200000e+02	   9.8499000e-01	
   3.5250000e+02	   9.8773800e-01	
   3.5300000e+02	   9.9031200e-01	
   3.5350000e+02	   9.9270500e-01	
   3.5400000e+02	   9.9491100e-01	
   3.5450000e+02	   9.9692500e-01	
   3.5500000e+02	   9.9874100e-01	
   3.5550000e+02	   1.0003520e+00	
   3.5600000e+02	   1.0017540e+00	
   3.5650000e+02	   1.0029400e+00	
   3.5700000e+02	   1.0039040e+00	
   3.5750000e+02	   1.0046420e+00	
   3.5800000e+02	   1.0051460e+00	
   3.5850000e+02	   1.0054120e+00	
   3.5900000e+02	   1.0054340e+00	
   3.5950000e+02	   1.0052070e+00	
   3.6000000e+02	   1.0047250e+00	
   3.6050000e+02	   1.0039830e+00	
   3.6100000e+02	   1.0029760e+00	
   3.6150000e+02	   1.0017000e+00	
   3.6200000e+02	   1.0001480e+00	
   3.6250000e+02	   9.9831600e-01	
   3.6300000e+02	   9.9620000e-01	
   3.6350000e+02	   9.9379600e-01	
   3.6400000e+02	   9.9109800e-01	
   3.6450000e+02	   9.8810300e-01	
   3.6500000e+02	   9.8480600e-01	
   3.6550000e+02	   9.8120500e-01	
   3.6600000e+02	   9.7729500e-01	
   3.6650000e+02	   9.7307300e-01	
   3.6700000e+02	   9.6853600e-01	
   3.6750000e+02	   9.6368100e-01	
   3.6800000e+02	   9.5850600e-01	
   3.6850000e+02	   9.5300800e-01	
   3.6900000e+02	   9.4718400e-01	
   3.6950000e+02	   9.4103500e-01	
   3.7000000e+02	   9.3455700e-01	
   3.7050000e+02	   9.2775000e-01	
   3.7100000e+02	   9.2061200e-01	
   3.7150000e+02	   9.1314500e-01	
   3.7200000e+02	   9.0534700e-01	
   3.7250000e+02	   8.9722000e-01	
   3.7300000e+02	   8.8876300e-01	
   3.7350000e+02	   8.7997800e-01	
   3.7400000e+02	   8.7086800e-01	
   3.7450000e+02	   8.6143400e-01	
   3.7500000e+02	   8.5167800e-01	
   3.7550000e+02	   8.4160500e-01	
   3.7600000e+02	   8.3121900e-01	
   3.7650000e+02	   8.2052300e-01	
   3.7700000e+02	   8.0952200e-01	
   3.7750000e+02	   7.9822300e-01	
   3.7800000e+02	   7.8663200e-01	
   3.7850000e+02	   7.7475500e-01	
   3.7900000e+02	   7.6260100e-01	
   3.7950000e+02	   7.5017700e-01	
   3.8000000e+02	   7.3749400e-01	
   3.8050000e+02	   7.2456000e-01	
   3.8100000e+02	   7.1138600e-01	
   3.8150000e+02	   6.9798500e-01	
   3.8200000e+02	   6.8436700e-01	
   3.8250000e+02	   6.7054700e-01	
   3.8300000e+02	   6.5653700e-01	
   3.8350000e+02	   6.4235300e-01	
   3.8400000e+02	   6.2800900e-01	
   3.8450000e+02	   6.1352100e-01	
   3.8500000e+02	   5.9890700e-01	
   3.8550000e+02	   5.8418300e-01	
   3.8600000e+02	   5.6936700e-01	
   3.8650000e+02	   5.5447900e-01	
   3.8700000e+02	   5.3953700e-01	
   3.8750000e+02	   5.2456000e-01	
   3.8800000e+02	   5.0957000e-01	
   3.8850000e+02	   4.9458500e-01	
   3.8900000e+02	   4.7962700e-01	
   3.8950000e+02	   4.6471500e-01	
   3.9000000e+02	   4.4987200e-01	
   3.9050000e+02	   4.3511700e-01	
   3.9100000e+02	   4.2047000e-01	
   3.9150000e+02	   4.0595200e-01	
   3.9200000e+02	   3.9158300e-01	
   3.9250000e+02	   3.7738200e-01	
   3.9300000e+02	   3.6336800e-01	
   3.9350000e+02	   3.4955800e-01	
   3.9400000e+02	   3.3597000e-01	
   3.9450000e+02	   3.2262000e-01	
   3.9500000e+02	   3.0952400e-01	
   3.9550000e+02	   2.9669500e-01	
   3.9600000e+02	   2.8414600e-01	
   3.9650000e+02	   2.7189100e-01	
   3.9700000e+02	   2.5993900e-01	
   3.9750000e+02	   2.4830000e-01	
   3.9800000e+02	   2.3698200e-01	
   3.9850000e+02	   2.2599300e-01	
   3.9900000e+02	   2.1533600e-01	
   3.9950000e+02	   2.0501800e-01	
   4.0000000e+02	   1.9504100e-01	
   4.0050000e+02	   1.8540600e-01	
   4.0100000e+02	   1.7611500e-01	
   4.0150000e+02	   1.6716600e-01	
   4.0200000e+02	   1.5855900e-01	
   4.0250000e+02	   1.5029000e-01	
   4.0300000e+02	   1.4235600e-01	
   4.0350000e+02	   1.3475300e-01	
   4.0400000e+02	   1.2747500e-01	
   4.0450000e+02	   1.2051500e-01	
   4.0500000e+02	   1.1386900e-01	
   4.0550000e+02	   1.0752700e-01	
   4.0600000e+02	   1.0148300e-01	
   4.0650000e+02	   9.5727000e-02	
   4.0700000e+02	   9.0253000e-02	
   4.0750000e+02	   8.5050000e-02	
   4.0800000e+02	   8.0110000e-02	
   4.0850000e+02	   7.5423000e-02	
   4.0900000e+02	   7.0980000e-02	
   4.0950000e+02	   6.6772000e-02	
   4.1000000e+02	   6.2790000e-02	
   4.1050000e+02	   5.9023000e-02	
   4.1100000e+02	   5.5463000e-02	
   4.1150000e+02	   5.2101000e-02	
   4.1200000e+02	   4.8928000e-02	
   4.1250000e+02	   4.5935000e-02	
   4.1300000e+02	   4.3113000e-02	
   4.1350000e+02	   4.0454000e-02	
   4.1400000e+02	   3.7950000e-02	
   4.1450000e+02	   3.5593000e-02	
   4.1500000e+02	   3.3376000e-02	
   4.1550000e+02	   3.1290000e-02	
   4.1600000e+02	   2.9330000e-02	
   4.1650000e+02	   2.7488000e-02	
   4.1700000e+02	   2.5758000e-02	
   4.1750000e+02	   2.4133000e-02	
   4.1800000e+02	   2.2608000e-02	
   4.1850000e+02	   2.1177000e-02	
   4.1900000e+02	   1.9835000e-02	
   4.1950000e+02	   1.8576000e-02	
   4.2000000e+02	   1.7395000e-02	
   4.2050000e+02	   1.6288000e-02	
   4.2100000e+02	   1.5251000e-02	
   4.2150000e+02	   1.4279000e-02	
   4.2200000e+02	   1.3369000e-02	
   4.2250000e+02	   1.2516000e-02	
   4.2300000e+02	   1.1717000e-02	
   4.2350000e+02	   1.0969000e-02	
   4.2400000e+02	   1.0269000e-02	
   4.2450000e+02	   9.6130000e-03	
   4.2500000e+02	   8.9990000e-03	
   4.2550000e+02	   8.4250000e-03	
   4.2600000e+02	   7.8870000e-03	
   4.2650000e+02	   7.3840000e-03	
   4.2700000e+02	   6.9130000e-03	
   4.2750000e+02	   6.4720000e-03	
   4.2800000e+02	   6.0600000e-03	
   4.2850000e+02	   5.6740000e-03	
   4.2900000e+02	   5.3130000e-03	
   4.2950000e+02	   4.9750000e-03	
   4.3000000e+02	   4.6590000e-03	
   4.3050000e+02	   4.3640000e-03	
   4.3100000e+02	   4.0870000e-03	
   4.3150000e+02	   3.8280000e-03	
   4.3200000e+02	   3.5860000e-03	
   4.3250000e+02	   3.3590000e-03	
   4.3300000e+02	   3.1470000e-03	
   4.3350000e+02	   2.9490000e-03	
   4.3400000e+02	   2.7630000e-03	
   4.3450000e+02	   2.5890000e-03	
   4.3500000e+02	   2.4260000e-03	
   4.3550000e+02	   2.2740000e-03	
   4.3600000e+02	   2.1320000e-03	
   4.3650000e+02	   1.9980000e-03	
   4.3700000e+02	   1.8740000e-03	
   4.3750000e+02	   1.7570000e-03	
   4.3800000e+02	   1.6470000e-03	
   4.3850000e+02	   1.5450000e-03	
   4.3900000e+02	   1.4490000e-03	
   4.3950000e+02	   1.3590000e-03	
   4.4000000e+02	   1.2750000e-03	
   4.4050000e+02	   1.1960000e-03	
   4.4100000e+02	   1.1220000e-03	
   4.4150000e+02	   1.0530000e-03	
   4.4200000e+02	   9.8800000e-04	
   4.4250000e+02	   9.2800000e-04	
   4.4300000e+02	   8.7100000e-04	
   4.4350000e+02	   8.1800000e-04	
   4.4400000e+02	   7.6800000e-04	
   4.4450000e+02	   7.2100000e-04	
   4.4500000e+02	   6.7700000e-04	
   4.4550000e+02	   6.3600000e-04	
   4.4600000e+02	   5.9700000e-04	
   4.4650000e+02	   5.6100000e-04	
   4.4700000e+02	   5.2700000e-04	
   4.4750000e+02	   4.9600000e-04	
   4.4800000e+02	   4.6600000e-04	
   4.4850000e+02	   4.3800000e-04	
   4.4900000e+02	   4.1100000e-04	
   4.4950000e+02	   3.8700000e-04	
   4.5000000e+02	   3.6400000e-04	
   4.5050000e+02	   3.4200000e-04	
   4.5100000e+02	   3.2200000e-04	
   4.5150000e+02	   3.0300000e-04	
   4.5200000e+02	   2.8500000e-04	
   4.5250000e+02	   2.6800000e-04	
   4.5300000e+02	   2.5200000e-04	
   4.5350000e+02	   2.3700000e-04	
   4.5400000e+02	   2.2300000e-04	
   4.5450000e+02	   2.1000000e-04	
   4.5500000e+02	   1.9800000e-04	
   4.5550000e+02	   1.8600000e-04	
   4.5600000e+02	   1.7500000e-04	
   4.5650000e+02	   1.6500000e-04	
   4.5700000e+02	   1.5600000e-04	
   4.5750000e+02	   1.4700000e-04	
   4.5800000e+02	   1.3800000e-04	
   4.5850000e+02	   1.3000000e-04	
   4.5900000e+02	   1.2300000e-04	
   4.5950000e+02	   1.1600000e-04	
   4.6000000e+02	   1.0900000e-04	
   4.6050000e+02	   1.0300000e-04	
   4.6100000e+02	   9.7000000e-05	
   4.6150000e+02	   9.1000000e-05	
   4.6200000e+02	   8.6000000e-05	
   4.6250000e+02	   8.1000000e-05	
   4.6300000e+02	   7.7000000e-05	
   4.6350000e+02	   7.2000000e-05	
   4.6400000e+02	   6.8000000e-05	
   4.6450000e+02	   6.4000000e-05	
   4.6500000e+02	   6.1000000e-05	
   4.6550000e+02	   5.7000000e-05	
   4.6600000e+02	   5.4000000e-05	
   4.6650000e+02	   5.1000000e-05	
   4.6700000e+02	   4.8000000e-05	
   4.6750000e+02	   4.5000000e-05	
   4.6800000e+02	   4.3000000e-05	
   4.6850000e+02	   4.1000000e-05	
   4.6900000e+02	   3.8000000e-05	
   4.6950000e+02	   3.6000000e-05	
   4.7000000e+02	   3.4000000e-05	
   4.7050000e+02	   3.2000000e-05	
   4.7100000e+02	   3.1000000e-05	
   4.7150000e+02	   2.9000000e-05	
   4.7200000e+02	   2.7000000e-05	
   4.7250000e+02	   2.6000000e-05	
   4.7300000e+02	   2.4000000e-05	
   4.7350000e+02	   2.3000000e-05	
   4.7400000e+02	   2.2000000e-05	
   4.7450000e+02	   2.1000000e-05	
   4.7500000e+02	   2.0000000e-05	
   4.7550000e+02	   1.8000000e-05	
   4.7600000e+02	   1.7000000e-05	
   4.7650000e+02	   1.7000000e-05	
   4.7700000e+02	   1.6000000e-05	
   4.7750000e+02	   1.5000000e-05	
   4.7800000e+02	   1.4000000e-05	
   4.7850000e+02	   1.3000000e-05	
   4.7900000e+02	   1.3000000e-05	
   4.7950000e+02	   1.2000000e-05	
   4.8000000e+02	   1.1000000e-05	
   4.8050000e+02	   1.1000000e-05	
   4.8100000e+02	   1.0000000e-05	
   4.8150000e+02	   1.0000000e-05	
   4.8200000e+02	   9.0000000e-06	
   4.8250000e+02	   9.0000000e-06	
   4.8300000e+02	   8.0000000e-06	
   4.8350000e+02	   8.0000000e-06	
   4.8400000e+02	   7.0000000e-06	
   4.8450000e+02	   7.0000000e-06	
   4.8500000e+02	   7.0000000e-06	
   4.8550000e+02	   6.0000000e-06	
   4.8600000e+02	   6.0000000e-06	
   4.8650000e+02	   6.0000000e-06	
   4.8700000e+02	   5.0000000e-06	
   4.8750000e+02	   5.0000000e-06	
   4.8800000e+02	   5.0000000e-06	
   4.8850000e+02	   5.0000000e-06	
   4.8900000e+02	   4.0000000e-06	
   4.8950000e+02	   4.0000000e-06	
   4.9000000e+02	   4.0000000e-06	
   4.9050000e+02	   4.0000000e-06	
   4.9100000e+02	   3.0000000e-06	
   4.9150000e+02	   3.0000000e-06	
   4.9200000e+02	   3.0000000e-06	
   4.9250000e+02	   3.0000000e-06	
   4.9300000e+02	   3.0000000e-06	
   4.9350000e+02	   3.0000000e-06	
   4.9400000e+02	   3.0000000e-06	
   4.9450000e+02	   2.0000000e-06	
   4.9500000e+02	   2.0000000e-06	
   4.9550000e+02	   2.0000000e-06	
   4.9600000e+02	   2.0000000e-06	
   4.9650000e+02	   2.0000000e-06	
   4.9700000e+02	   2.0000000e-06	
   4.9750000e+02	   2.0000000e-06	
   4.9800000e+02	   2.0000000e-06	
   4.9850000e+02	   2.0000000e-06	
   4.9900000e+02	   2.0000000e-06	
   4.9950000e+02	   1.0000000e-06	
   5.0000000e+02	   1.0000000e-06	
   5.0050000e+02	   1.0000000e-06	
   5.0100000e+02	   1.0000000e-06	
   5.0150000e+02	   1.0000000e-06	
   5.0200000e+02	   1.0000000e-06	
   5.0250000e+02	   1.0000000e-06	
   5.0300000e+02	   1.0000000e-06	
   5.0350000e+02	   1.0000000e-06	
   5.0400000e+02	   1.0000000e-06	
   5.0450000e+02	   1.0000000e-06	
   5.0500000e+02	   1.0000000e-06	
   5.0550000e+02	   1.0000000e-06	
   5.0600000e+02	   1.0000000e-06	
   5.0650000e+02	   1.0000000e-06	
   5.0700000e+02	   1.0000000e-06	
   5.0750000e+02	   1.0000000e-06	
   5.0800000e+02	   1.0000000e-06	
   5.0850000e+02	   1.0000000e-06	
   5.0900000e+02	   1.0000000e-06	
   5.0950000e+02	   1.0000000e-06	
   5.1000000e+02	   1.0000000e-06	
   5.1050000e+02	   0.0000000e+00	
   5.1100000e+02	   0.0000000e+00	
   5.1150000e+02	   0.0000000e+00	
   5.1200000e+02	   0.0000000e+00	
   5.1250000e+02	   0.0000000e+00	
   5.1300000e+02	   0.0000000e+00	
   5.1350000e+02	   0.0000000e+00	
   5.1400000e+02	   0.0000000e+00	
   5.1450000e+02	   0.0000000e+00	
   5.1500000e+02	   0.0000000e+00	
   5.1550000e+02	   0.0000000e+00	
   5.1600000e+02	   0.0000000e+00	
   5.1650000e+02	   0.0000000e+00	
   5.1700000e+02	   0.0000000e+00	
   5.1750000e+02	   0.0000000e+00	
   5.1800000e+02	   0.0000000e+00	
   5.1850000e+02	   0.0000000e+00	
   5.1900000e+02	   0.0000000e+00	
   5.1950000e+02	   0.0000000e+00	
   5.2000000e+02	   0.0000000e+00	
   5.2050000e+02	   0.0000000e+00	
   5.2100000e+02	   0.0000000e+00	
   5.2150000e+02	   0.0000000e+00	
   5.2200000e+02	   0.0000000e+00	
   5.2250000e+02	   0.0000000e+00	
   5.2300000e+02	   0.0000000e+00	
   5.2350000e+02	   0.0000000e+00	
   5.2400000e+02	   0.0000000e+00	
   5.2450000e+02	   0.0000000e+00	
   5.2500000e+02	   0.0000000e+00	
   5.2550000e+02	   0.0000000e+00	
   5.2600000e+02	   0.0000000e+00	
   5.2650000e+02	   0.0000000e+00	
   5.2700000e+02	   0.0000000e+00	
   5.2750000e+02	   0.0000000e+00	
   5.2800000e+02	   0.0000000e+00	
   5.2850000e+02	   0.0000000e+00	
   5.2900000e+02	   0.0000000e+00	
   5.2950000e+02	   0.0000000e+00	
   5.3000000e+02	   0.0000000e+00	
   5.3050000e+02	   0.0000000e+00	
   5.3100000e+02	   0.0000000e+00	
   5.3150000e+02	   0.0000000e+00	
   5.3200000e+02	   0.0000000e+00	
   5.3250000e+02	   0.0000000e+00	
   5.3300000e+02	   0.0000000e+00	
   5.3350000e+02	   0.0000000e+00	
   5.3400000e+02	   0.0000000e+00	
   5.3450000e+02	   0.0000000e+00	
   5.3500000e+02	   0.0000000e+00	
   5.3550000e+02	   0.0000000e+00	
   5.3600000e+02	   0.0000000e+00	
   5.3650000e+02	   0.0000000e+00	
   5.3700000e+02	   0.0000000e+00	
   5.3750000e+02	   0.0000000e+00	
   5.3800000e+02	   0.0000000e+00	
   5.3850000e+02	   0.0000000e+00	
   5.3900000e+02	   0.0000000e+00	
   5.3950000e+02	   0.0000000e+00	
   5.4000000e+02	   0.0000000e+00	
   5.4050000e+02	   0.0000000e+00	
   5.4100000e+02	   0.0000000e+00	
   5.4150000e+02	   0.0000000e+00	
   5.4200000e+02	   0.0000000e+00	
   5.4250000e+02	   0.0000000e+00	
   5.4300000e+02	   0.0000000e+00	
   5.4350000e+02	   0.0000000e+00	
   5.4400000e+02	   0.0000000e+00	
   5.4450000e+02	   0.0000000e+00	
   5.4500000e+02	   0.0000000e+00	
   5.4550000e+02	   0.0000000e+00	
   5.4600000e+02	   0.0000000e+00	
   5.4650000e+02	   0.0000000e+00	
   5.4700000e+02	   0.0000000e+00	
   5.4750000e+02	   0.0000000e+00	
   5.4800000e+02	   0.0000000e+00	
   5.4850000e+02	   0.0000000e+00	
   5.4900000e+02	   0.0000000e+00	
   5.4950000e+02	   0.0000000e+00	
   5.5000000e+02	   0.0000000e+00	
   5.5050000e+02	   0.0000000e+00	
   5.5100000e+02	   0.0000000e+00	
   5.5150000e+02	   0.0000000e+00	
   5.5200000e+02	   0.0000000e+00	
   5.5250000e+02	   0.0000000e+00	
   5.5300000e+02	   0.0000000e+00	
   5.5350000e+02	   0.0000000e+00	
   5.5400000e+02	   0.0000000e+00	
   5.5450000e+02	   0.0000000e+00	
   5.5500000e+02	   0.0000000e+00	
   5.5550000e+02	   0.0000000e+00	
   5.5600000e+02	   0.0000000e+00	
   5.5650000e+02	   0.0000000e+00	
   5.5700000e+02	   0.0000000e+00	
   5.5750000e+02	   0.0000000e+00	
   5.5800000e+02	   0.0000000e+00	
   5.5850000e+02	   0.0000000e+00	
   5.5900000e+02	   0.0000000e+00	
   5.5950000e+02	   0.0000000e+00	
   5.6000000e+02	   0.0000000e+00	
   5.6050000e+02	   0.0000000e+00	
   5.6100000e+02	   0.0000000e+00	
   5.6150000e+02	   0.0000000e+00	
   5.6200000e+02	   0.0000000e+00	
   5.6250000e+02	   0.0000000e+00	
   5.6300000e+02	   0.0000000e+00	
   5.6350000e+02	   0.0000000e+00	
   5.6400000e+02	   0.0000000e+00	
   5.6450000e+02	   0.0000000e+00	
   5.6500000e+02	   0.0000000e+00	
   5.6550000e+02	   0.0000000e+00	
   5.6600000e+02	   0.0000000e+00	
   5.6650000e+02	   0.0000000e+00	
   5.6700000e+02	   0.0000000e+00	
   5.6750000e+02	   0.0000000e+00	
   5.6800000e+02	   0.0000000e+00	
   5.6850000e+02	   0.0000000e+00	
   5.6900000e+02	   0.0000000e+00	
   5.6950000e+02	   0.0000000e+00	
   5.7000000e+02	   0.0000000e+00	
   5.7050000e+02	   0.0000000e+00	
   5.7100000e+02	   0.0000000e+00	
   5.7150000e+02	   0.0000000e+00	
   5.7200000e+02	   0.0000000e+00	
   5.7250000e+02	   0.0000000e+00	
   5.7300000e+02	   0.0000000e+00	
   5.7350000e+02	   0.0000000e+00	
   5.7400000e+02	   0.0000000e+00	
   5.7450000e+02	   0.0000000e+00	
   5.7500000e+02	   0.0000000e+00	
   5.7550000e+02	   0.0000000e+00	
   5.7600000e+02	   0.0000000e+00	
   5.7650000e+02	   0.0000000e+00	
   5.7700000e+02	   0.0000000e+00	
   5.7750000e+02	   0.0000000e+00	
   5.7800000e+02	   0.0000000e+00	
   5.7850000e+02	   0.0000000e+00	
   5.7900000e+02	   0.0000000e+00	
   5.7950000e+02	   0.0000000e+00	
   5.8000000e+02	   0.0000000e+00	
   5.8050000e+02	   0.0000000e+00	
   5.8100000e+02	   0.0000000e+00	
   5.8150000e+02	   0.0000000e+00	
   5.8200000e+02	   0.0000000e+00	
   5.8250000e+02	   0.0000000e+00	
   5.8300000e+02	   0.0000000e+00	
   5.8350000e+02	   0.0000000e+00	
   5.8400000e+02	   0.0000000e+00	
   5.8450000e+02	   0.0000000e+00	
   5.8500000e+02	   0.0000000e+00	
   5.8550000e+02	   0.0000000e+00	
   5.8600000e+02	   0.0000000e+00	
   5.8650000e+02	   0.0000000e+00	
   5.8700000e+02	   0.0000000e+00	
   5.8750000e+02	   0.0000000e+00	
   5.8800000e+02	   0.0000000e+00	
   5.8850000e+02	   0.0000000e+00	
   5.8900000e+02	   0.0000000e+00	
   5.8950000e+02	   0.0000000e+00	
   5.9000000e+02	   0.0000000e+00	
   5.9050000e+02	   0.0000000e+00	
   5.9100000e+02	   0.0000000e+00	
   5.9150000e+02	   0.0000000e+00	
   5.9200000e+02	   0.0000000e+00	
   5.9250000e+02	   0.0000000e+00	
   5.9300000e+02	   0.0000000e+00	
   5.9350000e+02	   0.0000000e+00	
   5.9400000e+02	   0.0000000e+00	
   5.9450000e+02	   0.0000000e+00	
   5.9500000e+02	   0.0000000e+00	
   5.9550000e+02	   0.0000000e+00	
   5.9600000e+02	   0.0000000e+00	
   5.9650000e+02	   0.0000000e+00	
   5.9700000e+02	   0.0000000e+00	
   5.9750000e+02	   0.0000000e+00	
   5.9800000e+02	   0.0000000e+00	
   5.9850000e+02	   0.0000000e+00	
   5.9900000e+02	   0.0000000e+00	
   5.9950000e+02	   0.0000000e+00	
   6.0000000e+02	   0.0000000e+00	
   6.0050000e+02	   0.0000000e+00	
   6.0100000e+02	   0.0000000e+00	
   6.0150000e+02	   0.0000000e+00	
   6.0200000e+02	   0.0000000e+00	
   6.0250000e+02	   0.0000000e+00	
   6.0300000e+02	   0.0000000e+00	
   6.0350000e+02	   0.0000000e+00	
   6.0400000e+02	   0.0000000e+00	
   6.0450000e+02	   0.0000000e+00	
   6.0500000e+02	   0.0000000e+00	
   6.0550000e+02	   0.0000000e+00	
   6.0600000e+02	   0.0000000e+00	
   6.0650000e+02	   0.0000000e+00	
   6.0700000e+02	   0.0000000e+00	
   6.0750000e+02	   0.0000000e+00	
   6.0800000e+02	   0.0000000e+00	
   6.0850000e+02	   0.0000000e+00	
   6.0900000e+02	   0.0000000e+00	
   6.0950000e+02	   0.0000000e+00	
   6.1000000e+02	   0.0000000e+00	
   6.1050000e+02	   0.0000000e+00	
   6.1100000e+02	   0.0000000e+00	
   6.1150000e+02	   0.0000000e+00	
   6.1200000e+02	   0.0000000e+00	
   6.1250000e+02	   0.0000000e+00	
   6.1300000e+02	   0.0000000e+00	
   6.1350000e+02	   0.0000000e+00	
   6.1400000e+02	   0.0000000e+00	
   6.1450000e+02	   0.0000000e+00	
   6.1500000e+02	   0.0000000e+00	
   6.1550000e+02	   0.0000000e+00	
   6.1600000e+02	   0.0000000e+00	
   6.1650000e+02	   0.0000000e+00	
   6.1700000e+02	   0.0000000e+00	
   6.1750000e+02	   0.0000000e+00	
   6.1800000e+02	   0.0000000e+00	
   6.1850000e+02	   0.0000000e+00	
   6.1900000e+02	   0.0000000e+00	
   6.1950000e+02	   0.0000000e+00	
   6.2000000e+02	   0.0000000e+00	
   6.2050000e+02	   0.0000000e+00	
   6.2100000e+02	   0.0000000e+00	
   6.2150000e+02	   0.0000000e+00	
   6.2200000e+02	   0.0000000e+00	
   6.2250000e+02	   0.0000000e+00	
   6.2300000e+02	   0.0000000e+00	
   6.2350000e+02	   0.0000000e+00	
   6.2400000e+02	   0.0000000e+00	
   6.2450000e+02	   0.0000000e+00	
   6.2500000e+02	   0.0000000e+00	
   6.2550000e+02	   0.0000000e+00	
   6.2600000e+02	   0.0000000e+00	
   6.2650000e+02	   0.0000000e+00	
   6.2700000e+02	   0.0000000e+00	
   6.2750000e+02	   0.0000000e+00	
   6.2800000e+02	   0.0000000e+00	
   6.2850000e+02	   0.0000000e+00	
   6.2900000e+02	   0.0000000e+00	
   6.2950000e+02	   0.0000000e+00	
   6.3000000e+02	   0.0000000e+00	
   6.3050000e+02	   0.0000000e+00	
   6.3100000e+02	   0.0000000e+00	
   6.3150000e+02	   0.0000000e+00	
   6.3200000e+02	   0.0000000e+00	
   6.3250000e+02	   0.0000000e+00	
   6.3300000e+02	   0.0000000e+00	
   6.3350000e+02	   0.0000000e+00	
   6.3400000e+02	   0.0000000e+00	
   6.3450000e+02	   0.0000000e+00	
   6.3500000e+02	   0.0000000e+00	
   6.3550000e+02	   0.0000000e+00	
   6.3600000e+02	   0.0000000e+00	
   6.3650000e+02	   0.0000000e+00	
   6.3700000e+02	   0.0000000e+00	
   6.3750000e+02	   0.0000000e+00	
   6.3800000e+02	   0.0000000e+00	
   6.3850000e+02	   0.0000000e+00	
   6.3900000e+02	   0.0000000e+00	
   6.3950000e+02	   0.0000000e+00	
   6.4000000e+02	   0.0000000e+00	
   6.4050000e+02	   0.0000000e+00	
   6.4100000e+02	   0.0000000e+00	
   6.4150000e+02	   0.0000000e+00	
   6.4200000e+02	   0.0000000e+00	
   6.4250000e+02	   0.0000000e+00	
   6.4300000e+02	   0.0000000e+00	
   6.4350000e+02	   0.0000000e+00	
   6.4400000e+02	   0.0000000e+00	
   6.4450000e+02	   0.0000000e+00	
   6.4500000e+02	   0.0000000e+00	
   6.4550000e+02	   0.0000000e+00	
   6.4600000e+02	   0.0000000e+00	
   6.4650000e+02	   0.0000000e+00	
   6.4700000e+02	   0.0000000e+00	
   6.4750000e+02	   0.0000000e+00	
   6.4800000e+02	   0.0000000e+00	
   6.4850000e+02	   0.0000000e+00	
   6.4900000e+02	   0.0000000e+00	
   6.4950000e+02	   0.0000000e+00	
   6.5000000e+02	   0.0000000e+00	
   6.5050000e+02	   0.0000000e+00	
   6.5100000e+02	   0.0000000e+00	
   6.5150000e+02	   0.0000000e+00	
   6.5200000e+02	   0.0000000e+00	
   6.5250000e+02	   0.0000000e+00	
   6.5300000e+02	   0.0000000e+00	
   6.5350000e+02	   0.0000000e+00	
   6.5400000e+02	   0.0000000e+00	
   6.5450000e+02	   0.0000000e+00	
   6.5500000e+02	   0.0000000e+00	
   6.5550000e+02	   0.0000000e+00	
   6.5600000e+02	   0.0000000e+00	
   6.5650000e+02	   0.0000000e+00	
   6.5700000e+02	   0.0000000e+00	
   6.5750000e+02	   0.0000000e+00	
   6.5800000e+02	   0.0000000e+00	
   6.5850000e+02	   0.0000000e+00	
   6.5900000e+02	   0.0000000e+00	
   6.5950000e+02	   0.0000000e+00	
   6.6000000e+02	   0.0000000e+00	
   6.6050000e+02	   0.0000000e+00	
   6.6100000e+02	   0.0000000e+00	
   6.6150000e+02	   0.0000000e+00	
   6.6200000e+02	   0.0000000e+00	
   6.6250000e+02	   0.0000000e+00	
   6.6300000e+02	   0.0000000e+00	
   6.6350000e+02	   0.0000000e+00	
   6.6400000e+02	   0.0000000e+00	
   6.6450000e+02	   0.0000000e+00	
   6.6500000e+02	   0.0000000e+00	
   6.6550000e+02	   0.0000000e+00	
   6.6600000e+02	   0.0000000e+00	
   6.6650000e+02	   0.0000000e+00	
   6.6700000e+02	   0.0000000e+00	
   6.6750000e+02	   0.0000000e+00	
   6.6800000e+02	   0.0000000e+00	
   6.6850000e+02	   0.0000000e+00	
   6.6900000e+02	   0.0000000e+00	
   6.6950000e+02	   0.0000000e+00	
   6.7000000e+02	   0.0000000e+00	
   6.7050000e+02	   0.0000000e+00	
   6.7100000e+02	   0.0000000e+00	
   6.7150000e+02	   0.0000000e+00	
   6.7200000e+02	   0.0000000e+00	
   6.7250000e+02	   0.0000000e+00	
   6.7300000e+02	   0.0000000e+00	
   6.7350000e+02	   0.0000000e+00	
   6.7400000e+02	   0.0000000e+00	
   6.7450000e+02	   0.0000000e+00	
   6.7500000e+02	   0.0000000e+00	
   6.7550000e+02	   0.0000000e+00	
   6.7600000e+02	   0.0000000e+00	
   6.7650000e+02	   0.0000000e+00	
   6.7700000e+02	   0.0000000e+00	
   6.7750000e+02	   0.0000000e+00	
   6.7800000e+02	   0.0000000e+00	
   6.7850000e+02	   0.0000000e+00	
   6.7900000e+02	   0.0000000e+00	
   6.7950000e+02	   0.0000000e+00	
   6.8000000e+02	   0.0000000e+00	
   6.8050000e+02	   0.0000000e+00	
   6.8100000e+02	   0.0000000e+00	
   6.8150000e+02	   0.0000000e+00	
   6.8200000e+02	   0.0000000e+00	
   6.8250000e+02	   0.0000000e+00	
   6.8300000e+02	   0.0000000e+00	
   6.8350000e+02	   0.0000000e+00	
   6.8400000e+02	   0.0000000e+00	
   6.8450000e+02	   0.0000000e+00	
   6.8500000e+02	   0.0000000e+00	
   6.8550000e+02	   0.0000000e+00	
   6.8600000e+02	   0.0000000e+00	
   6.8650000e+02	   0.0000000e+00	
   6.8700000e+02	   0.0000000e+00	
   6.8750000e+02	   0.0000000e+00	
   6.8800000e+02	   0.0000000e+00	
   6.8850000e+02	   0.0000000e+00	
   6.8900000e+02	   0.0000000e+00	
   6.8950000e+02	   0.0000000e+00	
   6.9000000e+02	   0.0000000e+00	
   6.9050000e+02	   0.0000000e+00	
   6.9100000e+02	   0.0000000e+00	
   6.9150000e+02	   0.0000000e+00	
   6.9200000e+02	   0.0000000e+00	
   6.9250000e+02	   0.0000000e+00	
   6.9300000e+02	   0.0000000e+00	
   6.9350000e+02	   0.0000000e+00	
   6.9400000e+02	   0.0000000e+00	
   6.9450000e+02	   0.0000000e+00	
   6.9500000e+02	   0.0000000e+00	
   6.9550000e+02	   0.0000000e+00	
   6.9600000e+02	   0.0000000e+00	
   6.9650000e+02	   0.0000000e+00	
   6.9700000e+02	   0.0000000e+00	
   6.9750000e+02	   0.0000000e+00	
   6.9800000e+02	   0.0000000e+00	
   6.9850000e+02	   0.0000000e+00	
   6.9900000e+02	   0.0000000e+00	
   6.9950000e+02	   0.0000000e+00	
   7.0000000e+02	   0.0000000e+00	
   7.0050000e+02	   0.0000000e+00	
   7.0100000e+02	   0.0000000e+00	
   7.0150000e+02	   0.0000000e+00	
   7.0200000e+02	   0.0000000e+00	
   7.0250000e+02	   0.0000000e+00	
   7.0300000e+02	   0.0000000e+00	
   7.0350000e+02	   0.0000000e+00	
   7.0400000e+02	   0.0000000e+00	
   7.0450000e+02	   0.0000000e+00	
   7.0500000e+02	   0.0000000e+00	
   7.0550000e+02	   0.0000000e+00	
   7.0600000e+02	   0.0000000e+00	
   7.0650000e+02	   0.0000000e+00	
   7.0700000e+02	   0.0000000e+00	
   7.0750000e+02	   0.0000000e+00	
   7.0800000e+02	   0.0000000e+00	
   7.0850000e+02	   0.0000000e+00	
   7.0900000e+02	   0.0000000e+00	
   7.0950000e+02	   0.0000000e+00	
   7.1000000e+02	   0.0000000e+00	
   7.1050000e+02	   0.0000000e+00	
   7.1100000e+02	   0.0000000e+00	
   7.1150000e+02	   0.0000000e+00	
   7.1200000e+02	   0.0000000e+00	
   7.1250000e+02	   0.0000000e+00	
   7.1300000e+02	   0.0000000e+00	
   7.1350000e+02	   0.0000000e+00	
   7.1400000e+02	   0.0000000e+00	
   7.1450000e+02	   0.0000000e+00	
   7.1500000e+02	   0.0000000e+00	
   7.1550000e+02	   0.0000000e+00	
   7.1600000e+02	   0.0000000e+00	
   7.1650000e+02	   0.0000000e+00	
   7.1700000e+02	   0.0000000e+00	
   7.1750000e+02	   0.0000000e+00	
   7.1800000e+02	   0.0000000e+00	
   7.1850000e+02	   0.0000000e+00	
   7.1900000e+02	   0.0000000e+00	
   7.1950000e+02	   0.0000000e+00	
   7.2000000e+02	   0.0000000e+00	
   7.2050000e+02	   0.0000000e+00	
   7.2100000e+02	   0.0000000e+00	
   7.2150000e+02	   0.0000000e+00	
   7.2200000e+02	   0.0000000e+00	
   7.2250000e+02	   0.0000000e+00	
   7.2300000e+02	   0.0000000e+00	
   7.2350000e+02	   0.0000000e+00	
   7.2400000e+02	   0.0000000e+00	
   7.2450000e+02	   0.0000000e+00	
   7.2500000e+02	   0.0000000e+00	
   7.2550000e+02	   0.0000000e+00	
   7.2600000e+02	   0.0000000e+00	
   7.2650000e+02	   0.0000000e+00	
   7.2700000e+02	   0.0000000e+00	
   7.2750000e+02	   0.0000000e+00	
   7.2800000e+02	   0.0000000e+00	
   7.2850000e+02	   0.0000000e+00	
   7.2900000e+02	   0.0000000e+00	
   7.2950000e+02	   0.0000000e+00	
   7.3000000e+02	   0.0000000e+00	
   7.3050000e+02	   0.0000000e+00	
   7.3100000e+02	   0.0000000e+00	
   7.3150000e+02	   0.0000000e+00	
   7.3200000e+02	   0.0000000e+00	
   7.3250000e+02	   0.0000000e+00	
   7.3300000e+02	   0.0000000e+00	
   7.3350000e+02	   0.0000000e+00	
   7.3400000e+02	   0.0000000e+00	
   7.3450000e+02	   0.0000000e+00	
   7.3500000e+02	   0.0000000e+00	
   7.3550000e+02	   0.0000000e+00	
   7.3600000e+02	   0.0000000e+00	
   7.3650000e+02	   0.0000000e+00	
   7.3700000e+02	   0.0000000e+00	
   7.3750000e+02	   0.0000000e+00	
   7.3800000e+02	   0.0000000e+00	
   7.3850000e+02	   0.0000000e+00	
   7.3900000e+02	   0.0000000e+00	
   7.3950000e+02	   0.0000000e+00	
   7.4000000e+02	   0.0000000e+00	
   7.4050000e+02	   0.0000000e+00	
   7.4100000e+02	   0.0000000e+00	
   7.4150000e+02	   0.0000000e+00	
   7.4200000e+02	   0.0000000e+00	
   7.4250000e+02	   0.0000000e+00	
   7.4300000e+02	   0.0000000e+00	
   7.4350000e+02	   0.0000000e+00	
   7.4400000e+02	   0.0000000e+00	
   7.4450000e+02	   0.0000000e+00	
   7.4500000e+02	   0.0000000e+00	
   7.4550000e+02	   0.0000000e+00	
   7.4600000e+02	   0.0000000e+00	
   7.4650000e+02	   0.0000000e+00	
   7.4700000e+02	   0.0000000e+00	
   7.4750000e+02	   0.0000000e+00	
   7.4800000e+02	   0.0000000e+00	
   7.4850000e+02	   0.0000000e+00	
   7.4900000e+02	   0.0000000e+00	
   7.4950000e+02	   0.0000000e+00	
   7.5000000e+02	   0.0000000e+00	
   7.5050000e+02	   0.0000000e+00	
   7.5100000e+02	   0.0000000e+00	
   7.5150000e+02	   0.0000000e+00	
   7.5200000e+02	   0.0000000e+00	
   7.5250000e+02	   0.0000000e+00	
   7.5300000e+02	   0.0000000e+00	
   7.5350000e+02	   0.0000000e+00	
   7.5400000e+02	   0.0000000e+00	
   7.5450000e+02	   0.0000000e+00	
   7.5500000e+02	   0.0000000e+00	
   7.5550000e+02	   0.0000000e+00	
   7.5600000e+02	   0.0000000e+00	
   7.5650000e+02	   0.0000000e+00	
   7.5700000e+02	   0.0000000e+00	
   7.5750000e+02	   0.0000000e+00	
   7.5800000e+02	   0.0000000e+00	
   7.5850000e+02	   0.0000000e+00	
   7.5900000e+02	   0.0000000e+00	
   7.5950000e+02	   0.0000000e+00	
   7.6000000e+02	   0.0000000e+00	
   7.6050000e+02	   0.0000000e+00	
   7.6100000e+02	   0.0000000e+00	
   7.6150000e+02	   0.0000000e+00	
   7.6200000e+02	   0.0000000e+00	
   7.6250000e+02	   0.0000000e+00	
   7.6300000e+02	   0.0000000e+00	
   7.6350000e+02	   0.0000000e+00	
   7.6400000e+02	   0.0000000e+00	
   7.6450000e+02	   0.0000000e+00	
   7.6500000e+02	   0.0000000e+00	
   7.6550000e+02	   0.0000000e+00	
   7.6600000e+02	   0.0000000e+00	
   7.6650000e+02	   0.0000000e+00	
   7.6700000e+02	   0.0000000e+00	
   7.6750000e+02	   0.0000000e+00	
   7.6800000e+02	   0.0000000e+00	
   7.6850000e+02	   0.0000000e+00	
   7.6900000e+02	   0.0000000e+00	
   7.6950000e+02	   0.0000000e+00	
   7.7000000e+02	   0.0000000e+00	
   7.7050000e+02	   0.0000000e+00	
   7.7100000e+02	   0.0000000e+00	
   7.7150000e+02	   0.0000000e+00	
   7.7200000e+02	   0.0000000e+00	
   7.7250000e+02	   0.0000000e+00	
   7.7300000e+02	   0.0000000e+00	
   7.7350000e+02	   0.0000000e+00	
   7.7400000e+02	   0.0000000e+00	
   7.7450000e+02	   0.0000000e+00	
   7.7500000e+02	   0.0000000e+00	
   7.7550000e+02	   0.0000000e+00	
   7.7600000e+02	   0.0000000e+00	
   7.7650000e+02	   0.0000000e+00	
   7.7700000e+02	   0.0000000e+00	
   7.7750000e+02	   0.0000000e+00	
   7.7800000e+02	   0.0000000e+00	
   7.7850000e+02	   0.0000000e+00	
   7.7900000e+02	   0.0000000e+00	
   7.7950000e+02	   0.0000000e+00	
   7.8000000e+02	   0.0000000e+00	
   7.8050000e+02	   0.0000000e+00	
   7.8100000e+02	   0.0000000e+00	
   7.8150000e+02	   0.0000000e+00	
   7.8200000e+02	   0.0000000e+00	
   7.8250000e+02	   0.0000000e+00	
   7.8300000e+02	   0.0000000e+00	
   7.8350000e+02	   0.0000000e+00	
   7.8400000e+02	   0.0000000e+00	
   7.8450000e+02	   0.0000000e+00	
   7.8500000e+02	   0.0000000e+00	
   7.8550000e+02	   0.0000000e+00	
   7.8600000e+02	   0.0000000e+00	
   7.8650000e+02	   0.0000000e+00	
   7.8700000e+02	   0.0000000e+00	
   7.8750000e+02	   0.0000000e+00	
   7.8800000e+02	   0.0000000e+00	
   7.8850000e+02	   0.0000000e+00	
   7.8900000e+02	   0.0000000e+00	
   7.8950000e+02	   0.0000000e+00	
   7.9000000e+02	   0.0000000e+00	
   7.9050000e+02	   0.0000000e+00	
   7.9100000e+02	   0.0000000e+00	
   7.9150000e+02	   0.0000000e+00	
   7.9200000e+02	   0.0000000e+00	
   7.9250000e+02	   0.0000000e+00	
   7.9300000e+02	   0.0000000e+00	
   7.9350000e+02	   0.0000000e+00	
   7.9400000e+02	   0.0000000e+00	
   7.9450000e+02	   0.0000000e+00	
   7.9500000e+02	   0.0000000e+00	
   7.9550000e+02	   0.0000000e+00	
   7.9600000e+02	   0.0000000e+00	
   7.9650000e+02	   0.0000000e+00	
   7.9700000e+02	   0.0000000e+00	
   7.9750000e+02	   0.0000000e+00	
   7.9800000e+02	   0.0000000e+00	
   7.9850000e+02	   0.0000000e+00	
   7.9900000e+02	   0.0000000e+00	
   7.9950000e+02	   0.0000000e+00	
   8.0000000e+02	   0.0000000e+00	
