   6.6667000e-02	
   2.3557300e-01	
   2.4513500e-01	
   2.5023200e-01	
   2.5457500e-01	
   2.5833100e-01	
   2.6158800e-01	
   2.6463300e-01	
   2.6750500e-01	
   2.7017900e-01	
   2.7303700e-01	
   2.7647500e-01	
   2.7995300e-01	
   2.8279400e-01	
   2.8507100e-01	
   2.8729300e-01	
   2.8945500e-01	
   2.9151400e-01	
   2.9351900e-01	
   2.9558600e-01	
   2.9767900e-01	
   3.0001500e-01	
   3.0236600e-01	
   3.0455700e-01	
   3.0663800e-01	
   3.0854900e-01	
   3.1041800e-01	
   3.1220500e-01	
   3.1400200e-01	
   3.1586200e-01	
   3.1773300e-01	
   3.1984800e-01	
   3.2210000e-01	
   3.2494900e-01	
   3.2719300e-01	
   3.2929400e-01	
   3.3132500e-01	
   3.3335200e-01	
   3.3541700e-01	
   3.3748900e-01	
   3.3962200e-01	
   3.4179700e-01	
   3.4408800e-01	
   3.4663500e-01	
   3.4935300e-01	
   3.5185500e-01	
   3.5439000e-01	
   3.5694700e-01	
   3.5943300e-01	
   3.6202700e-01	
   3.6474900e-01	
   3.6735200e-01	
   3.7011400e-01	
   3.7326100e-01	
   3.7746400e-01	
   3.8104700e-01	
   3.8395600e-01	
   3.8690500e-01	
   3.8977500e-01	
   3.9259400e-01	
   3.9551200e-01	
   3.9845800e-01	
   4.0142400e-01	
   4.0449300e-01	
   4.0804300e-01	
   4.1192600e-01	
   4.1511400e-01	
   4.1820900e-01	
   4.2122500e-01	
   4.2420900e-01	
   4.2724500e-01	
   4.3027400e-01	
   4.3329400e-01	
   4.3637400e-01	
   4.3970500e-01	
   4.4406600e-01	
   4.4818800e-01	
   4.5140900e-01	
   4.5450200e-01	
   4.5761900e-01	
   4.6069600e-01	
   4.6376600e-01	
   4.6687100e-01	
   4.6981800e-01	
   4.7271200e-01	
   4.7571300e-01	
   4.7893000e-01	
   4.8219100e-01	
   4.8531000e-01	
   4.8842600e-01	
   4.9149800e-01	
   4.9452100e-01	
   4.9761700e-01	
   5.0015900e-01	
   5.0278700e-01	
   5.0590200e-01	
   5.1052900e-01	
   5.1479500e-01	
   5.1806200e-01	
   5.2089500e-01	
   5.2398000e-01	
   5.2704500e-01	
   5.3009200e-01	
   5.3341900e-01	
   5.3649200e-01	
   5.3950700e-01	
   5.4290100e-01	
   5.4683400e-01	
   5.5048800e-01	
   5.5370600e-01	
   5.5682600e-01	
   5.5973700e-01	
   5.6261800e-01	
   5.6556200e-01	
   5.6871600e-01	
   5.7173900e-01	
   5.7492100e-01	
   5.7886200e-01	
   5.8316500e-01	
   5.8660100e-01	
   5.8974100e-01	
   5.9287400e-01	
   5.9605900e-01	
   5.9912900e-01	
   6.0206200e-01	
   6.0503000e-01	
   6.0815500e-01	
   6.1121800e-01	
   6.1472100e-01	
   6.1805200e-01	
   6.2120100e-01	
   6.2426000e-01	
   6.2728300e-01	
   6.3020000e-01	
   6.3318000e-01	
   6.3620100e-01	
   6.3920800e-01	
   6.4218200e-01	
   6.4586600e-01	
   6.5026400e-01	
   6.5388100e-01	
   6.5700500e-01	
   6.6001400e-01	
   6.6304800e-01	
   6.6604200e-01	
   6.6900000e-01	
   6.7192500e-01	
   6.7484600e-01	
   6.7796500e-01	
   6.8152700e-01	
   6.8527100e-01	
   6.8838100e-01	
   6.9125700e-01	
   6.9414300e-01	
   6.9692700e-01	
   6.9993400e-01	
   7.0301500e-01	
   7.0595700e-01	
   7.0873700e-01	
   7.1214300e-01	
   7.1630600e-01	
   7.2013100e-01	
   7.2334000e-01	
   7.2629800e-01	
   7.2922600e-01	
   7.3218900e-01	
   7.3508400e-01	
   7.3792100e-01	
   7.4071300e-01	
   7.4339800e-01	
   7.4621400e-01	
   7.4925300e-01	
   7.5182300e-01	
   7.5459600e-01	
   7.5748900e-01	
   7.6025500e-01	
   7.6308100e-01	
   7.6598100e-01	
   7.6893800e-01	
   7.7169900e-01	
   7.7494500e-01	
   7.7910500e-01	
   7.8293400e-01	
   7.8607100e-01	
   7.8898500e-01	
   7.9193200e-01	
   7.9471400e-01	
   7.9753000e-01	
   8.0039100e-01	
   8.0323300e-01	
   8.0609700e-01	
   8.0923700e-01	
   8.1265300e-01	
   8.1572100e-01	
   8.1855600e-01	
   8.2131300e-01	
   8.2404900e-01	
   8.2689500e-01	
   8.2978600e-01	
   8.3263100e-01	
   8.3541300e-01	
   8.3830000e-01	
   8.4210400e-01	
   8.4620600e-01	
   8.4959000e-01	
   8.5254400e-01	
   8.5529300e-01	
   8.5796900e-01	
   8.6081300e-01	
   8.6367000e-01	
   8.6639800e-01	
   8.6915000e-01	
   8.7208200e-01	
   8.7495200e-01	
   8.7693200e-01	
   8.7943700e-01	
   8.8326900e-01	
   8.8638800e-01	
   8.9070200e-01	
   8.9426500e-01	
   8.9825900e-01	
   9.0201200e-01	
   9.0526400e-01	
   9.0896200e-01	
   9.1259700e-01	
   9.1630700e-01	
   9.1956000e-01	
   9.2250500e-01	
   9.2539800e-01	
   9.2821000e-01	
   9.3127800e-01	
   9.3429800e-01	
   9.3690700e-01	
   9.3955200e-01	
   9.4229100e-01	
   9.4516400e-01	
   9.4785300e-01	
   9.5069500e-01	
   9.5364000e-01	
   9.5653400e-01	
   9.5930900e-01	
   9.6213000e-01	
   9.6499900e-01	
   9.6769900e-01	
   9.7031900e-01	
   9.7290800e-01	
   9.7556900e-01	
   9.7838400e-01	
   9.8130600e-01	
   9.8429100e-01	
   9.8696800e-01	
   9.8951200e-01	
   9.9193800e-01	
   9.9477000e-01	
   9.9746100e-01	
   1.0000000e+00	
