   7.0588000e-02	
   2.3989300e-01	
   2.4901000e-01	
   2.5494700e-01	
   2.5965100e-01	
   2.6383700e-01	
   2.6771800e-01	
   2.7123300e-01	
   2.7457400e-01	
   2.7767400e-01	
   2.8093600e-01	
   2.8458400e-01	
   2.8857700e-01	
   2.9174800e-01	
   2.9432700e-01	
   2.9691700e-01	
   2.9932100e-01	
   3.0158500e-01	
   3.0376200e-01	
   3.0592200e-01	
   3.0808400e-01	
   3.1020900e-01	
   3.1219000e-01	
   3.1433200e-01	
   3.1703100e-01	
   3.1936100e-01	
   3.2158200e-01	
   3.2367500e-01	
   3.2575800e-01	
   3.2778700e-01	
   3.2984500e-01	
   3.3202300e-01	
   3.3418300e-01	
   3.3631700e-01	
   3.3866000e-01	
   3.4116600e-01	
   3.4481000e-01	
   3.4790800e-01	
   3.5067600e-01	
   3.5328200e-01	
   3.5588000e-01	
   3.5851700e-01	
   3.6118600e-01	
   3.6389400e-01	
   3.6665300e-01	
   3.6943100e-01	
   3.7220300e-01	
   3.7529300e-01	
   3.7875200e-01	
   3.8216300e-01	
   3.8531200e-01	
   3.8833300e-01	
   3.9142000e-01	
   3.9437900e-01	
   3.9735700e-01	
   4.0042700e-01	
   4.0354800e-01	
   4.0659300e-01	
   4.0968400e-01	
   4.1316400e-01	
   4.1765800e-01	
   4.2188900e-01	
   4.2532500e-01	
   4.2850300e-01	
   4.3164300e-01	
   4.3472400e-01	
   4.3782700e-01	
   4.4091700e-01	
   4.4402300e-01	
   4.4721200e-01	
   4.5041300e-01	
   4.5382900e-01	
   4.5772200e-01	
   4.6151500e-01	
   4.6491600e-01	
   4.6813200e-01	
   4.7127800e-01	
   4.7436300e-01	
   4.7747100e-01	
   4.8058400e-01	
   4.8368000e-01	
   4.8676000e-01	
   4.8987900e-01	
   4.9328800e-01	
   4.9778100e-01	
   5.0128900e-01	
   5.0454000e-01	
   5.0778700e-01	
   5.1099700e-01	
   5.1408600e-01	
   5.1707200e-01	
   5.1996300e-01	
   5.2294400e-01	
   5.2602000e-01	
   5.2888600e-01	
   5.3202100e-01	
   5.3527500e-01	
   5.3849400e-01	
   5.4161800e-01	
   5.4484800e-01	
   5.4788100e-01	
   5.5090600e-01	
   5.5392100e-01	
   5.5690300e-01	
   5.5992700e-01	
   5.6278700e-01	
   5.6568200e-01	
   5.6885400e-01	
   5.7299300e-01	
   5.7741800e-01	
   5.8088200e-01	
   5.8397400e-01	
   5.8695500e-01	
   5.8991700e-01	
   5.9294000e-01	
   5.9616400e-01	
   5.9918400e-01	
   6.0203100e-01	
   6.0490100e-01	
   6.0796900e-01	
   6.1150900e-01	
   6.1543600e-01	
   6.1857600e-01	
   6.2154800e-01	
   6.2451300e-01	
   6.2757200e-01	
   6.3042000e-01	
   6.3333900e-01	
   6.3628900e-01	
   6.3923200e-01	
   6.4214900e-01	
   6.4528400e-01	
   6.4908800e-01	
   6.5330800e-01	
   6.5676200e-01	
   6.5978000e-01	
   6.6268300e-01	
   6.6575200e-01	
   6.6855100e-01	
   6.7128000e-01	
   6.7415500e-01	
   6.7710900e-01	
   6.7990900e-01	
   6.8263500e-01	
   6.8600000e-01	
   6.8918900e-01	
   6.9231500e-01	
   6.9527300e-01	
   6.9803000e-01	
   7.0090900e-01	
   7.0371300e-01	
   7.0647900e-01	
   7.0926700e-01	
   7.1203600e-01	
   7.1481300e-01	
   7.1761100e-01	
   7.2134300e-01	
   7.2574800e-01	
   7.2907700e-01	
   7.3200700e-01	
   7.3481800e-01	
   7.3756900e-01	
   7.4033300e-01	
   7.4312300e-01	
   7.4589900e-01	
   7.4861200e-01	
   7.5092500e-01	
   7.5325800e-01	
   7.5640700e-01	
   7.5983900e-01	
   7.6292400e-01	
   7.6578100e-01	
   7.6850900e-01	
   7.7126300e-01	
   7.7404400e-01	
   7.7683800e-01	
   7.7956600e-01	
   7.8231500e-01	
   7.8505600e-01	
   7.8775800e-01	
   7.9121800e-01	
   7.9510500e-01	
   7.9843600e-01	
   8.0134200e-01	
   8.0403100e-01	
   8.0675100e-01	
   8.0937000e-01	
   8.1192500e-01	
   8.1453000e-01	
   8.1709500e-01	
   8.1962900e-01	
   8.2206100e-01	
   8.2459200e-01	
   8.2727600e-01	
   8.3023800e-01	
   8.3299100e-01	
   8.3560200e-01	
   8.3820800e-01	
   8.4079200e-01	
   8.4337600e-01	
   8.4609000e-01	
   8.4882200e-01	
   8.5151400e-01	
   8.5401600e-01	
   8.5704200e-01	
   8.6078100e-01	
   8.6435100e-01	
   8.6726600e-01	
   8.6991000e-01	
   8.7252500e-01	
   8.7513200e-01	
   8.7774700e-01	
   8.8034400e-01	
   8.8292800e-01	
   8.8549000e-01	
   8.8807000e-01	
   8.9079400e-01	
   8.9414300e-01	
   8.9717000e-01	
   8.9987600e-01	
   9.0245800e-01	
   9.0506200e-01	
   9.0763700e-01	
   9.1018800e-01	
   9.1268100e-01	
   9.1519300e-01	
   9.1771700e-01	
   9.2019800e-01	
   9.2317100e-01	
   9.2679300e-01	
   9.3027300e-01	
   9.3321100e-01	
   9.3558300e-01	
   9.3791300e-01	
   9.4020300e-01	
   9.4265200e-01	
   9.4521100e-01	
   9.4763500e-01	
   9.5011200e-01	
   9.5266100e-01	
   9.5530600e-01	
   9.5763300e-01	
   9.5949200e-01	
   9.6174200e-01	
   9.6487900e-01	
   9.6799900e-01	
   9.7138200e-01	
   9.7495000e-01	
   9.7827000e-01	
   9.8143000e-01	
   9.8467900e-01	
   9.8760500e-01	
   9.9062000e-01	
   9.9401000e-01	
   9.9729300e-01	
   1.0000000e+00	
