   1.8823500e-01	
   2.4691800e-01	
   2.5562900e-01	
   2.6237900e-01	
   2.6767900e-01	
   2.7230200e-01	
   2.7633200e-01	
   2.8001800e-01	
   2.8373300e-01	
   2.8732500e-01	
   2.9075000e-01	
   2.9386100e-01	
   2.9711800e-01	
   3.0038800e-01	
   3.0361800e-01	
   3.0683100e-01	
   3.1006900e-01	
   3.1305200e-01	
   3.1857400e-01	
   3.2218600e-01	
   3.2509400e-01	
   3.2784000e-01	
   3.3049200e-01	
   3.3305100e-01	
   3.3555300e-01	
   3.3805900e-01	
   3.4059000e-01	
   3.4312400e-01	
   3.4563800e-01	
   3.4808200e-01	
   3.5105000e-01	
   3.5453500e-01	
   3.5797600e-01	
   3.6090800e-01	
   3.6361800e-01	
   3.6631100e-01	
   3.6900500e-01	
   3.7177900e-01	
   3.7460700e-01	
   3.7743700e-01	
   3.8023200e-01	
   3.8315000e-01	
   3.8598200e-01	
   3.8880000e-01	
   3.9181800e-01	
   3.9509100e-01	
   3.9835800e-01	
   4.0156600e-01	
   4.0471200e-01	
   4.0780100e-01	
   4.1080600e-01	
   4.1384200e-01	
   4.1688700e-01	
   4.1993100e-01	
   4.2304300e-01	
   4.2606300e-01	
   4.2912100e-01	
   4.3245500e-01	
   4.3663900e-01	
   4.4096500e-01	
   4.4458500e-01	
   4.4792100e-01	
   4.5103000e-01	
   4.5410800e-01	
   4.5719900e-01	
   4.6029300e-01	
   4.6339900e-01	
   4.6654900e-01	
   4.6958100e-01	
   4.7257100e-01	
   4.7568200e-01	
   4.7929000e-01	
   4.8394700e-01	
   4.8815700e-01	
   4.9161500e-01	
   4.9477200e-01	
   4.9792400e-01	
   5.0037200e-01	
   5.0298100e-01	
   5.0595300e-01	
   5.0908700e-01	
   5.1225400e-01	
   5.1531200e-01	
   5.1825500e-01	
   5.2115000e-01	
   5.2507200e-01	
   5.2942400e-01	
   5.3341100e-01	
   5.3651700e-01	
   5.3948400e-01	
   5.4243100e-01	
   5.4539900e-01	
   5.4828100e-01	
   5.5123400e-01	
   5.5423600e-01	
   5.5723900e-01	
   5.6001500e-01	
   5.6272200e-01	
   5.6555900e-01	
   5.6883900e-01	
   5.7212600e-01	
   5.7515300e-01	
   5.7808400e-01	
   5.8100500e-01	
   5.8405800e-01	
   5.8687600e-01	
   5.8972300e-01	
   5.9265000e-01	
   5.9575600e-01	
   5.9878100e-01	
   6.0159700e-01	
   6.0439800e-01	
   6.0802900e-01	
   6.1228800e-01	
   6.1595900e-01	
   6.1878000e-01	
   6.2171100e-01	
   6.2463600e-01	
   6.2747600e-01	
   6.3030600e-01	
   6.3315700e-01	
   6.3599700e-01	
   6.3876400e-01	
   6.4158300e-01	
   6.4439600e-01	
   6.4725400e-01	
   6.5139000e-01	
   6.5567800e-01	
   6.5910700e-01	
   6.6204500e-01	
   6.6493100e-01	
   6.6769200e-01	
   6.7028600e-01	
   6.7301300e-01	
   6.7583200e-01	
   6.7871800e-01	
   6.8142500e-01	
   6.8418600e-01	
   6.8704100e-01	
   6.9009700e-01	
   6.9415100e-01	
   6.9761100e-01	
   7.0066300e-01	
   7.0347800e-01	
   7.0614900e-01	
   7.0875200e-01	
   7.1138900e-01	
   7.1405200e-01	
   7.1674200e-01	
   7.1955900e-01	
   7.2237500e-01	
   7.2504200e-01	
   7.2774400e-01	
   7.3056300e-01	
   7.3354600e-01	
   7.3634300e-01	
   7.3908600e-01	
   7.4178200e-01	
   7.4440300e-01	
   7.4700700e-01	
   7.4952500e-01	
   7.5176700e-01	
   7.5421500e-01	
   7.5688800e-01	
   7.5929200e-01	
   7.6188300e-01	
   7.6480800e-01	
   7.6882600e-01	
   7.7248800e-01	
   7.7542100e-01	
   7.7811100e-01	
   7.8068600e-01	
   7.8336800e-01	
   7.8597100e-01	
   7.8854900e-01	
   7.9125300e-01	
   7.9380800e-01	
   7.9629600e-01	
   7.9887200e-01	
   8.0164200e-01	
   8.0483300e-01	
   8.0876600e-01	
   8.1205800e-01	
   8.1460300e-01	
   8.1714500e-01	
   8.1968300e-01	
   8.2212800e-01	
   8.2460200e-01	
   8.2711600e-01	
   8.2974900e-01	
   8.3238300e-01	
   8.3498800e-01	
   8.3750000e-01	
   8.4025100e-01	
   8.4360900e-01	
   8.4727600e-01	
   8.5022100e-01	
   8.5286300e-01	
   8.5537300e-01	
   8.5777400e-01	
   8.6033500e-01	
   8.6299800e-01	
   8.6547700e-01	
   8.6794600e-01	
   8.7040800e-01	
   8.7277300e-01	
   8.7511900e-01	
   8.7743400e-01	
   8.7986800e-01	
   8.8239400e-01	
   8.8490800e-01	
   8.8740300e-01	
   8.8987600e-01	
   8.9236300e-01	
   8.9482400e-01	
   8.9722200e-01	
   8.9970800e-01	
   9.0222700e-01	
   9.0464700e-01	
   9.0709300e-01	
   9.0956600e-01	
   9.1279200e-01	
   9.1615700e-01	
   9.1904800e-01	
   9.2155000e-01	
   9.2401000e-01	
   9.2641200e-01	
   9.2872600e-01	
   9.3123600e-01	
   9.3377800e-01	
   9.3610400e-01	
   9.3837300e-01	
   9.4058500e-01	
   9.4300200e-01	
   9.4566100e-01	
   9.4919500e-01	
   9.5271900e-01	
   9.5527800e-01	
   9.5777100e-01	
   9.6026000e-01	
   9.6263500e-01	
   9.6497300e-01	
   9.6725800e-01	
   9.6957600e-01	
   9.7194300e-01	
   9.7432000e-01	
   9.7671500e-01	
   9.7923500e-01	
   9.8221400e-01	
   9.8542100e-01	
   9.8834000e-01	
   9.9079300e-01	
   9.9318600e-01	
   9.9550400e-01	
   9.9776200e-01	
   1.0000000e+00	
