0.0000000e+00
3.7395923e-02
8.1497478e-02
1.2092103e-01
1.5120346e-01
1.7481605e-01
1.9407913e-01
2.1040743e-01
2.2470113e-01
2.3752058e-01
2.4921670e-01
2.6001907e-01
2.7009051e-01
2.7953698e-01
2.8846091e-01
2.9693426e-01
3.0500776e-01
3.1271991e-01
3.2010223e-01
3.2718451e-01
3.3399482e-01
3.4054546e-01
3.4685507e-01
3.5296181e-01
3.5884483e-01
3.6455916e-01
3.7008017e-01
3.7544725e-01
3.8066427e-01
3.8572484e-01
3.9065668e-01
3.9546548e-01
4.0015347e-01
4.0471906e-01
4.0918030e-01
4.1354230e-01
4.1780990e-01
4.2198766e-01
4.2607989e-01
4.3009067e-01
4.3402387e-01
4.3788314e-01
4.4167194e-01
4.4539354e-01
4.4905107e-01
4.5264745e-01
4.5618550e-01
4.5966786e-01
4.6309706e-01
4.6647210e-01
4.6979166e-01
4.7306426e-01
4.7629203e-01
4.7947696e-01
4.8262096e-01
4.8571653e-01
4.8876974e-01
4.9178686e-01
4.9476949e-01
4.9771387e-01
5.0061564e-01
5.0348716e-01
5.0632987e-01
5.0913467e-01
5.1190619e-01
5.1465283e-01
5.1737155e-01
5.2005333e-01
5.2271364e-01
5.2535138e-01
5.2795245e-01
5.3053499e-01
5.3309641e-01
5.3562468e-01
5.3813699e-01
5.4062637e-01
5.4308885e-01
5.4553759e-01
5.4795885e-01
5.5036173e-01
5.5275029e-01
5.5510957e-01
5.5745837e-01
5.5978412e-01
5.6209266e-01
5.6438821e-01
5.6665841e-01
5.6892078e-01
5.7115822e-01
5.7338508e-01
5.7559456e-01
5.7778756e-01
5.7996975e-01
5.8213047e-01
5.8428604e-01
5.8641596e-01
5.8854184e-01
5.9064606e-01
5.9274328e-01
5.9482272e-01
5.9689257e-01
5.9894780e-01
6.0099162e-01
6.0302347e-01
6.0504329e-01
6.0705358e-01
6.0905198e-01
6.1104269e-01
6.1302213e-01
6.1499515e-01
6.1695783e-01
6.1891494e-01
6.2086288e-01
6.2280579e-01
6.2474083e-01
6.2667119e-01
6.2859501e-01
6.3051440e-01
6.3242857e-01
6.3433852e-01
6.3624450e-01
6.3814650e-01
6.4004565e-01
6.4194116e-01
6.4383479e-01
6.4572522e-01
6.4761456e-01
6.4950132e-01
6.5138758e-01
6.5327204e-01
6.5515638e-01
6.5703993e-01
6.5892351e-01
6.6080752e-01
6.6269152e-01
6.6457731e-01
6.6646314e-01
6.6835184e-01
6.7024089e-01
6.7213369e-01
6.7402734e-01
6.7592547e-01
6.7782514e-01
6.7972989e-01
6.8163702e-01
6.8354974e-01
6.8546580e-01
6.8738791e-01
6.8931443e-01
6.9124747e-01
6.9318601e-01
6.9513163e-01
6.9708381e-01
6.9904380e-01
7.0101128e-01
7.0298722e-01
7.0497106e-01
7.0696398e-01
7.0896462e-01
7.1097525e-01
7.1299310e-01
7.1502219e-01
7.1705769e-01
7.1910604e-01
7.2115964e-01
7.2322809e-01
7.2530024e-01
7.2738968e-01
7.2948152e-01
7.3159224e-01
7.3370647e-01
7.3583725e-01
7.3797491e-01
7.4012626e-01
7.4228844e-01
7.4446093e-01
7.4664877e-01
7.4884297e-01
7.5105769e-01
7.5327765e-01
7.5551709e-01
7.5776594e-01
7.6002896e-01
7.6230813e-01
7.6459539e-01
7.6690639e-01
7.6922515e-01
7.7156302e-01
7.7391618e-01
7.7628047e-01
7.7866980e-01
7.8106915e-01
7.8348870e-01
7.8592729e-01
7.8837745e-01
7.9085568e-01
7.9334851e-01
7.9585748e-01
7.9839536e-01
8.0094807e-01
8.0352140e-01
8.0612285e-01
8.0874099e-01
8.1138149e-01
8.1405146e-01
8.1674006e-01
8.1945009e-01
8.2219372e-01
8.2495806e-01
8.2774390e-01
8.3056284e-01
8.3340856e-01
8.3627807e-01
8.3917282e-01
8.4210591e-01
8.4506524e-01
8.4805178e-01
8.5106649e-01
8.5412104e-01
8.5720666e-01
8.6032323e-01
8.6347185e-01
8.6665381e-01
8.6987958e-01
8.7314045e-01
8.7643763e-01
8.7977237e-01
8.8314595e-01
8.8655970e-01
8.9001749e-01
8.9352163e-01
8.9706956e-01
9.0066275e-01
9.0430270e-01
9.0799096e-01
9.1172911e-01
9.1551879e-01
9.1936168e-01
9.2325951e-01
9.2721405e-01
9.3122712e-01
9.3530059e-01
9.3943636e-01
9.4363640e-01
9.4790272e-01
9.5223738e-01
9.5664247e-01
9.6112513e-01
9.6568697e-01
9.7032702e-01
9.7504758e-01
9.7985101e-01
9.8474610e-01
9.8973833e-01
9.9482211e-01
1.0000000e+00
