321.5698853,0
321.6777954,0
321.7857361,0
321.8936768,0
322.0016174,0
322.1095581,0
322.2175293,0
322.32547,0
322.4334412,0.000466565440543123
322.5414124,0.00107175456626744
322.6494141,0.00110653413716081
322.7573853,0.00146424129230521
322.865387,0.000871945537844273
322.9733887,0.00158812733941851
323.0813904,0.00120900946800991
323.1893921,0.000782491960704556
323.2973938,0.000534293732658006
323.405426,0.000219953887367529
323.5134583,0
323.6214905,0
323.7295227,0
323.8375854,0
323.9456482,0
324.0537109,0
324.1617737,0
324.2698364,0
324.3778992,0
324.4859924,0
324.5940857,0
324.702179,0
324.8102722,0.000405624743118988
324.918396,0.000792315057901221
325.0265198,0.000928689617278813
325.1346436,0.000698060285017466
325.2427673,0.000360803241479968
325.3508911,5.86818643299273e-05
325.4590149,0
325.5671692,0
325.6753235,0
325.7834778,0
325.8916321,0
325.9998169,0
326.1080017,0
326.2161865,0
326.3243713,0
326.4325562,0
326.5407715,0
326.6489563,0
326.7571716,0
326.865387,0
326.9736328,0
327.0818481,0
327.190094,0
327.2983398,0
327.4065857,0.000536043757406335
327.5148315,0
327.6231079,0
327.7313538,0
327.8396301,0
327.9479065,0
328.0562134,0
328.1644897,0
328.2727966,0
328.3811035,0
328.4894104,0
328.5977173,0
328.7060242,0
328.8143616,0
328.922699,0
329.0310364,0
329.1393738,0
329.2477417,0
329.3561096,0
329.464447,0
329.5728149,0
329.6812134,0
329.7895813,0
329.8979797,0
330.0063782,0
330.1147766,0
330.223175,0
330.3315735,0
330.4400024,0
330.5484314,0
330.6568604,0
330.7652893,0
330.8737488,0
330.9821777,0
331.0906372,0
331.1990967,0
331.3075562,0
331.4160461,0
331.5245361,0
331.6329956,0
331.7414856,0
331.8500061,0
331.9584961,0
332.0670166,0
332.1755066,0
332.2840271,0
332.3925781,0
332.5010986,0
332.6096497,0
332.7181702,0
332.8267212,0
332.9353027,0
333.0438538,0
333.1524048,0
333.2609863,0
333.3695679,0
333.4781494,0.000348317554985754
333.5867615,0.000563287552214109
333.695343,0.000887864164817444
333.8039551,0.000857955035074333
333.9125671,0.000837467164522123
334.0211792,0.000501106488495438
334.1297913,9.29632306849294e-06
334.2384338,0
334.3470764,0
334.455719,0.000343626913395706
334.5643616,0.000208467804647536
334.6730042,0
334.7816772,0
334.8903198,0
334.9989929,0
335.107666,0
335.2163696,0
335.3250427,0
335.4337463,0
335.54245,0
335.6511536,0
335.7598572,0
335.8685608,0
335.9772949,0.00028369729616709
336.0860291,0.000361081602487631
336.1947632,0.000793396233417471
336.3034973,4.40616037181085e-05
336.412262,0
336.5209961,0
336.6297607,0
336.7385254,0
336.84729,0
336.9560852,0
337.0648499,0
337.173645,0
337.2824402,0
337.3912354,0
337.5000305,0
337.6088562,0
337.7176819,0
337.8265076,4.71094203260617e-05
337.9353333,0
338.0441589,0
338.1530151,0
338.2618408,0
338.370697,0
338.4795532,0
338.5884399,0
338.6972961,0
338.8061829,0
338.9150696,0
339.0239563,0
339.132843,0
339.2417603,0
339.350647,0
339.4595642,0
339.5684814,0
339.6773987,0
339.7863464,0
339.8952637,0.000117845737091311
340.0042114,0.000820941363949855
340.1131592,0.00131519621542476
340.2221069,0.00087646713214461
340.3310852,0.00055195742180648
340.440033,9.78512239506613e-05
340.5490112,0.000294239970565326
340.6579895,0
340.7669678,0
340.8759766,0
340.9849548,0
341.0939636,0
341.2029724,0
341.3119812,0
341.42099,0
341.5300293,0
341.6390381,0
341.7480774,0
341.8571167,0
341.9661865,0.000208436030729534
342.0752258,0.000593224228583572
342.1842957,0.000606719926346874
342.293335,0.000694168735968739
342.4024048,0.000656846515043436
342.5115051,0.000412059654304158
342.620575,0
342.7296753,0
342.8387451,0
342.9478455,0
343.0569763,0
343.1660767,0
343.2752075,0
343.3843079,0
343.4934387,0
343.6025696,0
343.711731,0
343.8208618,0
343.9300232,0
344.0391846,0
344.1483459,0.000243282526820261
344.2575073,9.45983356171414e-05
344.3666687,0.00018503067874734
344.4758606,0.000286119466966079
344.5850525,8.35518270502737e-05
344.6942444,0
344.8034363,0
344.9126587,0
345.0218506,0
345.131073,0
345.2402954,0
345.3495178,0
345.4587402,0
345.5679932,0
345.6772461,0
345.786499,0
345.895752,0
346.0050049,0
346.1142578,0
346.2235413,0
346.3328247,0
346.4421082,0
346.5513916,0
346.6607056,0
346.769989,0
346.879303,0
346.9886169,0
347.0979309,0
347.2072754,0
347.3165894,0
347.4259338,0
347.5352783,0
347.6446228,0
347.7539673,0
347.8633423,0
347.9727173,0
348.0820618,0
348.1914673,0
348.3008423,0.000288197914325053
348.4102173,0.000778406425212322
348.5196228,0.000953515686868867
348.6290283,0.000850826829527371
348.7384338,0.00158881676261985
348.8478394,0.00162266880112843
348.9572449,0.00092073086687919
349.0666809,2.56088275079462e-05
349.1761169,0
349.2855225,0
349.394989,0
349.504425,0
349.6138611,0
349.7233276,0
349.8327942,0
349.9422607,0
350.0517273,0
350.1612244,0
350.2706909,0
350.380188,0
350.4896851,0
350.5991821,0
350.7087097,0.00011057853453918
350.8182068,0
350.9277344,0
351.037262,0.000195910368615269
351.1467896,0.000614365980666488
351.2563171,0.000151244347880922
351.3658752,0
351.4754333,0
351.5849609,0
351.694519,0
351.8041077,0
351.9136658,0
352.0232544,0
352.132843,0
352.2424011,0
352.3520203,0
352.4616089,0
352.571228,0
352.6808167,0
352.7904358,0
352.9000549,0
353.0097046,0
353.1193237,0
353.2289734,0
353.3385925,0
353.4482422,0
353.5579224,0
353.667572,0
353.7772522,0
353.8869019,0
353.996582,0
354.1062622,0
354.2159729,0
354.3256531,0
354.4353638,0
354.5450745,0
354.6547852,0
354.7644958,0
354.8742371,0
354.9839478,0
355.093689,0
355.2034302,0
355.3131714,0.000240291710340579
355.4229126,0.000270102876277337
355.5326843,0
355.6424561,0
355.7521973,0
355.8619995,0
355.9717712,0
356.081543,0
356.1913452,0
356.3011475,0
356.4109497,0
356.520752,0
356.6305542,0
356.740387,0
356.8502197,0
356.960022,0.000310455062241075
357.0698853,0.000623703887581745
357.179718,0.00082008123885073
357.2895508,0.000896637676867861
357.3994141,0.000676485702219617
357.5092773,0.000635855867392195
357.6191406,0
357.7290039,0
357.8388672,0
357.948761,0
358.0586548,0
358.1685181,0
358.2784424,0
358.3883362,0
358.49823,0
358.6081543,0
358.7180786,0
358.8280029,0
358.9379272,0
359.0478516,0
359.1578064,0
359.2677612,0
359.3777161,0.000605424891439153
359.4876709,0.000316434535651432
359.5976257,0
359.7076111,0
359.8175659,0
359.9275513,0
360.0375366,0
360.147522,0
360.2575378,0
360.3675232,0
360.4775391,0
360.5875549,0
360.6975708,0
360.8075867,0
360.9176331,0
361.0276489,0
361.1376953,0
361.2477417,0
361.3577881,0
361.467865,0
361.5779114,0
361.6879883,7.41750240470256e-06
361.7980652,0
361.9081421,0
362.018219,0
362.1283264,0
362.2384033,0
362.3485107,0
362.4586182,0
362.5687256,0
362.6788635,0
362.7889709,0
362.8991089,0
363.0092468,0
363.1193848,0
363.2295227,0
363.3396912,0.000544784231689025
363.4498291,0.00116918760564919
363.5599976,0.000894172910858932
363.670166,0.000922356139285985
363.7803345,0.000478342795538298
363.8905334,0.000545403444573375
364.0007019,0.000151009386188662
364.1109009,0
364.2210999,0
364.3312988,0
364.4414978,0
364.5516968,0
364.6619263,0
364.7721558,0
364.8823853,0
364.9926147,0
365.1028442,0
365.2131042,0
365.3233337,0
365.4335938,0
365.5438538,0.000234585106984584
365.6541138,0.000692815713233893
365.7644043,0.000707381547050298
365.8746643,0.000818966371286001
365.9849548,0.000837953354155944
366.0952454,0.000450295347205134
366.2055359,0
366.3158264,0
366.4261475,0
366.536438,0
366.646759,0
366.7570801,0
366.8674011,0
366.9777527,0
367.0880737,0
367.1984253,0
367.3087769,0
367.4191284,0.000511155920379696
367.52948,0.00126988782363979
367.6398315,0.000657375299650376
367.7502136,0.000597389325216708
367.8605957,0.000713228594515136
367.9709778,0.000711330429238856
368.0813599,0
368.1917419,0
368.302124,0
368.4125366,0
368.5229492,0
368.6333618,0
368.7437744,0
368.854187,0
368.9646301,0
369.0750732,0
369.1855164,0
369.2959595,0
369.4064026,0
369.5168457,0
369.6273193,0
369.737793,0
369.8482666,3.47532877654602e-05
369.9587402,6.06748459489948e-05
370.0692139,0
370.1796875,0
370.2901917,0
370.4006958,0
370.5112,0
370.6217041,0
370.7322083,0
370.8427429,0
370.9532776,0
371.0638123,0
371.1743469,0
371.2848816,0
371.3954163,0
371.5059814,0
371.6165466,0
371.7270813,0.00057753500350692
371.837677,0.00121144721575164
371.9482422,0.00175278571018128
372.0588074,0.00112380110002237
372.1694031,0.000381107567667277
372.2799988,0.000305887289228736
372.3905945,0.000129902417843088
372.5011902,0
372.6117859,0
372.7224121,0
372.8330078,0
372.943634,0
373.0542603,0
373.164917,0
373.2755432,0
373.3861694,0
373.4968262,0
373.6074829,0
373.7181396,0
373.8287964,0
373.9394836,0
374.0501404,0.000528191620457805
374.1608276,0.000655347281456133
374.2715149,0.00107883084902057
374.3822021,0.00159118861903328
374.4929199,0.00125974459763416
374.6036072,0.00112276865377079
374.714325,0.000609496033208762
374.8250122,0.000359124587348437
374.93573,0.000199867831600799
375.0464783,0
375.157196,0
375.2679138,0
375.3786621,0
375.4894104,0
375.6001587,0
375.710907,0
375.8216858,0
375.9324341,0
376.0432129,0
376.1539917,0
376.2647705,0.000448346867341406
376.3755493,0.000283611669354271
376.4863586,0.000835430462175184
376.5971375,0.000685160377195479
376.7079468,0.000266556670508243
376.8187561,0.000172648676984968
376.9295654,0
377.0403748,0
377.1512146,0
377.2620239,0
377.3728638,0
377.4837036,0
377.5945435,0
377.7053833,0
377.8162537,0
377.927124,0
378.0379639,0
378.1488342,0
378.2597351,0
378.3706055,0
378.4814758,0
378.5923767,0.000581449102147593
378.7032776,0.000503888626237101
378.8141785,0.0010696335927318
378.9250793,0.000886549187995578
379.0360107,0.000404408040200644
379.1469116,0
379.257843,0
379.3687744,0
379.4797058,0
379.5906372,0
379.7015686,0
379.8125305,0
379.9234924,0
380.0344543,0
380.1454163,0.000428355766399048
380.2563782,0.00059702265006689
380.3673401,0.00102809722440466
380.4783325,0.000963906430346448
380.589325,0.000458393634478577
380.7003174,0.00023973822833446
380.8113098,0.000115323350670966
380.9223022,0
381.0333252,0
381.1443176,0
381.2553406,0
381.3663635,0
381.4773865,0
381.5884094,0
381.6994629,0
381.8105164,0
381.9215393,0
382.0325928,0
382.1436462,0
382.2547302,0
382.3657837,0
382.4768677,0
382.5879517,0
382.6990356,0
382.8101196,0
382.9212036,0
383.0323181,0
383.1434021,0
383.2545166,0
383.3656311,0
383.4767761,0
383.5878906,0
383.6990051,0
383.8101501,0
383.9212952,0
384.0324402,0
384.1435852,0
384.2547607,0
384.3659058,0
384.4770813,0
384.5882568,0.000457365857783556
384.6994324,0.000895160699919192
384.8106079,0.000561674979066888
384.9217834,0.000379075712736463
385.0329895,0.00022897738624261
385.1441956,0.000129508080871336
385.2553711,3.74461001359906e-05
385.3665771,0
385.4778137,0
385.5890198,0
385.7002563,0
385.8114624,0
385.922699,0
386.0339355,0
386.1451721,0
386.2564392,0
386.3676758,0
386.4789429,0
386.59021,0
386.7014771,0
386.8127441,0
386.9240417,5.27769322444921e-05
387.0353088,9.41519371554498e-06
387.1466064,0.000648386055527877
387.2579041,0.000625001725343171
387.3692017,0.00121599454159255
387.4804993,0.000926627952939866
387.5918274,0.000594570979382645
387.703125,0.000501454646188791
387.8144531,0
387.9257813,0
388.0371094,0
388.1484375,0
388.2597961,0
388.3711243,0
388.4824829,0
388.5938416,0
388.7052002,0
388.8165588,0
388.9279175,0
389.0393066,0
389.1506958,0.000238766538547041
389.262085,0.00130636669128832
389.3734741,0.00133491167838539
389.4848633,0.00180674584842418
389.5962524,0.0013950877909198
389.7076721,0.000671688825973426
389.8190918,0
389.930481,0
390.0419312,0
390.1533508,0
390.2647705,0
390.3762207,0
390.4876404,0
390.5990906,0
390.7105408,0
390.8220215,0
390.9334717,0
391.0449524,0
391.1564026,0
391.2678833,0.000381634835831372
391.379364,0.00082765928830673
391.4908447,0.000659705709967838
391.602356,0.000675188921409381
391.7138367,0.000212071056443545
391.8253479,0
391.9368591,0
392.0483704,0
392.1598816,0
392.2713928,0
392.3829346,0
392.4944763,0
392.6059875,0
392.7175293,0
392.8291016,0
392.9406433,0
393.0521851,0
393.1637573,0
393.2753296,0
393.3869019,0
393.4984741,0
393.6100464,0.000548492937003389
393.7216492,0.00111987468709218
393.833252,0.000770305151485863
393.9448242,0.00135785733063391
394.056427,0.00117684845556457
394.1680603,0.000961016909075439
394.2796631,0.00039929314897682
394.3912659,0
394.5028992,0
394.6145325,0
394.7261658,0
394.8377991,0
394.9494324,0
395.0610962,0
395.1727295,0
395.2843933,0
395.3960571,0
395.5077209,0
395.6193848,0.000945168308689693
395.7310791,0.00121920143463182
395.8427429,0.00172447648896876
395.9544373,0.00189759816804009
396.0661316,0.00201145130201684
396.1778259,0.0013894713858783
396.2895203,0.000578114401288393
396.4012451,0.000729651492145395
396.5129395,0.000868420469227313
396.6246643,0.00107169333886134
396.7363892,0.000786900382028905
396.848114,0.00118231701883374
396.9598389,0.0015878794431676
397.0715637,0.00140896631522036
397.1833191,0.000761505310609203
397.2950745,0.000790899716253167
397.4068298,0.00157153096027481
397.5185852,0.00171276860903486
397.6303406,0.00250398160754088
397.7420959,0.00338851982473326
397.8538818,0.00383449115985094
397.9656372,0.00370826128533489
398.0774231,0.00400785747317536
398.189209,0.00481787163578463
398.3009949,0.00463711061114157
398.4128113,0.00380526575603892
398.5245972,0.00347307488616348
398.6364136,0.00291255922480807
398.7481995,0.00236234511927438
398.8600159,0.00164102338381602
398.9718628,0.00146560644585262
399.0836792,0.00157031367188599
399.1954956,0.00193000372283229
399.3073425,0.0025319940427244
399.4191895,0.00273649490709227
399.5310364,0.00328717622523272
399.6428833,0.00412245202216871
399.7547302,0.00507861627235976
399.8665771,0.00570259884270581
399.9784546,0.00689057571120995
400.090332,0.00748524516012988
400.202179,0.00786222032406533
400.3140564,0.00736414010184161
400.4259644,0.00711283827474034
400.5378418,0.00681996410089628
400.6497498,0.00670836429720105
400.7616272,0.00648288358302862
400.8735352,0.0062145472503144
400.9854431,0.00683265860372537
401.0973511,0.00736743439018971
401.2092896,0.00796043702824674
401.3211975,0.00798568818640843
401.433136,0.00858065120516443
401.5450745,0.00962116631808639
401.6569824,0.0101668417364315
401.7689514,0.0112485518597651
401.8808899,0.0117979548694769
401.9928284,0.0128316097528469
402.1047974,0.0137422065483462
402.2167664,0.0143087672069608
402.3287354,0.015013074103199
402.4407043,0.0153334921217369
402.5526733,0.0160514751795417
402.6646423,0.0163061254231593
402.7766418,0.0166351190503188
402.8886414,0.016553881434882
403.0006104,0.0166940730946717
403.1126099,0.0167676994833539
403.2246399,0.0167002501501444
403.3366394,0.0172902186651217
403.4486694,0.0175958167486292
403.5606689,0.0185689187362761
403.672699,0.0192414675027666
403.784729,0.0201826725933175
403.896759,0.0213186466268816
404.0087891,0.0219767136464101
404.1208496,0.0227641621110854
404.2329102,0.023391459279733
404.3449402,0.0246234833229937
404.4570007,0.0250833129647513
404.5690613,0.026175869877932
404.6811523,0.0268739318973504
404.7932129,0.0277731253657154
404.905304,0.0278076869532585
405.0173645,0.0276568975505459
405.1294556,0.0276230678440264
405.2415466,0.0275006552530245
405.3536377,0.0268804669923992
405.4657593,0.026925596183465
405.5778503,0.0273435329351435
405.6899719,0.0272834268481348
405.8020935,0.0275811282706373
405.9142151,0.0273183137564801
406.0263367,0.0283092642862848
406.1384583,0.0289486633950892
406.2506104,0.0300879029513594
406.3627319,0.0313107805135505
406.474884,0.0325211275194482
406.5870361,0.0334507221421797
406.6991882,0.0338265123647014
406.8113403,0.0330422292554065
406.9235229,0.0324530747785529
407.035675,0.0318221461457005
407.1478577,0.0311468709318057
407.2600403,0.0302395543622324
407.3722229,0.0291561306977563
407.4844055,0.0286540997541262
407.5965881,0.0278019954890721
407.7088013,0.0270849825106493
407.8209839,0.0271509888529737
407.933197,0.0272462773948285
408.0454102,0.0274711966081461
408.1576233,0.0280851298854243
408.2698364,0.0291240478015644
408.3820801,0.0296318253471955
408.4942932,0.0294230523465843
408.6065369,0.0294722570527903
408.7187805,0.0295503627637918
408.8310242,0.0293552760348266
408.9432678,0.0289307108195054
409.055542,0.0284886065770103
409.1677856,0.0278950913283816
409.2800598,0.0272162170000102
409.392334,0.0265246198622055
409.5046082,0.0251921451509214
409.6168823,0.0237517381253345
409.7291565,0.0231233120731367
409.8414612,0.0221614007626964
409.9537354,0.0212344531852852
410.06604,0.0205182235510303
410.1783447,0.0204914795934275
410.2906494,0.0210053003887772
410.4029541,0.0209939079066565
410.5152893,0.0215368770938091
410.627594,0.0224080157616943
410.7399292,0.0227943952746081
410.8522644,0.0227238840629151
410.9645996,0.0221888174178187
411.0769348,0.0219622984322925
411.18927,0.02109938101207
411.3016052,0.0199687446343154
411.4139709,0.0186779231405422
411.5263367,0.0182774280037276
411.6387024,0.017711867936888
411.7510681,0.0165210813622678
411.8634338,0.0157309544202248
411.9757996,0.0156453179877433
412.0881958,0.0161598149737202
412.200592,0.0160172133657516
412.3129883,0.015572242989047
412.4253845,0.0157524630976983
412.5377808,0.0170071204786774
412.650177,0.0170166398854871
412.7626038,0.0171367320367241
412.875,0.0173422139656064
412.9874268,0.0176762807611292
413.0998535,0.0177904426972393
413.2122803,0.0168841465709489
413.324707,0.0172078358116814
413.4371643,0.0177153225886723
413.5495911,0.01714903284719
413.6620483,0.0164641016657156
413.7745056,0.0156696225915169
413.8869629,0.0150151682878758
413.9994202,0.0140576743572878
414.1118774,0.012575474795444
414.2243347,0.0126024529116361
414.3368225,0.0128625924415332
414.4493103,0.0131506051800503
414.5617981,0.013489680448427
414.6742859,0.0138867530976757
414.7867737,0.0149149640915471
414.8992615,0.015732763350635
415.0117798,0.0163807768494489
415.1242981,0.0169689285301201
415.2367859,0.0175883169066146
415.3493042,0.0176290531597132
415.461853,0.0173545531903878
415.5743713,0.0160099954690242
415.6868896,0.0154781222998107
415.7994385,0.0146780649805404
415.9119873,0.0135540559594883
416.0245361,0.0127632662454823
416.137085,0.0118049591954382
416.2496338,0.0112952797176781
416.3621826,0.0107661182908731
416.474762,0.0107211679358619
416.5873108,0.0105007251021672
416.6998901,0.0107274734656592
416.8124695,0.0109772244118217
416.9250488,0.0116445101467261
417.0376282,0.0122143716186953
417.150238,0.0126216810353043
417.2628174,0.0138441897154713
417.3754272,0.0141371982446911
417.4880371,0.0143114653481557
417.600647,0.0146658727930886
417.7132568,0.014076488569618
417.8258667,0.0133735915815762
417.9385071,0.0124899846649633
418.0511475,0.0116703404496854
418.1637573,0.0111542047287469
418.2763977,0.0101652166011045
418.3890381,0.00963928191778868
418.501709,0.00969224656449749
418.6143494,0.00920220875546064
418.7269897,0.00898959274055256
418.8396606,0.00821282914025721
418.9523315,0.00847822526968601
419.0650024,0.00905782284506885
419.1776733,0.00911721304080309
419.2903442,0.00952339063432304
419.4030457,0.00996853690379367
419.5157166,0.0104891381609204
419.628418,0.0106690311114343
419.7411194,0.010479907131847
419.8538208,0.0101692456192337
419.9665222,0.00956634384930284
420.0792236,0.00897211087285389
420.1919556,0.00911250691436598
420.3046875,0.00783567789883538
420.4173889,0.00660999007814357
420.5301208,0.00591136324987777
420.6428528,0.00549700879602716
420.7556152,0.00471050578373354
420.8683472,0.00400733990041741
420.9810791,0.00391397737083304
421.0938416,0.00383727844416359
421.206604,0.00396972976108959
421.3193665,0.00421859379441905
421.4321289,0.00476866251642209
421.5448914,0.0049396638195081
421.6576843,0.0055837302741513
421.7704468,0.00571976076523825
421.8832397,0.00599706649169208
421.9960327,0.00557860793881927
422.1088257,0.00506961953844237
422.2216187,0.00467865093102196
422.3344116,0.00384713488888176
422.4472351,0.00354503775010894
422.5600281,0.00264114311769032
422.6728516,0.00229884423067554
422.785675,0.00265009100730732
422.8984985,0.00220469867923643
423.011322,0.00234415423075037
423.124176,0.00258080487326791
423.2369995,0.00292949071204857
423.3498535,0.0031590879313008
423.4627075,0.00291765932057032
423.5755615,0.00319223772669811
423.6884155,0.00340640361131991
423.8012695,0.00343625080145768
423.9141235,0.00396363876887952
424.0270081,0.00422057287646588
424.1398621,0.0048138645356225
424.2527466,0.00506067651963821
424.3656311,0.00506186531965297
424.4785156,0.00516612132357863
424.5914307,0.00397407003927636
424.7043152,0.00297434723836252
424.8172302,0.00189053373998616
424.9301147,0.000713146161479357
425.0430298,7.81207816291773e-05
425.1559448,0
425.2688599,0
425.3818054,0
425.4947205,0
425.607666,0.000408946497969051
425.7205811,0.000655478420883631
425.8335266,0.00110391868024888
425.9464722,0.00145600164207578
426.0594482,0.00266767750166829
426.1723938,0.00243790213689162
426.2853394,0.00280665159619602
426.3983154,0.00312343672506504
426.5112915,0.00340241953192059
426.6242676,0.00288680395697616
426.7372437,0.0019715175759894
426.8502197,0.00204195228152253
426.9631958,0.00122814050196957
427.0762024,0
427.189209,0
427.3021851,0
427.4151917,0
427.5281982,0
427.6412354,0
427.7542419,0.000164182244128417
427.8672485,0.000794306488714738
427.9802856,0.000947361468524182
428.0933228,0.00137212493052626
428.2063599,0.00216862407349455
428.319397,0.00272275875663347
428.4324341,0.00227676049536006
428.5455017,0.00235140355871597
428.6585388,0.00209771011678381
428.7716064,0.00225780041565449
428.8846741,0.00189504991208367
428.9977417,0.00136614589355759
429.1108093,0.00119120480622174
429.223877,0.000502533259856021
429.3369751,0
429.4500427,0
429.5631409,0
429.676239,0
429.7893372,0
429.9024353,0
430.0155334,0.000282839491714948
430.1286316,0.000612979231023134
430.2417603,0.000428173014452499
430.3548889,0.000559159651768901
430.4680176,0.000505845239037405
430.5811462,0.000527857523153836
430.6942749,0.000248294032321064
430.8074036,0.000676257518026308
430.9205627,0.000945368624677617
431.0336914,0.00119198509439221
431.1468506,0.000995895753313551
431.2600098,0.000404563096361201
431.3731689,0.00030156386295713
431.4863281,0
431.5994873,0
431.712677,0
431.8258362,0
431.9390259,0
432.0522156,0
432.1654053,0
432.278595,0
432.3917847,0
432.5050049,0.00051727092105341
432.6181946,0.000794287442693871
432.7314148,0.00143351865321206
432.844635,0.00198093417123047
432.9578552,0.001580567692849
433.0710754,0.00125698129912929
433.1842957,0.00144077601086489
433.2975464,0.000462149173354066
433.4107971,0
433.5240173,0
433.6372681,0
433.7505188,0
433.8637695,0
433.9770508,0
434.0903015,0
434.2035828,0
434.3168335,0
434.4301147,0
434.543396,0
434.6567078,0
434.769989,0
434.8832703,0
434.996582,0
435.1098938,0
435.223175,0
435.3364868,0.000120566095809929
435.4498291,0.000338026889311634
435.5631409,4.7363749525467e-05
435.6764526,0
435.7897949,0
435.9031372,0
436.0164795,0
436.1298218,0
436.2431641,0
436.3565063,0
436.4698486,0
436.5832214,0
436.6965942,0
436.809967,0.000382540077124045
436.9233398,0.000602029003478782
437.0367126,0.000612450538505954
437.1500854,0.000868389016754145
437.2634583,0.000770046985380165
437.3768616,0.000585324603291896
437.4902649,0.000297038741932529
437.6036682,0.000125097638030591
437.7170715,0
437.8304749,0
437.9438782,0
438.0572815,0
438.1707153,0
438.2841492,0
438.3975525,0
438.5109863,0
438.6244202,0
438.7378845,0
438.8513184,0
438.9647827,0
439.0782166,0.000398558580423366
439.1916809,0.00031999767349974
439.3051453,0.000640722563575937
439.4186096,0.000545874952936695
439.532074,0.000471820959540227
439.6455688,0.000446134202223913
439.7590332,0.000511029858430701
439.8725281,0.000389620156563391
439.9860229,0.000137210652844102
440.0995178,0.000292307343434658
440.2130127,0
440.3265076,0
440.4400024,0
440.5535278,0
440.6670227,0
440.7805481,0
440.8940735,0
441.0075989,0
441.1211243,0
441.2346497,0
441.3482056,0
441.4617615,0
441.5752869,0
441.6888428,0
441.8023987,0
441.9159546,0
442.029541,0
442.1430969,0
442.2566833,0
442.3702393,0
442.4838257,0
442.5974121,0
442.7109985,0
442.824585,0
442.9382019,0
443.0517883,0
443.1654053,0
443.2790222,0
443.3926392,0
443.5062561,5.05848065316639e-05
443.619873,0.000103633425572308
443.73349,0.00032531266279881
443.8471375,0.000438573257706415
443.9607849,0
444.0744019,0.000134144169300337
444.1880493,0.000266302846760709
444.3016968,0.000302181662599241
444.4153442,0
444.5290222,0.00015548496222115
444.6426697,0
444.7563477,0
444.8700256,0
444.9836731,0
445.0973511,0
445.2110596,0
445.3247375,0
445.4384155,0
445.552124,0
445.665802,0
445.7795105,8.20519617433527e-05
445.893219,0.000559257512143748
446.0069275,0.000265840412863212
446.1206665,0.000114227735540158
446.234375,0.000266130266816347
446.3480835,0
446.4618225,0
446.5755615,0
446.6893005,0
446.8030396,0
446.9167786,0
447.0305176,0
447.1442871,0
447.2580261,0
447.3717957,0
447.4855652,0
447.5993347,0
447.7131042,0
447.8268738,0
447.9406738,0
448.0544434,0
448.1682434,0
448.2820435,0
448.3958435,0.000350400023010186
448.5096436,0.000501180788463797
448.6234436,0
448.7372437,0
448.8510742,0
448.9649048,0
449.0787048,0
449.1925354,0
449.306366,0
449.4201965,0
449.5340576,0
449.6478882,0
449.7617493,0
449.8755798,0
449.9894409,0
450.103302,0
450.2171631,0.000308078645427734
450.3310242,0
450.4449158,0.000262725453038654
450.5587769,0.000432357260360393
450.6726685,0.000260072042210751
450.7865601,0
450.9004517,0
451.0143433,7.17128769806756e-05
451.1282349,0
451.2421265,0
451.3560486,0
451.4699402,0
451.5838623,0
451.6977844,0
451.8117065,0
451.9256287,0
452.0395508,0
452.1534729,0
452.2674255,0
452.3813782,0
452.4953003,0
452.6092529,0
452.7232056,0
452.8371582,0.000293083737186897
452.9511414,0.000627410605795505
453.065094,0.00102492510334853
453.1790771,0.00067524479557884
453.2930298,0.000470006444914128
453.4070129,0
453.5209961,0
453.6349792,0
453.7489929,0
453.8629761,0
453.9769592,0
454.0909729,0
454.2049866,0
454.3190002,0
454.4330139,0.000650449408586972
454.5470276,0.000464490737864508
454.6610413,0.000125209570622049
454.7750854,0.000433421802093222
454.8890991,0.000658572852938731
455.0031433,0.000806125312899861
455.1171875,0.000839401055388055
455.2312317,0.000771574018122603
455.3452759,0.000661740918693173
455.4593201,0.000595066289676959
455.5733643,0.000219693860071769
455.687439,0
455.8014832,0
455.9155579,0
456.0296326,0
456.1437073,0
456.257782,0
456.3718567,0
456.4859619,0
456.6000366,0
456.7141418,0
456.8282471,0
456.9423523,0
457.0564575,0
457.1705627,0
457.284668,0
457.3987732,0
457.5129089,0
457.6270447,5.90570174727854e-05
457.7411804,0.00012492330653159
457.8553162,0.000194886158756043
457.9694519,0.000163795052497602
458.0835876,0
458.1977234,0
458.3118896,0
458.4260254,0
458.5401917,0
458.6543579,0
458.7685242,0.00013783441423601
458.8826904,0.000382355412290628
458.9968567,0.000324659091286332
459.1110535,0.000429922740360544
459.2252197,0.000609069865128746
459.3394165,0
459.4536133,0
459.5677795,0
459.6820068,0
459.7962036,0
459.9104004,0
460.0245972,0
460.1388245,0
460.2530518,0
460.3672485,0
460.4814758,0
460.5957031,0
460.7099609,0
460.8241882,0
460.9384155,0
461.0526733,0.000605689375786994
461.1669312,0.00221011456172894
461.281189,0.00191807096727392
461.3954163,0.00161540141511908
461.5097046,0.00146712562129486
461.6239624,0.00165209688771003
461.7382202,0.00144964347777883
461.8525085,0.000837254097789772
461.9667664,0.000129860052586193
462.0810547,0.000206287763551419
462.195343,0
462.3096313,0
462.4239197,0
462.538208,0
462.6525269,0
462.7668152,0
462.881134,0
462.9954224,0
463.1097412,0
463.2240601,0
463.3384094,9.06501428851252e-05
463.4527283,0
463.5670471,0
463.6813965,0.000176337899852372
463.7957153,0.000221709609761068
463.9100647,0.000258930926066327
464.0244141,8.96330092250147e-05
464.1387634,0.000577146272512949
464.2531128,7.4723290890946e-05
464.3674622,0
464.481842,0
464.5961914,0
464.7105713,0
464.8249512,0
464.9393311,0
465.0537109,0
465.1680908,0
465.2824707,0
465.3968811,0.000438963562363097
465.511261,0.000340280380469496
465.6256714,3.84182030139656e-06
465.7400818,0
465.8544922,0
465.9689026,0
466.083313,0
466.1977234,0
466.3121643,0
466.4265747,0
466.5410156,0
466.6554565,0
466.7698975,0
466.8843384,0
466.9987793,0
467.1132202,0
467.2276917,0
467.3421326,0
467.456604,0
467.5710754,0
467.6855469,0
467.8000183,0.000232987932603995
467.9144897,0
468.0289612,0
468.1434631,0
468.2579346,0.000256986489812642
468.3724365,0.000797200650810019
468.4869385,0.000560186664262774
468.6014404,0.00100494236483991
468.7159424,5.5982871963399e-05
468.8304443,0
468.9449463,0
469.0594788,0
469.1739807,0
469.2885132,0
469.4030457,0
469.5175781,0
469.6321106,0
469.7466431,0
469.8611755,0
469.9757385,0
470.090271,0
470.204834,6.92530734145208e-05
470.319397,0.000227441462239749
470.43396,0.000966659344201768
470.5485229,0.00132005411245087
470.6630859,0.0011729967560209
470.7776489,0.000139125359977842
470.8922424,0
471.0068054,0
471.1213989,0
471.2359924,0
471.3505859,0
471.4651794,0
471.5797729,0
471.6943665,0
471.80896,0
471.923584,0
472.038208,0
472.1528015,0
472.2674255,0
472.3820496,0
472.4966736,0.000720523504110143
472.6113281,0.00142039813137181
472.7259521,0.00104442300785297
472.8406067,0.000599800008842733
472.9552307,0.000268343385850929
473.0698853,0
473.1845398,0
473.2991943,0
473.4138489,0
473.5285034,0
473.6431885,0
473.757843,0
473.8725281,0
473.9871826,0
474.1018677,0
474.2165527,0
474.3312378,0
474.4459534,0
474.5606384,0
474.6753235,0
474.7900391,0
474.9047546,0
475.0194702,0
475.1341858,0.000364947017528617
475.2489014,0.00072920414106986
475.3636169,0.000816671537240671
475.4783325,0.000466048648719689
475.5930786,0
475.7077942,0
475.8225403,0
475.9372864,0
476.0520325,0
476.1667786,0
476.2815247,0
476.3962708,0
476.5110168,0
476.6257935,0
476.7405701,0
476.8553162,1.95190756174755e-05
476.9700928,0.000154611925503222
477.0848694,0.000315965347553616
477.199646,0.000221811364423899
477.3144531,0.000464458205725084
477.4292297,0.000313604380893085
477.5440063,0
477.6588135,0
477.7736206,0
477.8884277,0
478.0032349,0
478.118042,0
478.2328491,0
478.3476563,0
478.4624939,0
478.577301,0
478.6921387,0
478.8069763,0
478.921814,0
479.0366516,0
479.1514893,0
479.2663269,0
479.3811951,0
479.4960327,0
479.6109009,0
479.7257385,0
479.8406067,0
479.9554749,0
480.070343,0
480.1852417,0
480.3001099,0
480.414978,0
480.5298767,0
480.6447754,0
480.7596741,0
480.8745728,0
480.9894714,0
481.1043701,6.32919798604126e-05
481.2192688,0
481.334198,0
481.4490967,0
481.5640259,0
481.6789246,3.22807565508328e-05
481.7938538,0
481.908783,0.000626667755111696
482.0237427,0.000802490149829757
482.1386719,0.000745266463189038
482.2536011,0.000250776626843028
482.3685608,0
482.48349,0.000386517200937105
482.5984497,0
482.7134094,0
482.8283691,0
482.9433289,0
483.0582886,0
483.1732483,0
483.2882385,0
483.4031982,0
483.5181885,0
483.6331787,0
483.7481689,0
483.8631592,0
483.9781494,0
484.0931396,0
484.2081299,0
484.3231506,0
484.4381409,0.000335391881476784
484.5531616,0.000841497607010314
484.6681824,0.000729115654303066
484.7832031,0.000173785186848599
484.8982239,0.00108855863597667
485.0132446,0.000450730716880351
485.1282654,0
485.2433167,2.67615572205693e-05
485.3583374,0.000644961133305591
485.4733887,0.000579479531714195
485.5884399,6.85202283327003e-05
485.7034607,0.000715916720023421
485.818512,0.000787362172191875
485.9335938,0
486.048645,4.53092190219093e-05
486.1636963,8.37696957812463e-05
486.2787781,0.000377418942390844
486.3938293,0.000210992718556169
486.5089111,0.000655895548761854
486.6239929,0.00101895947249244
486.7390442,0.0012510199873724
486.854126,0.00165079629305788
486.9692383,0.00170453876936374
487.0843201,0.00187992905689009
487.1994019,0.00166888239396034
487.3145142,0.00216206598375291
487.4295959,0.00171800204978653
487.5447083,0.00177654347023851
487.6598206,0.00122538372819489
487.7749329,0.001167923678439
487.8900452,0.00113125044541782
488.0051575,0.00100263001282473
488.1202698,0.00125462856915714
488.2354126,0.00102484526669025
488.3505249,0.00133617791455546
488.4656677,0.00112474794269247
488.5808105,0.00117743193103796
488.6959229,0.000859518724145124
488.8110657,0.000951002708646233
488.926239,0.00153737384153888
489.0413818,0.00220958713258587
489.1565247,0.00257338955330549
489.2716675,0.0024137731065312
489.3868408,0.00293729451005267
489.5020142,0.00274811350735949
489.617157,0.00249337669486674
489.7323303,0.00204230861839627
489.8475037,0.00147464582039034
489.962677,0.00160155707702153
490.0778809,0.000845343103071282
490.1930542,0.000234187231913274
490.3082581,0
490.4234314,0
490.5386353,0
490.6538391,0
490.7690125,0.000466380954100931
490.8842163,0.00128979870892427
490.9994507,0.0022128533231663
491.1146545,0.00254157603220673
491.2298584,0.00343491069008903
491.3450928,0.00334233292855793
491.4602966,0.00323719883357324
491.575531,0.00260851215864808
491.6907654,0.00253563478872764
491.8059998,0.00192573815797284
491.9212341,0.00171836854134098
492.0364685,0.00184293528144049
492.1517029,0.00190714096294149
492.2669678,0.00260675432253372
492.3822021,0.00225977499461205
492.497467,0.00203843256573962
492.6127014,0.00214763248377391
492.7279663,0.00197510396407262
492.8432312,0.0020111647850846
492.9584961,0.00208509122341608
493.073761,0.00256623090625778
493.1890564,0.00333443488846608
493.3043213,0.00353382766207872
493.4196167,0.00391819436709103
493.5348816,0.00388259418789398
493.650177,0.00396418588720942
493.7654724,0.00433631868502749
493.8807678,0.00418861633840696
493.9960632,0.00391956558606249
494.1113586,0.0037913694492043
494.2266541,0.00366568044351325
494.34198,0.00391262085567348
494.4572754,0.00338173761734978
494.5726013,0.00320205065736118
494.6878967,0.00384544560904863
494.8032227,0.00374378996752781
494.9185486,0.00330514736094025
495.0338745,0.00297326150250557
495.1492004,0.00321003669068713
495.2645569,0.00340268760037439
495.3798828,0.00318376366654138
495.4952393,0.00345355741884574
495.6105652,0.00490647349711654
495.7259216,0.00563813970467643
495.8412781,0.00554825287156652
495.9566345,0.00568333533681851
496.071991,0.00601129537950624
496.1873474,0.00613531941245889
496.3027039,0.00517276485632932
496.4180908,0.00405824500795837
496.5334473,0.00371913734505494
496.6488342,0.0036542082378241
496.7642212,0.00338091241430716
496.8795776,0.0030964904748945
496.9949646,0.00359967708789444
497.1103516,0.00466032304491202
497.225769,0.00477335499625504
497.341156,0.0047569290430635
497.456543,0.00498543956149274
497.5719604,0.00543399549823243
497.6873474,0.00602482271298284
497.8027649,0.00617459755662139
497.9181824,0.00717097800606004
498.0335999,0.00696859434713179
498.1490173,0.00685604063615578
498.2644348,0.00671297641108902
498.3798523,0.00658582929665916
498.4953003,0.00618703685715773
498.6107178,0.00602263433202339
498.7261658,0.00676266808964149
498.8415833,0.00676108283909007
498.9570313,0.00692989245282935
499.0724792,0.00692074238648946
499.1879272,0.00701488688115499
499.3033752,0.00691144969360831
499.4188538,0.00660459958306331
499.5343018,0.00689138051312307
499.6497498,0.00681967774482065
499.7652283,0.00659818285620661
499.8807068,0.00744868009187451
499.9961548,0.00814787209645475
500.1116333,0.00909896749631608
500.2271118,0.00913951462250746
500.3425903,0.00991606023947226
500.4580994,0.0105331518861133
500.5735779,0.010248234658982
500.6890564,0.00960135279932635
500.8045654,0.00934569148697927
500.9200745,0.00941019556314647
501.035553,0.00934290815421986
501.151062,0.00903225785329766
501.266571,0.00887774104275451
501.3820801,0.0094126259130469
501.4976196,0.00898482724766732
501.6131287,0.00937018990375274
501.7286377,0.00944798904029588
501.8441772,0.00927368168557543
501.9596863,0.00999849060470096
502.0752258,0.0104802158203261
502.1907654,0.0113847562243257
502.3063049,0.0117752621688626
502.4218445,0.0122696449430669
502.537384,0.0128036777297687
502.6529236,0.0121242137780665
502.7684937,0.0122854891778102
502.8840332,0.0119828439785552
502.9996033,0.0112826686584783
503.1151733,0.0106328258267434
503.2307129,0.0105101077644735
503.346283,0.0107315506385454
503.461853,0.0105097607542364
503.5774231,0.0108894910376739
503.6930237,0.0112427934936884
503.8085938,0.0114973639697284
503.9241638,0.0120107456743553
504.0397644,0.0120226974529235
504.155365,0.0123893237347584
504.2709351,0.0127009501818207
504.3865356,0.0135826193244557
504.5021362,0.0140349728327286
504.6177368,0.014641648877139
504.7333679,0.0140169749539082
504.8489685,0.013977284689168
504.9645691,0.0137692970555695
505.0802002,0.0133888703662797
505.1958008,0.0130308750167852
505.3114319,0.0132105005432743
505.427063,0.0139201282755158
505.5426941,0.0135255107894668
505.6583252,0.0135767885444834
505.7739563,0.0131651839718551
505.8895874,0.0136751990636382
506.005249,0.0128648182255831
506.1208801,0.0133854560589008
506.2365417,0.0138724766536693
506.3521729,0.0142056270373618
506.4678345,0.0153103215480253
506.5834961,0.0155278414556997
506.6991577,0.0163618986773328
506.8148193,0.0167666303378632
506.930481,0.0166798780726339
507.0461731,0.0164510518816812
507.1618347,0.0161322249953379
507.2775269,0.0158555834195392
507.3931885,0.0154109817413226
507.5088806,0.0149895837206905
507.6245728,0.0156038978256313
507.7402649,0.015861159277654
507.855957,0.0157867557949008
507.9716492,0.0160500650909667
508.0873413,0.0163895009684258
508.203064,0.0165324001437664
508.3187561,0.0156991286542448
508.4344788,0.0153821160307278
508.5501709,0.0152897717364665
508.6658936,0.0155231367983413
508.7816162,0.016015914655996
508.8973389,0.0159370450832886
509.0130615,0.0166400148556532
509.1287842,0.0176059248585234
509.2445068,0.0177862482625091
509.36026,0.017720154432642
509.4759827,0.0170153595550031
509.5917358,0.0167841237849174
509.707489,0.0166242432205124
509.8232117,0.01646535534596
509.9389648,0.016177027762411
510.054718,0.0161024869807963
510.1704712,0.0159903525114035
510.2862549,0.0160610001003302
510.4020081,0.0159145986702408
510.5177612,0.0154284672844809
510.6335449,0.0153194064556737
510.7493286,0.0152691427083333
510.8650818,0.0155686036209464
510.9808655,0.0167181769892223
511.0966492,0.0172517776698375
511.2124329,0.018159974993915
511.3282166,0.0190478197209705
511.4440308,0.018758757501382
511.5598145,0.018199532923164
511.6755981,0.016952810803015
511.7914124,0.0162727678900514
511.9072266,0.015081908163444
512.0230103,0.0143150368947117
512.138855,0.0143649641097562
512.2546387,0.0143600853989402
512.3704834,0.0151584595027674
512.4862671,0.0150073767579614
512.6021118,0.0153117386228154
512.7179565,0.015191716130458
512.8337402,0.0147340029132233
512.949585,0.0156042137722748
513.0654297,0.0149523067137006
513.1812744,0.0156897847711554
513.2971191,0.0161687940145545
513.4129639,0.0165195494096302
513.5288086,0.0172983902850016
513.6446533,0.0170535290785994
513.760498,0.0174815792706148
513.8763428,0.0167795825221047
513.9922485,0.0159765923516522
514.1080933,0.0160140849524502
514.223938,0.0149427275715943
514.3398438,0.0141511798781176
514.4556885,0.0137964088835767
514.5715942,0.0143090894023198
514.687439,0.0142029985516915
514.8033447,0.0138143449152506
514.9191895,0.0142150892815387
515.0350952,0.0141414018720173
515.151001,0.0139961109442332
515.2669067,0.0131738895234853
515.3828125,0.0134097922727321
515.4986572,0.013774965269869
515.614563,0.0135107856930957
515.7304688,0.0144499487978376
515.8463745,0.0145507174333758
515.9623413,0.0152175262150346
516.0782471,0.0149072901925226
516.1941528,0.0144901957810328
516.3100586,0.0147357043210469
516.4260254,0.0136147040591667
516.5419312,0.0130728630182621
516.6578369,0.0124131999031687
516.7738037,0.0123664367567781
516.8897095,0.0121297173979279
517.0056763,0.0122300090802204
517.121582,0.0124363533845328
517.2375488,0.0126338989505786
517.3535156,0.0126985091708377
517.4694824,0.0130007546111687
517.5853882,0.0124924514065318
517.701355,0.0123086900782079
517.8173218,0.0119386400238566
517.9332886,0.0120803480100548
518.0492554,0.0116905710050292
518.1652222,0.0113745152285292
518.281189,0.0115382715226501
518.3971558,0.0112778263371596
518.5131836,0.0116675250444756
518.6291504,0.01136654927473
518.7451172,0.0115337644478874
518.861145,0.0113925238592136
518.9771118,0.011668561108659
519.0930786,0.0122232765910458
519.2091064,0.0116197013878719
519.3251343,0.0114218470425656
519.4411011,0.0112029593168645
519.5571289,0.0105588827535233
519.6730957,0.0101154706112423
519.7891235,0.00941682393265281
519.9051514,0.00970836447415198
520.0211792,0.00993209029293297
520.137207,0.0101467580356705
520.2532349,0.0109833112227623
520.3692627,0.0108262942193109
520.4852905,0.0105413472174835
520.6013184,0.00986262709303536
520.7173462,0.00973930764651656
520.833374,0.00979028379162922
520.9494019,0.00889750557985806
521.0654907,0.00893638548173681
521.1815186,0.00931012011763071
521.2975464,0.00967827393638118
521.4136353,0.00906894900674994
521.5296631,0.00835818402960341
521.645752,0.00849603163148476
521.7618408,0.00852230451807708
521.8778687,0.00802242951667309
521.9939575,0.008123406395495
522.1100464,0.00824850922576945
522.2260742,0.00882225065569348
522.3421631,0.00909780516261016
522.458252,0.00896169637381365
522.5743408,0.00900724158826465
522.6904297,0.00864815852731418
522.8065186,0.00826190031976313
522.9226074,0.00747457527466867
523.0386963,0.00681240057163708
523.1547852,0.00641208721061328
523.2709351,0.00639210266851851
523.3870239,0.00577746250843353
523.5031128,0.00626755518116474
523.6192627,0.00647146022104781
523.7353516,0.00652881523069165
523.8514404,0.00639031763017452
523.9675903,0.00594837310735768
524.0836792,0.00647715591149969
524.1998291,0.0063762331610434
524.315979,0.00649311860383506
524.4320679,0.00658834860456238
524.5482178,0.00737939857501281
524.6643677,0.0070034487235942
524.7805176,0.00706781945521602
524.8966675,0.00701445762283916
525.0128174,0.0063273934745108
525.1289673,0.00590984701504003
525.2451172,0.00505673407038414
525.3612671,0.00513059512287352
525.477417,0.00463115847765303
525.5935669,0.0040892661565482
525.7097168,0.00426433884244798
525.8259277,0.00406638396017816
525.9420776,0.00378971591787323
526.0582275,0.00386581451710677
526.1744385,0.0038192204641583
526.2905884,0.00390321779263236
526.4067993,0.00329925827006989
526.5229492,0.00347568204911585
526.6391602,0.0031800759142241
526.7553711,0.00327915922246919
526.871521,0.00303571394306532
526.9877319,0.00252729889800562
527.1039429,0.00288391209233915
527.2201538,0.00267010176324016
527.3363037,0.00298791592652225
527.4525146,0.00313394967053279
527.5687256,0.00303844006845255
527.6849365,0.00329950437429763
527.8012085,0.00310209766717075
527.9174194,0.0030654775514875
528.0336304,0.00292926528480717
528.1498413,0.00255268317105567
528.2660522,0.00272972680598222
528.3823242,0.00278141626792937
528.4985352,0.00249548760527266
528.6147461,0.00194371829985889
528.7310181,0.00225428736254597
528.847229,0.0023211747368497
528.963501,0.00229854829436764
529.0797729,0.00189551882455102
529.1959839,0.00190639067989184
529.3122559,0.00231311938919871
529.4285278,0.00169804583541248
529.5447388,0.00137138091942028
529.6610107,0.000972842487706976
529.7772827,0.00109773372170921
529.8935547,0.00140248544296136
530.0098267,0.00121553666837126
530.1260986,0.00142333977066979
530.2423706,0.00163156523886985
530.3586426,0.00127807530968784
530.4749146,0.00134769133679013
530.5912476,0.000713017193324091
530.7075195,0.000921866411607864
530.8237915,0.000353361914428021
530.9401245,0.000258944848633871
531.0563965,0.000636955066396085
531.1726685,0.000454018963020743
531.2890015,0.000468447684215485
531.4052734,0
531.5216064,0.000143686458964181
531.6379395,0
531.7542114,0.000222970033337026
531.8705444,0.000245379526211543
531.9868774,0.000476162696782224
532.1032104,0.000359669109610674
532.2194824,0.000274662102841595
532.3358154,0.000327400219532973
532.4521484,0.000393809813099492
532.5684814,0.000267084765920329
532.6848145,0.000253196040863783
532.8011475,0.000706627932752268
532.9175415,0.000740491067975433
533.0338745,0.000812121236300331
533.1502075,0
533.2665405,0
533.3829346,0
533.4992676,0
533.6156006,0
533.7319946,0
533.8483276,0
533.9647217,0
534.0810547,0
534.1974487,0
534.3138428,0
534.4301758,0
534.5465698,0
534.6629639,0
534.7793579,0
534.895752,0
535.012146,0
535.12854,0
535.2449341,0
535.3613281,0
535.4777222,0
535.5941162,0
535.7105103,0
535.8269653,0
535.9433594,0
536.0597534,0
536.1762085,0
536.2926025,0
536.4090576,0
536.5254517,0
536.6419067,0
536.7583618,0
536.8747559,0
536.9912109,0
537.107666,0
537.2241211,0
537.3405151,0
537.4569702,0
537.5734253,0
537.6898804,0
537.8063354,0
537.9227905,0
538.0393066,0
538.1557617,0
538.2722168,0
538.3886719,0
538.505127,0
538.6216431,0
538.7380981,0
538.8546143,0
538.9710693,0
539.0875854,0
539.2040405,0
539.3205566,0
539.4370728,0.000225843345803579
539.5535278,9.85281488566264e-05
539.6700439,0
539.7865601,0
539.9030762,0
540.0195313,0
540.1360474,0
540.2525635,0
540.3690796,0
540.4855957,0
540.6021729,0
540.718689,0
540.8352051,0
540.9517212,0
541.0682373,0
541.1848145,0
541.3013306,0
541.4179077,0
541.5344238,0
541.6509399,0
541.7675171,0
541.8840942,0
542.0006104,0.00074025909301248
542.1171875,0.000912673061086975
542.2337646,0.000774659352528303
542.3502808,0.000506011391697437
542.4668579,0.000438861279343081
542.5834351,0
542.7000122,0
542.8165894,0
542.9331665,0
543.0497437,0
543.1663208,0
543.2828979,0
543.3994751,0
543.5160522,0
543.6326904,0
543.7492676,0.000511347839089046
543.8658447,0.000725558259963682
543.9824829,0.0009349780422244
544.0990601,0.000306283096331042
544.2156372,0
544.3322754,0.00042727622191536
544.4488525,0.000460294648287357
544.5654907,0
544.6821289,0
544.7987061,0
544.9153442,0
545.0319824,0
545.1486206,0
545.2651978,0
545.3818359,0
545.4984741,0
545.6151123,0
545.7317505,0
545.8483887,0.00013704404074866
545.9650269,0.000782194576976238
546.0817261,0.00015081747904505
546.1983643,0
546.3150024,0
546.4316406,0
546.5483398,0
546.664978,0
546.7816162,0
546.8983154,0
547.0149536,0
547.1316528,0
547.248291,0
547.3649902,0
547.4816895,0
547.5983276,0
547.7150269,0
547.8317261,0
547.9484253,0
548.0650635,0
548.1817627,0
548.2984619,0.000303171616995423
548.4151611,0.000615466558026933
548.5318604,0.00047858288039575
548.6485596,0.000468354384082669
548.7652588,7.16780014397312e-05
548.882019,0.000191666997224462
548.9987183,0.000133582037061374
549.1154175,0
549.2321167,0
549.348877,0
549.4655762,0
549.5822754,0
549.6990356,0
549.8157349,0
549.9324951,0
550.0491943,0
550.1659546,0
550.2827148,0
550.3994141,0
550.5161743,0
550.6329346,0
550.7496948,0.000302580686330615
550.8664551,0
550.9831543,0
551.0999146,0
551.2166748,0
551.3334351,0
551.4502563,0
551.5670166,0
551.6837769,0
551.8005371,0
551.9172974,0
552.0340576,0
552.1508789,0
552.2676392,0
552.3844604,0
552.5012207,0
552.617981,0
552.7348022,0
552.8516235,0
552.9683838,0
553.0852051,0
553.2020264,0
553.3187866,0
553.4356079,0
553.5524292,0
553.6692505,0
553.7860718,0
553.902832,0
554.0196533,0
554.1364746,0
554.2533569,0
554.3701782,0
554.4869995,0
554.6038208,0
554.7206421,0
554.8374634,0
554.9543457,0
555.071167,0
555.1879883,0
555.3048706,0
555.4216919,0
555.5385742,0
555.6553955,0
555.7722778,0
555.8890991,0
556.0059814,0
556.1228638,0
556.2397461,0
556.3565674,0
556.4734497,0
556.590332,0
556.7072144,0
556.8240967,0
556.940979,0
557.0578613,0
557.1747437,0
557.291626,0
557.4085083,0
557.5253906,0
557.642334,0
557.7592163,0
557.8760986,0
557.992981,0
558.1099243,0
558.2268066,0
558.34375,0
558.4606323,0
558.5775757,0
558.694458,0
558.8114014,0
558.9283447,0
559.0452271,0
559.1621704,0.000588945729200794
559.2791138,0.00129748519839111
559.3960571,0.00134846129758026
559.5129395,0.00084063091129696
559.6298828,0.00057298694249515
559.7468262,0
559.8637695,0
559.9807129,0
560.0976563,0
560.2145996,0
560.331543,0
560.4485474,0
560.5654907,0
560.6824341,0
560.7993774,0
560.9163818,0
561.0333252,0
561.1502686,0
561.2672729,0
561.3842163,0
561.5012207,0
561.6181641,0
561.7351685,0
561.8521729,0
561.9691162,0
562.0861206,0
562.203125,0
562.3200684,0
562.4370728,0
562.5540771,0
562.6710815,0
562.7880859,0
562.9050903,0
563.0220947,0
563.1390991,0
563.2561035,0
563.3731079,0
563.4901123,0
563.6071777,0
563.7241821,0
563.8411865,0
563.9581909,0
564.0752563,0
564.1922607,0.000106367247597715
564.3093262,0.00040768120367498
564.4263306,0.000715708718968001
564.543396,0.000225942102308523
564.6604004,7.76103651631545e-05
564.7774658,0.000198458003903718
564.8944702,0
565.0115356,0
565.1286011,0
565.2456055,0
565.3626709,0
565.4797363,0
565.5968018,0
565.7138672,0
565.8309326,0
565.947998,0
566.0650635,0
566.1821289,0.000125316127097993
566.2991943,0.000471040717705725
566.4162598,0.000577090398213239
566.5333252,0.000650861803491957
566.6503906,0.000550497451853129
566.7674561,0
566.8845825,0
567.0016479,0
567.1187134,0
567.2358398,0
567.3529053,0
567.4699707,0
567.5870972,0
567.7041626,0
567.8212891,0
567.9384155,0
568.055481,0
568.1726074,0
568.2897339,0
568.4067993,3.32671156177252e-05
568.5239258,0.000275515209014754
568.6410522,0.000445831178392917
568.7581787,0.000831178728386751
568.8753052,0.000652876324034467
568.9924316,0.000382165239989009
569.1095581,0
569.2266846,0
569.343811,0
569.4609375,0
569.578064,0
569.6951904,0
569.8123169,0
569.9294434,0
570.0466309,0
570.1637573,0
570.2808838,0
570.3980713,0
570.5151978,0
570.6323853,0
570.7495117,0
570.8666992,0
570.9838257,0
571.1010132,0
571.2181396,0
571.3353271,0.000131710798197374
571.4525146,0.000153135666745357
571.5696411,0.000209439172867764
571.6868286,0
571.8040161,0
571.9212036,0
572.0383911,0
572.1555786,0
572.2727661,0
572.3899536,0
572.5071411,0
572.6243286,0
572.7415161,0
572.8587036,0.000219402955412804
572.9758911,0.000668366221193067
573.0930786,0.0013403277100632
573.2102661,0.00124812870845256
573.3275146,0.000912190857582237
573.4447021,0.000533470355654131
573.5618896,0.000245173834139679
573.6791382,6.33817188490285e-05
573.7963257,0
573.9135742,0
574.0307617,0
574.1480103,0
574.2651978,0
574.3824463,0
574.4996338,0
574.6168823,0
574.7341309,0
574.8513794,0.000498618173455316
574.9685669,0.000743897151118805
575.0858154,0.00120431960746686
575.203064,0.00145319917168531
575.3203125,0.00108442751881359
575.437561,0.00163848112434113
575.5548096,0.000813979379504151
575.6720581,0.000713424866741649
575.7893066,2.28260922278072e-05
575.9065552,0
576.0238037,0
576.1410522,0
576.2583008,0
576.3755493,0
576.4928589,0
576.6101074,0
576.727356,0
576.8446045,0
576.9619141,0
577.0791626,0
577.1964722,0
577.3137207,0
577.4310303,0.000496752011892203
577.5482788,0.000114309617375407
577.6655884,0.000802649455880594
577.7828369,0.000330501992065443
577.9001465,0.000887298425777194
578.0174561,0.000941115569743416
578.1347046,0.000358067432255283
578.2520142,0.000896937025073485
578.3693237,0
578.4866333,0
578.6039429,0
578.7212524,0
578.838501,0
578.9558105,0
579.0731201,0
579.1904297,0
579.3078003,0
579.4251099,0
579.5424194,0
579.659729,0
579.7770386,0
579.8943481,0
580.0117188,0
580.1290283,5.40300267677127e-05
580.2463379,0
580.3637085,0
580.4810181,0
580.5983276,0
580.7156982,0
580.8330078,0
580.9503784,0
581.067749,0
581.1850586,0
581.3024292,0
581.4197388,0
581.5371094,0
581.65448,0
581.7718506,0
581.8891602,0
582.0065308,0
582.1239014,0.000572230157943495
582.241272,0.000701480003717299
582.3586426,2.68400384662869e-05
582.4760132,0
582.5933838,0
582.7107544,0
582.828125,0
582.9454956,0
583.0628662,0
583.1802979,0
583.2976685,0
583.4150391,0
583.5324097,0
583.6498413,0
583.7672119,0
583.8845825,0
584.0020142,0
584.1193848,0.000287558909228912
584.2368164,0.000913442815132502
584.354187,0.000899601509703558
584.4716187,0.000552356411042924
584.5889893,0.000574220554797179
584.7064209,0.000322784544252138
584.8237915,0
584.9412231,0
585.0586548,0
585.1760864,0
585.293457,0
585.4108887,0
585.5283203,0
585.645752,0
585.7631836,0
585.8806152,0
585.9980469,0
586.1154785,0
586.2329102,0
586.3503418,0
586.4677734,0
586.5852051,0
586.7026367,0
586.8200684,0
586.937561,0
587.0549927,0
587.1724243,0
587.289856,0
587.4073486,0
587.5247803,0
587.6422729,0
587.7597046,0
587.8771973,0
587.9946289,0
588.1121216,0
588.2295532,0
588.3470459,0.000166740333123375
588.4644775,0
588.5819702,0.000314675045336922
588.6994629,0.000449176573787669
588.8169556,0.000948378464062478
588.9343872,0.000850994820069162
589.0518799,0
589.1693726,0.000177307435586409
589.2868652,0
589.4043579,0
589.5218506,0
589.6393433,0
589.7568359,0
589.8743286,0
589.9918213,0
590.109314,0
590.2268066,0
590.3442993,0
590.461792,0
590.5792847,0
590.6968384,0
590.8143311,0
590.9318237,0.000459415110027947
591.0493774,0.00104461151495075
591.1668701,0.0014906776893789
591.2843628,0.00204397322345056
591.4019165,0.00141306687603229
591.5194092,0.000673930140537305
591.6369629,0
591.7544556,0
591.8720093,0
591.989563,0
592.1070557,0
592.2246094,0
592.3421021,0
592.4596558,0
592.5772095,0
592.6947632,0
592.8123169,0
592.9298096,0
593.0473633,0.000501462549689971
593.164917,0.00105654999125226
593.2824707,0.00122018883914436
593.4000244,0.00112855749509915
593.5175781,0.00100260065106523
593.6351318,0.000824303840914811
593.7526855,0.000987864207324365
593.8702393,0.000377184003277478
593.987793,0.000238445812175915
594.1053467,0
594.2229614,0
594.3405151,0
594.4580688,0
594.5756226,0
594.6932373,0
594.810791,0
594.9283447,0
595.0459595,0.000450758562137796
595.1635132,0.000737492807644106
595.2811279,0.00240529585260848
595.3986816,0.00365558593522727
595.5162964,0.00482850200433199
595.6338501,0.0052087106660847
595.7514648,0.00553116814315848
595.8690186,0.00561484364295113
595.9866333,0.0046931372267204
596.104248,0.00463514159200738
596.2218018,0.00321935483954017
596.3394165,0.00254297224746107
596.4570313,0.001813057075468
596.574585,0.0017150369418679
596.6921997,0.00226652944878245
596.8098145,0.00177599933873265
596.9274292,0.00236456382658438
597.0450439,0.00276693001817418
597.1626587,0.00346124220799808
597.2802734,0.00419540658680559
597.3978882,0.00467761472869301
597.5155029,0.00565887923933895
597.6331177,0.00610761598662706
597.7507324,0.00723380098198894
597.8683472,0.00766534644470883
597.9859619,0.00794359927793537
598.1035767,0.00788715884278667
598.2212524,0.00733229420944426
598.3388672,0.0072961664863447
598.4564819,0.00648850915497106
598.5740967,0.00613641222444392
598.6917725,0.00596586526807992
598.8093872,0.00611304847971428
598.927002,0.00585021852641645
599.0446777,0.00648859370159346
599.1622925,0.00722451187279931
599.2799683,0.00736765421164477
599.397583,0.00786287822561024
599.5152588,0.00878624506564554
599.6328735,0.0104374010962062
599.7505493,0.0113962143231889
599.8681641,0.0117453195870889
599.9858398,0.0134398236289724
600.1035156,0.0145944560145789
600.2211304,0.0150425391783556
600.3388062,0.0151428253466693
600.4564819,0.0142730122234996
600.5741577,0.0144853036531316
600.6917725,0.0135494147115046
600.8094482,0.0127104944013377
600.927124,0.0125304773882742
601.0447998,0.0122904246831999
601.1624756,0.012656162672523
601.2801514,0.0125040953264805
601.3978271,0.0132367645151404
601.5155029,0.0137385776566079
601.6331787,0.0142862671234011
601.7508545,0.0154355570763242
601.8685303,0.0171551894977835
601.9862061,0.0185253304990138
602.1038818,0.0199924410489903
602.2216187,0.0205635966379693
602.3392944,0.0210503215046744
602.4569702,0.0217647565440746
602.574646,0.0211348321796409
602.6923828,0.0219041045749754
602.8100586,0.0217702406854211
602.9277344,0.0225917894066759
603.0454712,0.0223538588236393
603.163147,0.0219933561132614
603.2808838,0.022507295640718
603.3985596,0.0220432015363047
603.5162964,0.0216797235173053
603.6339722,0.0217171460921514
603.751709,0.0226328871865378
603.8693848,0.0237652931646798
603.9871216,0.0248916882408578
604.1047974,0.0261804684849401
604.2225342,0.0279271128425825
604.340271,0.0289196690236734
604.4580078,0.029893616110472
604.5756836,0.0306109588204853
604.6934204,0.0310597705576878
604.8111572,0.0314535578307491
604.928894,0.0320450597646797
605.0466309,0.0319153570424467
605.1643066,0.0321388863818224
605.2820435,0.0323113531929173
605.3997803,0.0320927815973959
605.5175171,0.0320454266258326
605.6352539,0.0314490548006892
605.7529907,0.0324067156189304
605.8707275,0.0326613015341111
605.9884644,0.0325575094344049
606.1062622,0.033865528830705
606.223999,0.0355050646514258
606.3417358,0.0375145485196661
606.4594727,0.0386482274769783
606.5772095,0.0400998380430909
606.6950073,0.041945116048941
606.8127441,0.0426137135444034
606.930481,0.043923100022612
607.0482178,0.044069655475062
607.1660156,0.0451234425810223
607.2837524,0.0457402614729985
607.4015503,0.0462204705435805
607.5192871,0.0473367736827549
607.6370239,0.0472783166247182
607.7548218,0.0482629982007192
607.8725586,0.0485771318267075
607.9903564,0.0491080123080418
608.1081543,0.0498652551790885
608.2258911,0.0506852155251381
608.343689,0.0518788193442768
608.4614868,0.0528268811720616
608.5792236,0.0541963854993812
608.6970215,0.0555675866421734
608.8148193,0.057251918612798
608.9325562,0.0585981358387066
609.050354,0.0608208788286093
609.1681519,0.0634029666071565
609.2859497,0.0654786365706673
609.4037476,0.0680389193871486
609.5215454,0.0695959835801598
609.6393433,0.071316023665031
609.7570801,0.0718319812870198
609.8748779,0.0719141614119446
609.9926758,0.0725390365012654
610.1105347,0.0733842843981315
610.2283325,0.0752131456412152
610.3461304,0.0767626631233919
610.4639282,0.0788874481031321
610.5817261,0.0816856762072513
610.6995239,0.0842718376655771
610.8173218,0.0866579351686215
610.9351196,0.0889310091748273
611.0529785,0.0919649637663813
611.1707764,0.0936821380860889
611.2885742,0.0966307593265122
611.4064331,0.0990972026605582
611.524231,0.10106518659753
611.6420288,0.10256673742949
611.7598877,0.104290873984199
611.8776855,0.106866497246231
611.9955444,0.107085262930254
612.1133423,0.108442415351036
612.2312012,0.110571517357793
612.348999,0.112827240911348
612.4668579,0.11494908072384
612.5846558,0.116959452701846
612.7025146,0.119987490492201
612.8203125,0.122781725060664
612.9381714,0.125361852096768
613.0560303,0.128179786194101
613.1738892,0.131207232899348
613.291687,0.134585468989384
613.4095459,0.137449956701912
613.5274048,0.140872701119658
613.6452637,0.143963785751508
613.7630615,0.147046848017845
613.8809204,0.149937223189848
613.9987793,0.152438576224272
614.1166382,0.155959300710069
614.2344971,0.159096853677927
614.352356,0.161627799510321
614.4702148,0.164333996679554
614.5880737,0.167107266605269
614.7059326,0.170681012911262
614.8237915,0.17314393911821
614.9416504,0.175488258792559
615.0595093,0.179862290324933
615.1774292,0.183314162917875
615.2952881,0.186847876711555
615.413147,0.190658159663191
615.5310059,0.195681709795479
615.6488647,0.200394198641823
615.7667847,0.203853640739606
615.8846436,0.207669511143712
616.0025024,0.210846414362747
616.1204224,0.213522789353282
616.2382813,0.215690707846623
616.3561401,0.218677464802493
616.4740601,0.220607537997905
616.5919189,0.224109197576372
616.7098389,0.228040921944332
616.8276978,0.231284768497254
616.9456177,0.235175360517402
617.0634766,0.23803792938899
617.1813965,0.241591505051367
617.2992554,0.2448696819639
617.4171753,0.247804513994548
617.5350952,0.251330540662365
617.6529541,0.254136994063783
617.770874,0.258231227484581
617.8887939,0.262640780368358
618.0067139,0.266479338683574
618.1245728,0.270658468747987
618.2424927,0.274832984752831
618.3604126,0.279429481430619
618.4783325,0.283720527779402
618.5962524,0.287556386494803
618.7141724,0.291221369710893
618.8320313,0.295222384129752
618.9499512,0.2992050717724
619.0678711,0.301858585341083
619.185791,0.305021167075746
619.3037109,0.310109360873318
619.4216309,0.313409393469023
619.5395508,0.316876784438914
619.6575317,0.320687979032414
619.7754517,0.326060343838565
619.8933716,0.331836538972983
620.0112915,0.335874953916693
620.1292114,0.34099109077872
620.2471313,0.3470650785018
620.3651123,0.353021041975548
620.4830322,0.357887079402624
620.6009521,0.361432806190497
620.7188721,0.366181507510426
620.836853,0.371429643084672
620.9547729,0.375853438058632
621.0726929,0.379145783548208
621.1906738,0.384032759155276
621.3085938,0.387998019881741
621.4265747,0.392065636533521
621.5444946,0.397053015379317
621.6624756,0.400854611347459
621.7803955,0.405546138509342
621.8983765,0.410781317121486
622.0162964,0.416795531064575
622.1342773,0.421751667339417
622.2521973,0.428120448078269
622.3701782,0.433102686490686
622.4881592,0.439154353868351
622.6060791,0.444458340245732
622.7240601,0.44907374304247
622.842041,0.454763568211558
622.960022,0.45862435569616
623.0779419,0.465180315471068
623.1959229,0.470751116533192
623.3139038,0.475835757919332
623.4318848,0.482420490026373
623.5498657,0.489664456999443
623.6678467,0.496019839657889
623.7858276,0.502269966815733
623.9037476,0.508296249623
624.0217285,0.514315504001864
624.1397095,0.521072323223156
624.2576904,0.526994685646836
624.3756714,0.533552774520129
624.4937134,0.54023569257148
624.6116943,0.547422938286645
624.7296753,0.555059990078716
624.8476563,0.560281170684035
624.9656372,0.565643642792537
625.0836182,0.573826081083095
625.2015991,0.58024385478663
625.3196411,0.586107490316623
625.4376221,0.592194088000054
625.555603,0.600491492136808
625.673584,0.607846660826801
625.791626,0.612476490947097
625.9096069,0.618585167813377
626.0275879,0.626820504382588
626.1456299,0.633751616230712
626.2636108,0.639308925115612
626.3815918,0.646027526267008
626.4996338,0.652336268558833
626.6176147,0.658828255147754
626.7356567,0.664162431328733
626.8536377,0.671012472472756
626.9716797,0.678332775568281
627.0896606,0.683985894235754
627.2077026,0.691488524125196
627.3257446,0.698309451776915
627.4437256,0.704594809174132
627.5617676,0.710048897559999
627.6798096,0.716125096735915
627.7977905,0.724720734579635
627.9158325,0.731041769215581
628.0338745,0.737225200083155
628.1518555,0.744323982020911
628.2698975,0.753022216913041
628.3879395,0.760080851657987
628.5059814,0.765583827149616
628.6240234,0.772730484573403
628.7420044,0.780787564351831
628.8600464,0.786656804957711
628.9780884,0.790192180286478
629.0961304,0.795310928532552
629.2141724,0.800242562434134
629.3322144,0.806048964995569
629.4502563,0.810586114289307
629.5682983,0.816599675396252
629.6863403,0.823472395629808
629.8043823,0.828494663594277
629.9224243,0.835377547073568
630.0404663,0.839122762904505
630.1585693,0.843280637192431
630.2766113,0.848388128218587
630.3946533,0.851294676064079
630.5126953,0.855745767127666
630.6307373,0.857647823765219
630.7487793,0.861758410711696
630.8668823,0.866676211315353
630.9849243,0.870796690959479
631.1029663,0.875427203360644
631.2210693,0.879800093870426
631.3391113,0.883676737892418
631.4571533,0.887434081378309
631.5752563,0.890992124034506
631.6932983,0.893687655108399
631.8113403,0.897413508999455
631.9294434,0.900521451506454
632.0474854,0.903913776759607
632.1655884,0.905452885452297
632.2836304,0.906167300642163
632.4017334,0.907871315073902
632.5197754,0.909137415841644
632.6378784,0.90812024406127
632.7559814,0.908517845863028
632.8740234,0.908585647889582
632.9921265,0.907872632508293
633.1101685,0.906302528288267
633.2282715,0.900938121156066
633.3463745,0.899120675931149
633.4644775,0.895010477173516
633.5825195,0.88932378686123
633.7006226,0.886297985508311
633.8187256,0.880803949905109
633.9368286,0.877786664985201
634.0548706,0.872835269212527
634.1729736,0.867488577168015
634.2910767,0.863368532741407
634.4091797,0.855223700832225
634.5272827,0.84751439470267
634.6453857,0.839839954147849
634.7634888,0.829950325401392
634.8815918,0.821593065149932
634.9996948,0.810992820688392
635.1177979,0.802332192177638
635.2359009,0.793710981530413
635.3540039,0.784501337636341
635.4721069,0.776687858218267
635.59021,0.766776220861574
635.708313,0.757075917912446
635.826416,0.745906531531857
635.944519,0.734029140800497
636.0626221,0.720641731344547
636.1807861,0.706455683474939
636.2988892,0.693217770239739
636.4169922,0.683100997616472
636.5350952,0.670212751866752
636.6532593,0.658107523235345
636.7713623,0.64796513074043
636.8894653,0.637452003196918
637.0075684,0.625047052834202
637.1257324,0.61116391446243
637.2438354,0.599646883835827
637.3619995,0.587532209506127
637.4801025,0.575134434598092
637.5982056,0.562359272639798
637.7163696,0.550866497362573
637.8344727,0.54000776055488
637.9526367,0.528454858575391
638.0707397,0.517449672187982
638.1889038,0.504772754964776
638.3070068,0.493590652764915
638.4251709,0.483286454061975
638.5432739,0.4709550637485
638.661438,0.458908509061586
638.7796021,0.447119299817182
638.8977051,0.437222536803136
639.0158691,0.426510543647449
639.1340332,0.415540599261515
639.2521362,0.404058210709968
639.3703003,0.39278576263846
639.4884644,0.381380380688665
639.6066284,0.370388115977051
639.7247314,0.360012374603019
639.8428955,0.348788884229623
639.9610596,0.339691447771421
640.0792236,0.332063788767918
640.1973877,0.323826517175009
640.3154907,0.315918327790126
640.4336548,0.30802861516799
640.5518188,0.301317215916271
640.6699829,0.294855169146806
640.788147,0.286527101742369
640.906311,0.279269348500049
641.0244751,0.271869800885205
641.1426392,0.265214623002046
641.2608032,0.257560603055248
641.3789673,0.250355574600573
641.4971313,0.244046891138994
641.6152954,0.239390353073653
641.7334595,0.233374409983125
641.8516235,0.226886105208495
641.9698486,0.221823734178835
642.0880127,0.216095602743818
642.2061768,0.211281340235691
642.3243408,0.204981978950597
642.4425049,0.200013823800512
642.5606689,0.195632540379527
642.678894,0.189908664200756
642.7970581,0.185340742839888
642.9152222,0.180436290327702
643.0334473,0.176467788885515
643.1516113,0.171876779662592
643.2697754,0.167627444964891
643.3880005,0.164053181106665
643.5061646,0.160450906551895
643.6243286,0.156812769485552
643.7425537,0.15238801730145
643.8607178,0.147667720728224
643.9789429,0.144059746981014
644.0971069,0.141665452127505
644.215332,0.137182605321916
644.3334961,0.133515250404215
644.4517212,0.129998697379552
644.5698853,0.128346447584789
644.6881104,0.124689660262717
644.8062744,0.120658038452081
644.9244995,0.119839316169914
645.0426636,0.117477096123191
645.1608887,0.115262804858949
645.2791138,0.112865704519076
645.3972778,0.111220022887447
645.5155029,0.109058209394862
645.633728,0.105190105312324
645.7518921,0.102388849702295
645.8701172,0.100187118405523
645.9883423,0.097355199545571
646.1065674,0.0948725938239546
646.2247314,0.0927094952210512
646.3429565,0.0908078194210279
646.4611816,0.0889759174376952
646.5794067,0.0864689196263413
646.6976318,0.0850058265151385
646.8158569,0.082956805670374
646.934021,0.0797064784339672
647.0522461,0.0774759056849496
647.1704712,0.0759480049554148
647.2886963,0.0737108816745759
647.4069214,0.071328846089208
647.5251465,0.0695159266784897
647.6433716,0.0690500956924629
647.7615967,0.0682357102809268
647.8798218,0.0665292204595137
647.9980469,0.0657714879534648
648.116272,0.0643079941650652
648.2344971,0.063044285694455
648.3527222,0.0613839855715578
648.4710083,0.0589955736953092
648.5892334,0.0569915228723434
648.7074585,0.0556269259308977
648.8256836,0.0542057224002025
648.9439087,0.0532512019389275
649.0621338,0.0518889156940422
649.1804199,0.0512788112790415
649.298645,0.0504497456192801
649.4168701,0.049203717699984
649.5350952,0.0486759492715772
649.6533813,0.0468526556136666
649.7716064,0.0453874069294809
649.8898315,0.0440036333249458
650.0081177,0.0431822944999842
650.1263428,0.0424081489078126
650.2445679,0.0414907069542376
650.362854,0.0407674636198627
650.4810791,0.0404380035168066
650.5993042,0.0395965502971283
650.7175903,0.038255859485088
650.8358154,0.0373839345305358
650.9541016,0.0364124988479419
651.0723267,0.035896846697221
651.1906128,0.0346835582007192
651.3088379,0.0341250783688175
651.427124,0.033698629969882
651.5453491,0.0326830642216816
651.6636353,0.0324442617057175
651.7818604,0.0317239833861512
651.9001465,0.0309383188554453
652.0184326,0.0301393970363023
652.1366577,0.03006903984697
652.2549438,0.0300379645248212
652.37323,0.0285156008700401
652.4914551,0.0276526499988724
652.6097412,0.0272453267979085
652.7280273,0.0268325308526015
652.8462524,0.0255766245712122
652.9645386,0.024342217411575
653.0828247,0.0237638507244031
653.2011108,0.0231207745693008
653.3193359,0.0229909850956432
653.4376221,0.0223158389076682
653.5559082,0.0217991479363665
653.6741943,0.0212936825595322
653.7924805,0.0210100379444988
653.9107056,0.0200579325783091
654.0289917,0.0191838605072518
654.1472778,0.0188289941212724
654.265564,0.0187631087154622
654.3838501,0.0186823357425339
654.5021362,0.0186154486437317
654.6204224,0.0187306082310914
654.7387085,0.018607397960366
654.8569946,0.0180995843903366
654.9752808,0.018222008378342
655.0935669,0.0181461891035783
655.211853,0.017689029484684
655.3301392,0.0172555635254487
655.4484253,0.0174191492546806
655.5667114,0.0164808334560633
655.6849976,0.0151246485412103
655.8032837,0.0143896423724278
655.9215698,0.0129349394176096
656.039917,0.012358249880899
656.1582031,0.0115234381717186
656.2764893,0.0117158587374084
656.3947754,0.011735668029903
656.5130615,0.0111785751308256
656.6314087,0.0116790706316708
656.7496948,0.0116127147068401
656.867981,0.0118195389066999
656.9862671,0.011673762570771
657.1046143,0.0112827267385945
657.2229004,0.0114153345587769
657.3411865,0.0112103444720671
657.4594727,0.0110829259810725
657.5778198,0.0102128696936086
657.696106,0.010283828450726
657.8143921,0.0103381599969914
657.9327393,0.0102009853685259
658.0510254,0.00990796544348678
658.1693726,0.0100882228638551
658.2876587,0.00960595728560943
658.4060059,0.00853895001663004
658.524292,0.00765261996080269
658.6425781,0.00768289833895151
658.7609253,0.00761171305183632
658.8792114,0.00723518451505256
658.9975586,0.00735158179231537
659.1158447,0.00763740127945488
659.2341919,0.00832664452694417
659.3525391,0.00779457818631802
659.4708252,0.0078132656716668
659.5891724,0.00747828981523301
659.7074585,0.00769196192877643
659.8258057,0.00799326210006457
659.9440918,0.00776945265372344
660.062439,0.00745404274136183
660.1807861,0.00718206005670014
660.2990723,0.0069061400690988
660.4174194,0.00630545599578578
660.5357666,0.00575170434603904
660.6540527,0.0053177784343348
660.7723999,0.00582632774319947
660.8907471,0.00561200572278835
661.0090942,0.00570315285311451
661.1273804,0.00549861012888518
661.2457275,0.00600037309492175
661.3640747,0.00591222608572702
661.4824219,0.00585071395168847
661.600769,0.00572063609950523
661.7190552,0.00559443701091033
661.8374023,0.00611773126410162
661.9557495,0.00612119289993015
662.0740967,0.00616570967721053
662.1924438,0.00571167350607634
662.310791,0.00529665729050096
662.4291382,0.0049395181602785
662.5474854,0.00450813480656183
662.6658325,0.00307316422454971
662.7841797,0.00254928273952348
662.9025269,0.00154557797287786
663.020813,0.00193755264006938
663.1391602,0.00181879439608683
663.2575073,0.00197059344384088
663.3759155,0.00287879986606233
663.4942627,0.00392640054337806
663.6126099,0.00438960221989214
663.730957,0.00468636361202625
663.8493042,0.00530191549804624
663.9676514,0.0057404067935562
664.0859985,0.00553148749094413
664.2043457,0.00478546084277178
664.3226929,0.00528165705191616
664.44104,0.00509590657725135
664.5593872,0.00487461450872351
664.6777954,0.00424844824449734
664.7961426,0.00393973544145945
664.9144897,0.0036118343057874
665.0328369,0.00274122956819205
665.1511841,0.00194701608085274
665.2695923,0.00116992513783797
665.3879395,0.000878909612770776
665.5062866,0.000617705328278376
665.6246338,0.00116803136639761
665.743042,0.00170330505950336
665.8613892,0.00234934218730468
665.9797363,0.00311093599619984
666.0981445,0.00354248430787456
666.2164917,0.00428175532450191
666.3348389,0.00427317879701539
666.4532471,0.00462981992870994
666.5715942,0.0040874699526537
666.6899414,0.00366393593287397
666.8083496,0.00356682917920518
666.9266968,0.00253178708691727
667.045105,0.00177443816557948
667.1634521,0.000745136242705379
667.2817993,0.0010201781394845
667.4002075,0.000462928645797095
667.5185547,0.000211167969022691
667.6369629,0.000604980056488452
667.7553101,0.000151539847727991
667.8737183,0.000412732903379505
667.9920654,0.000779792761366472
668.1104736,0.00118080813574584
668.2288208,0.00103132948139907
668.347229,0.00143280076462999
668.4655762,0.00221147760150028
668.5839844,0.00272018901952605
668.7023926,0.00195654329894953
668.8207397,0.00265599546840344
668.9391479,0.0028862640988236
669.0574951,0.00273001591886963
669.1759033,0.00276483004368149
669.2943115,0.00211864753227847
669.4126587,0.00230667056691996
669.5310669,0.001560796286658
669.6494751,0.000554474523999773
669.7678223,0
669.8862305,0
670.0046387,0
670.1230469,0
670.241394,0.000297050459019069
670.3598022,0.00129459429858199
670.4782104,0.00191306598616583
670.5966187,0.00175070151902861
670.7149658,0.00194038203649519
670.833374,0.0030923346597836
670.9517822,0.00217389971840376
671.0701904,0.00192299787982424
671.1885986,0.00189629895159451
671.3070068,0.00176615830967828
671.425354,0.00109095050330595
671.5437622,0
671.6621704,0
671.7805786,0
671.8989868,0
672.017395,0
672.1358032,0
672.2542114,0
672.3726196,0
672.4910278,0.000355570604965984
672.609436,0.000761585997556759
672.7278442,0.00110106672264861
672.8461914,0.00131968582891251
672.9645996,0.00168586493097435
673.0830078,0.00210631469643026
673.2014771,0.00222958079569755
673.3198853,0.00255571159719275
673.4382935,0.00249904748100118
673.5567017,0.00235895663466336
673.6751099,0.00166327373151999
673.7935181,0.000392873389471248
673.9119263,0
674.0303345,0
674.1487427,0
674.2671509,0
674.3855591,0
674.5039673,0
674.6224365,0
674.7408447,0
674.8592529,0
674.9776611,0.000326938693407292
675.0960693,0.00100918562125617
675.2144775,0.0014056102247136
675.3329468,0.001734031690133
675.451355,0.00197310507795717
675.5697632,0.00202947562407584
675.6881714,0.00195457138487779
675.8066406,0.00107219719558715
675.9250488,0.000789971127007768
676.043457,1.95406890822547e-05
676.1618652,0
676.2803345,0
676.3987427,0
676.5171509,0
676.6356201,0
676.7540283,0
676.8724365,0
676.9909058,0
677.109314,0
677.2277222,0
677.3461914,0
677.4645996,0
677.5830688,0
677.7014771,0.000676008679695934
677.8198853,0.000471284030676083
677.9383545,0.000350479388912031
678.0567627,0.000380751012574965
678.1752319,0
678.2936401,0
678.4121094,0
678.5305176,0
678.6489868,0
678.767395,0
678.8858643,0
679.0042725,0
679.1227417,0
679.2411499,0
679.3596191,0
679.4780273,0
679.5964966,0
679.7149658,0.000456812232072572
679.833374,0.000579574865011244
679.9518433,0
680.0702515,0
680.1887207,0
680.3071899,0
680.4255981,0
680.5440674,0
680.6624756,0
680.7809448,0
680.8994141,0
681.0178223,0
681.1362915,0
681.2547607,0
681.3731689,0
681.4916382,0
681.6101074,3.74644801179512e-05
681.7285767,0.000713251293576561
681.8469849,0.000501740267134999
681.9654541,0.00090794028387929
682.0839233,0.000125198313029138
682.2023926,0.000353487539740547
682.3208008,0
682.43927,0
682.5577393,0
682.6762085,0
682.7946777,0.000177531248800964
682.9130859,0
683.0315552,0
683.1500244,0
683.2684937,0
683.3869629,0
683.5054321,0
683.6238403,0
683.7423096,0
683.8607788,0
683.979248,0
684.0977173,0.000512778079667869
684.2161865,0.000167352986455002
684.3346558,0.000479846531786614
684.453125,0.000484629945102956
684.5715942,0.000518535192875432
684.6900635,0.000866810704422119
684.8084717,0.000650098034400722
684.9269409,0.00110748648213247
685.0454102,0.000743871534462
685.1638794,0
685.2823486,0
685.4008179,0
685.5192871,0
685.6377563,0
685.7562256,0
685.8746948,0
685.9931641,0
686.1116333,0
686.2301025,0
686.3485718,0
686.467041,0.000444435479929043
686.5855713,0.00144071337054612
686.7040405,0.00193854183655595
686.8225098,0.00251420491185285
686.940979,0.00229404852606103
687.0594482,0.00231203131011785
687.1779175,0.00129715247973972
687.2963867,0.00101979483052364
687.414856,0
687.5333252,0
687.6517944,0
687.7703247,0
687.8887939,0
688.0072632,0
688.1257324,0
688.2442017,0
688.3626709,0
688.4811401,0
688.5996704,0
688.7181396,0.00027159569985639
688.8366089,0.000434812181925895
688.9550781,0.000429786822675714
689.0735474,0.00044590748866835
689.1920776,0.000957854288263361
689.3105469,0.00185015233016962
689.4290161,0.0011317720158479
689.5474854,0.000841064167255306
689.6660156,0.000610985812878114
689.7844849,0.00052375521646091
689.9029541,0
690.0214233,0
690.1399536,0
690.2584229,0
690.3768921,0
690.4954224,0
690.6138916,0
690.7323608,0
690.8508301,0
690.9693604,0
691.0878296,0
691.2062988,2.87842909608067e-05
691.3248291,0.000799345104290285
691.4432983,0.000926008556477912
691.5617676,0.000497341357339417
691.6802979,0.0002722184044392
691.7987671,0
691.9172363,0
692.0357666,0
692.1542358,0
692.2727661,0
692.3912354,0
692.5097046,0
692.6282349,0
692.7467041,0
692.8652344,0
692.9837036,0
693.1022339,0
693.2207031,0
693.3391724,0
693.4577026,0.000241831861692321
693.5761719,0.000697023014172579
693.6947021,0.00127847400019451
693.8131714,0.00163304364570137
693.9317017,0.00237749018955778
694.0501709,0.00220916460586325
694.1687012,0.00125802730015774
694.2871704,0.000753607224309466
694.4057007,0
694.5241699,0
694.6427002,0
694.7611694,0
694.8796997,0
694.9981689,0
695.1166992,0
695.2351685,0
695.3536987,0
695.472168,0
695.5906982,7.95863801036795e-05
695.7091675,0.000533219713642877
695.8276978,0.00154966667874016
695.946167,0.00154278788584768
696.0646973,0.00156264717003971
696.1832275,0.00158731835610963
696.3016968,0.00068925487270907
696.4202271,0.000105745266526285
696.5386963,0
696.6572266,0
696.7757568,0
696.8942261,0
697.0127563,0
697.1312256,0
697.2497559,0
697.3682861,0
697.4867554,0
697.6052856,0
697.7238159,0
697.8422852,0
697.9608154,0
698.0792847,0.000260061226878804
698.1978149,0.0023781058125617
698.3163452,0.00221685628202248
698.4348145,0.00216241307898899
698.5533447,0.00190151354734872
698.671875,0.00152132266801976
698.7903442,0.00164841970346399
698.9088745,0
699.0274048,0
699.145874,0
699.2644043,0
699.3829346,0
699.5014648,0
699.6199341,0
699.7384644,0
699.8569946,0
699.9754639,0
700.0939941,0
700.2125244,0
700.3310547,0.000440032044542268
700.4495239,0.00133520439847669
700.5680542,0.00145657417051326
700.6865845,0.00126844864592559
700.8051147,0.000702211424657201
700.923584,0
701.0421143,0
701.1606445,0
701.2791748,0
701.397644,0
701.5161743,0
701.6347046,0
701.7532349,0
701.8717651,0
701.9902344,0
702.1087646,0
702.2272949,0
702.3458252,0
702.4643555,0
702.5828247,0
702.701355,0.000422082941067857
702.8198853,0.000736209857526765
702.9384155,0.000832360222513797
703.0569458,0.000471664249527447
703.175415,0.000133391807089932
703.2939453,0
703.4124756,0
703.5310059,0
703.6495361,0
703.7680664,0
703.8865356,0
704.0050659,0
704.1235962,0
704.2421265,0
704.3606567,0
704.479187,0
704.5977173,0
704.7161865,0
704.8347168,0
704.9532471,8.19904473103756e-05
705.0717773,0.000819577680756005
705.1903076,0.00162816102822947
705.3088379,0.00141294763762219
705.4273682,0.00105526320424244
705.5458984,0.000963067235359618
705.6643677,0.000170551849852436
705.7828979,0
705.9014282,0
706.0199585,0
706.1384888,0
706.257019,0
706.3755493,0
706.4940796,0
706.6126099,0
706.7311401,0
706.8496094,0
706.9681396,0
707.0866699,2.43719652936513e-06
707.2052002,0.00135520973251457
707.3237305,0.00149296056519289
707.4422607,0.0015535703930431
707.560791,0.00132152848750609
707.6793213,0.000833699173373447
707.7978516,0.000499803125387811
707.9163818,0
708.0349121,0
708.1534424,0
708.2719727,0
708.3905029,0
708.5090332,0
708.6275024,0
708.7460327,0
708.864563,0
708.9830933,0.000226171607624708
709.1016235,0.000242468764810011
709.2201538,0.00101981706972633
709.3386841,0.00150588701975675
709.4572144,0.00144100542403803
709.5757446,0.00187152713650876
709.6942749,0.00138265846093597
709.8128052,0.00196560022597769
709.9313354,0.00109110034395499
710.0498657,0.00098049630740201
710.168396,0.00084874032958849
710.2869263,3.33745448574424e-05
710.4054565,0.000199193962370584
710.5239868,0
710.6425171,0
710.7610474,0
710.8795776,0
710.9981079,0
711.1166382,0
711.2351685,0
711.3536987,0
711.472229,0
711.5907593,0
711.7092896,0
711.8278198,0
711.9463501,0.0009464018636495
712.0648804,0.00127959865530843
712.1834106,0.000799243878152387
712.3019409,0.000494040176511898
712.4204712,0
712.5390015,0
712.6575317,0
712.776062,0
712.8945923,0
713.0131226,0
713.1316528,0
713.2501831,0
713.3687134,0
713.4872437,0
713.6057739,0
713.7243042,0
713.8428345,0.000189836836890736
713.9613647,0.00115166424545345
714.079895,0.00128382740291305
714.1984253,0.00220500806730413
714.3169556,0.0022461638836677
714.4354858,0.00199120996078579
714.5540161,0.00124167402736412
714.6725464,5.29950075365309e-05
714.7910767,0
714.9096069,0
715.0281372,0
715.1466675,0
715.2651978,0
715.383728,0
715.5022583,0
715.6207886,0
715.7393188,0
715.8578491,0
715.9763794,0
716.0949097,0
716.2134399,0
716.3319702,0
716.4505005,0
716.5690308,0.00029326795941596
716.687561,0.000719838400296136
716.8060913,0.000987425144911495
716.9246216,0.000352265501157662
717.0431519,2.36510485129671e-05
717.1616821,0
717.2802124,0
717.3987427,0
717.5172729,0
717.6358032,0
717.7543335,0
717.8728638,0
717.991394,0
718.1099243,0
718.2285156,0
718.3470459,0
718.4655762,0
718.5841064,0
718.7026367,0
718.821167,0
718.9396973,0
719.0582275,0
719.1767578,0
719.2952881,0
719.4138184,0
719.5323486,0
719.6508789,0
719.7694092,0
719.8879395,0
720.0064697,0
720.125,0
720.2435303,0
720.3620605,0
720.4805908,0
720.5991211,0
720.7176514,0
720.8361816,0
720.9547119,0
721.0732422,0
721.1917725,0
721.3103027,0
721.428833,0.000169830055660368
721.5473633,0.000165764186568848
721.6658936,0.000193491643796474
721.7844238,0
721.9029541,0
722.0214844,0
722.1400146,0
722.2585449,0
722.3770752,0
722.4956055,0
722.6141357,0
722.732666,0
722.8511963,0
722.9697266,0
723.0882568,0
723.2067871,0.000580342091746099
723.3253174,6.3023268524842e-05
723.4438477,0.000211279579847634
723.5623779,0.000670686763698804
723.6809082,0.000579668015692341
723.7993774,0
723.9179077,0
724.036438,0
724.1549683,0
724.2734985,0
724.3920288,0
724.5105591,0
724.6290894,0
724.7476196,0
724.8661499,0
724.9846802,0
725.1032104,0
725.2217407,0
725.340271,0
725.4588013,0
725.5773315,0
725.6958618,0
725.8143921,0.000442177807162274
725.9329224,0.000873337112118428
726.0514526,0.000127676725744843
726.1699219,4.20571114906801e-05
726.2884521,0
726.4069824,0
726.5255127,0
726.644043,0
726.7625732,0
726.8811035,0
726.9996338,0
727.1181641,0
727.2366943,0
727.3552246,0
727.4737549,0
727.5922241,0
727.7107544,0
727.8292847,0
727.9478149,0.000807956277339049
728.0663452,0.0012647687965569
728.1848755,0.00131266627016046
728.3034058,0.000582737221491781
728.421936,0.000393193724720899
728.5404663,0
728.6589355,0
728.7774658,0
728.8959961,0
729.0145264,0
729.1330566,0
729.2515869,0
729.3701172,0
729.4885864,0
729.6071167,0
729.725647,0
729.8441772,0
729.9627075,0
730.0812378,0
730.1997681,0
730.3182373,0
730.4367676,0
730.5552979,0
730.6738281,0
730.7923584,0
730.9108276,0
731.0293579,0
731.1478882,0
731.2664185,0
731.3849487,0
731.503479,0
731.6219482,0
731.7404785,0
731.8590088,0
731.9775391,0
732.0960083,0
732.2145386,0
732.3330688,0
732.4515991,0
732.5701294,0
732.6885986,0
732.8071289,0
732.9256592,0
733.0441895,0
733.1626587,0
733.281189,0
733.3997192,0
733.5181885,0
733.6367188,0
733.755249,0
733.8737793,0
733.9922485,0
734.1107788,0
734.2293091,0
734.3477783,0
734.4663086,0
734.5848389,0
734.7033691,0
734.8218384,0
734.9403687,0.000118136228512891
735.0588989,0
735.1773682,0
735.2958984,0
735.4144287,0
735.5328979,0
735.6514282,0
735.7699585,0
735.8884277,0
736.006958,0
736.1254272,0
736.2439575,0
736.3624878,0
736.480957,0
736.5994873,0
736.7180176,0
736.8364868,0
736.9550171,0
737.0734863,0.000699561023309194
737.1920166,0.00101496514621015
737.3105469,0.000698190310009459
737.4290161,0
737.5475464,0
737.6660156,0
737.7845459,0
737.9030151,0
738.0215454,0
738.1400146,0
738.2585449,0
738.3770752,0
738.4955444,0
738.6140747,0
738.7325439,0
738.8510742,0
738.9695435,0
739.0880737,0
739.206543,0
739.3250732,0.000162917949271619
739.4435425,0.000144753274950789
739.5620728,0.000233817707595488
739.680542,0
739.7990723,9.00020737314381e-05
739.9175415,0
740.0360107,0
740.154541,0
740.2730103,4.47943110886048e-05
740.3915405,0
740.5100098,0
740.62854,0
740.7470093,0
740.8655396,0
740.9840088,0
741.102478,0
741.2210083,0
741.3394775,0
741.4580078,0
741.5764771,0
