3.8000000e+02	1.1389166e-04
3.8100000e+02	1.0148637e-04
3.8200000e+02	8.8309044e-05
3.8300000e+02	6.5325634e-05
3.8400000e+02	7.3063646e-05
3.8500000e+02	7.6243043e-05
3.8600000e+02	1.3283480e-04
3.8700000e+02	1.4497892e-04
3.8800000e+02	2.1216026e-04
3.8900000e+02	2.7859328e-04
3.9000000e+02	4.0587826e-04
3.9100000e+02	6.0383692e-04
3.9200000e+02	9.0344774e-04
3.9300000e+02	1.3162837e-03
3.9400000e+02	1.8292594e-03
3.9500000e+02	2.5376517e-03
3.9600000e+02	3.6151620e-03
3.9700000e+02	4.9015618e-03
3.9800000e+02	6.4098622e-03
3.9900000e+02	8.3299272e-03
4.0000000e+02	1.0927575e-02
4.0100000e+02	1.3610229e-02
4.0200000e+02	1.7041448e-02
4.0300000e+02	2.1254092e-02
4.0400000e+02	2.6019341e-02
4.0500000e+02	3.0036772e-02
4.0600000e+02	3.4098846e-02
4.0700000e+02	3.7534796e-02
4.0800000e+02	3.9695241e-02
4.0900000e+02	3.9496282e-02
4.1000000e+02	3.7359699e-02
4.1100000e+02	3.3012389e-02
4.1200000e+02	2.8088694e-02
4.1300000e+02	2.3221027e-02
4.1400000e+02	1.9010889e-02
4.1500000e+02	1.5197575e-02
4.1600000e+02	1.1926701e-02
4.1700000e+02	9.7476523e-03
4.1800000e+02	8.0605064e-03
4.1900000e+02	6.7097904e-03
4.2000000e+02	5.5034362e-03
4.2100000e+02	4.6039817e-03
4.2200000e+02	3.7809454e-03
4.2300000e+02	3.0478150e-03
4.2400000e+02	2.4026361e-03
4.2500000e+02	1.9095217e-03
4.2600000e+02	1.5390508e-03
4.2700000e+02	1.2763227e-03
4.2800000e+02	1.0707903e-03
4.2900000e+02	8.9896731e-04
4.3000000e+02	7.8866879e-04
4.3100000e+02	7.2102286e-04
4.3200000e+02	6.5078932e-04
4.3300000e+02	5.7137275e-04
4.3400000e+02	5.0182562e-04
4.3500000e+02	4.4355028e-04
4.3600000e+02	3.8418449e-04
4.3700000e+02	3.2826867e-04
4.3800000e+02	2.7253208e-04
4.3900000e+02	2.3209265e-04
4.4000000e+02	1.9165457e-04
4.4100000e+02	1.5863513e-04
4.4200000e+02	1.3501354e-04
4.4300000e+02	1.1546234e-04
4.4400000e+02	9.8899111e-05
4.4500000e+02	1.0308254e-04
4.4600000e+02	1.0371564e-04
4.4700000e+02	9.5281600e-05
4.4800000e+02	9.7758855e-05
4.4900000e+02	9.2821280e-05
4.5000000e+02	8.7794442e-05
4.5100000e+02	8.9698636e-05
4.5200000e+02	7.9071452e-05
4.5300000e+02	8.2519656e-05
4.5400000e+02	8.3390409e-05
4.5500000e+02	7.4573373e-05
4.5600000e+02	6.6154685e-05
4.5700000e+02	6.3144862e-05
4.5800000e+02	5.7899425e-05
4.5900000e+02	5.0525408e-05
4.6000000e+02	4.3503590e-05
4.6100000e+02	4.0190195e-05
4.6200000e+02	3.7040369e-05
4.6300000e+02	3.4093331e-05
4.6400000e+02	3.7074304e-05
4.6500000e+02	3.2899089e-05
4.6600000e+02	3.1699213e-05
4.6700000e+02	2.8032791e-05
4.6800000e+02	2.6142541e-05
4.6900000e+02	2.4780048e-05
4.7000000e+02	2.2074944e-05
4.7100000e+02	1.7433215e-05
4.7200000e+02	1.8333342e-05
4.7300000e+02	1.7334663e-05
4.7400000e+02	1.9806130e-05
4.7500000e+02	1.6973946e-05
4.7600000e+02	1.9817539e-05
4.7700000e+02	1.9670276e-05
4.7800000e+02	1.9356527e-05
4.7900000e+02	2.0010426e-05
4.8000000e+02	1.1730340e-05
4.8100000e+02	1.8033503e-05
4.8200000e+02	1.6061612e-05
4.8300000e+02	1.1920288e-05
4.8400000e+02	1.3715918e-05
4.8500000e+02	1.2014192e-05
4.8600000e+02	1.4106759e-05
4.8700000e+02	1.2846969e-05
4.8800000e+02	9.5796438e-06
4.8900000e+02	1.0025256e-05
4.9000000e+02	9.7250897e-06
4.9100000e+02	1.0703786e-05
4.9200000e+02	1.2250378e-05
4.9300000e+02	1.8935836e-05
4.9400000e+02	1.8897481e-05
4.9500000e+02	1.4362220e-05
4.9600000e+02	1.3545048e-05
4.9700000e+02	2.0581989e-05
4.9800000e+02	1.6699440e-05
4.9900000e+02	2.0285354e-05
5.0000000e+02	1.9344730e-05
5.0100000e+02	1.8940829e-05
5.0200000e+02	1.7255210e-05
5.0300000e+02	1.6893171e-05
5.0400000e+02	1.8786865e-05
5.0500000e+02	1.4463254e-05
5.0600000e+02	1.9946207e-05
5.0700000e+02	1.8773652e-05
5.0800000e+02	2.2349586e-05
5.0900000e+02	2.1327890e-05
5.1000000e+02	2.1963956e-05
5.1100000e+02	2.3078607e-05
5.1200000e+02	2.0550012e-05
5.1300000e+02	2.2327002e-05
5.1400000e+02	2.2832277e-05
5.1500000e+02	2.6814215e-05
5.1600000e+02	2.0144777e-05
5.1700000e+02	2.8298519e-05
5.1800000e+02	2.9691052e-05
5.1900000e+02	2.5987222e-05
5.2000000e+02	2.7067397e-05
5.2100000e+02	2.7790123e-05
5.2200000e+02	2.9055593e-05
5.2300000e+02	2.5861453e-05
5.2400000e+02	3.0816964e-05
5.2500000e+02	3.0167706e-05
5.2600000e+02	2.6847118e-05
5.2700000e+02	2.8992476e-05
5.2800000e+02	3.0287945e-05
5.2900000e+02	3.4728054e-05
5.3000000e+02	3.0299306e-05
5.3100000e+02	3.3302293e-05
5.3200000e+02	3.1002215e-05
5.3300000e+02	3.1244220e-05
5.3400000e+02	3.1565162e-05
5.3500000e+02	2.8880963e-05
5.3600000e+02	3.0395887e-05
5.3700000e+02	3.4371057e-05
5.3800000e+02	3.0257050e-05
5.3900000e+02	2.9101770e-05
5.4000000e+02	3.0618062e-05
5.4100000e+02	3.1025404e-05
5.4200000e+02	3.0762371e-05
5.4300000e+02	3.0154852e-05
5.4400000e+02	3.0660885e-05
5.4500000e+02	2.7001536e-05
5.4600000e+02	2.6462506e-05
5.4700000e+02	2.8752531e-05
5.4800000e+02	2.6115004e-05
5.4900000e+02	2.4688421e-05
5.5000000e+02	2.7872583e-05
5.5100000e+02	2.5997694e-05
5.5200000e+02	2.5492913e-05
5.5300000e+02	2.9032001e-05
5.5400000e+02	2.4168339e-05
5.5500000e+02	2.7769471e-05
5.5600000e+02	2.5640634e-05
5.5700000e+02	2.2786738e-05
5.5800000e+02	2.4096782e-05
5.5900000e+02	2.1144303e-05
5.6000000e+02	2.3573814e-05
5.6100000e+02	2.0372696e-05
5.6200000e+02	2.1527276e-05
5.6300000e+02	2.1565677e-05
5.6400000e+02	1.8721851e-05
5.6500000e+02	1.9876208e-05
5.6600000e+02	2.1515743e-05
5.6700000e+02	1.9232030e-05
5.6800000e+02	1.9367436e-05
5.6900000e+02	2.0012916e-05
5.7000000e+02	2.0148923e-05
5.7100000e+02	1.5800487e-05
5.7200000e+02	1.5445470e-05
5.7300000e+02	2.0152330e-05
5.7400000e+02	1.7100556e-05
5.7500000e+02	2.1549619e-05
5.7600000e+02	2.0155858e-05
5.7700000e+02	1.5697940e-05
5.7800000e+02	1.6832681e-05
5.7900000e+02	1.6074762e-05
5.8000000e+02	1.6080217e-05
5.8100000e+02	1.5830389e-05
5.8200000e+02	1.4538230e-05
5.8300000e+02	1.5179324e-05
5.8400000e+02	1.6711921e-05
5.8500000e+02	1.6098737e-05
5.8600000e+02	1.4548208e-05
5.8700000e+02	1.6974869e-05
5.8800000e+02	1.5702203e-05
5.8900000e+02	1.9281183e-05
5.9000000e+02	2.0179742e-05
5.9100000e+02	1.8523749e-05
5.9200000e+02	2.0061503e-05
5.9300000e+02	1.6231962e-05
5.9400000e+02	2.0710300e-05
5.9500000e+02	1.6473457e-05
5.9600000e+02	1.7243781e-05
5.9700000e+02	1.4309387e-05
5.9800000e+02	1.6740913e-05
5.9900000e+02	1.9398357e-05
6.0000000e+02	1.5083263e-05
6.0100000e+02	1.8637089e-05
6.0200000e+02	1.9020043e-05
6.0300000e+02	1.9147694e-05
6.0400000e+02	1.9429288e-05
6.0500000e+02	1.6103899e-05
6.0600000e+02	1.9807951e-05
6.0700000e+02	1.9164357e-05
6.0800000e+02	2.3630366e-05
6.0900000e+02	2.2347713e-05
6.1000000e+02	2.5911075e-05
6.1100000e+02	2.6830673e-05
6.1200000e+02	3.1115353e-05
6.1300000e+02	2.8078731e-05
6.1400000e+02	2.8737725e-05
6.1500000e+02	2.7827664e-05
6.1600000e+02	2.2451110e-05
6.1700000e+02	2.0041704e-05
6.1800000e+02	2.3121656e-05
6.1900000e+02	2.4765723e-05
6.2000000e+02	1.8498253e-05
6.2100000e+02	1.9944326e-05
6.2200000e+02	1.5870965e-05
6.2300000e+02	1.9070756e-05
6.2400000e+02	2.0126350e-05
6.2500000e+02	2.0007402e-05
6.2600000e+02	2.0529999e-05
6.2700000e+02	2.0255160e-05
6.2800000e+02	3.4753661e-05
6.2900000e+02	4.2527828e-05
6.3000000e+02	5.2854551e-05
6.3100000e+02	5.7656594e-05
6.3200000e+02	5.4272160e-05
6.3300000e+02	4.8375982e-05
6.3400000e+02	4.4408732e-05
6.3500000e+02	4.4167976e-05
6.3600000e+02	3.4475009e-05
6.3700000e+02	2.9049286e-05
6.3800000e+02	1.9037674e-05
6.3900000e+02	1.6708902e-05
6.4000000e+02	1.1162037e-05
6.4100000e+02	1.3231190e-05
6.4200000e+02	1.1705491e-05
6.4300000e+02	1.1022740e-05
6.4400000e+02	1.3215376e-05
6.4500000e+02	1.2952354e-05
6.4600000e+02	1.4993229e-05
6.4700000e+02	1.8177337e-05
6.4800000e+02	1.7822087e-05
6.4900000e+02	1.5285517e-05
6.5000000e+02	1.3758110e-05
6.5100000e+02	1.3782193e-05
6.5200000e+02	9.1661014e-06
6.5300000e+02	9.8596522e-06
6.5400000e+02	5.8527984e-06
6.5500000e+02	9.3429615e-06
6.5600000e+02	1.2827296e-05
6.5700000e+02	6.7349729e-06
6.5800000e+02	8.6607554e-06
6.5900000e+02	4.9002990e-06
6.6000000e+02	8.9217860e-06
6.6100000e+02	9.6471714e-06
6.6200000e+02	6.7639890e-06
6.6300000e+02	8.0894270e-06
6.6400000e+02	9.8369728e-06
6.6500000e+02	2.6553406e-06
6.6600000e+02	5.7979097e-06
6.6700000e+02	5.3353331e-06
6.6800000e+02	8.9632508e-06
6.6900000e+02	9.1053475e-06
6.7000000e+02	7.5250656e-06
6.7100000e+02	8.1547543e-06
6.7200000e+02	6.9523403e-06
6.7300000e+02	7.1516061e-06
6.7400000e+02	6.1870869e-06
6.7500000e+02	3.9833184e-06
6.7600000e+02	3.7004269e-06
6.7700000e+02	3.7005953e-06
6.7800000e+02	3.2550047e-06
6.7900000e+02	1.7585492e-07
6.8000000e+02	4.1051993e-06
6.8100000e+02	1.5499206e-06
6.8200000e+02	4.4438958e-06
6.8300000e+02	5.5916757e-06
6.8400000e+02	1.6999000e-06
6.8500000e+02	5.1212928e-06
6.8600000e+02	4.7458974e-06
6.8700000e+02	1.2900045e-06
6.8800000e+02	4.3063357e-06
6.8900000e+02	4.9773582e-06
6.9000000e+02	4.0757873e-06
6.9100000e+02	1.0073842e-06
6.9200000e+02	0.0000000e+00
6.9300000e+02	0.0000000e+00
6.9400000e+02	3.2894037e-06
6.9500000e+02	4.4117237e-06
6.9600000e+02	7.7043400e-06
6.9700000e+02	3.2023611e-06
6.9800000e+02	4.5881659e-06
6.9900000e+02	2.6060228e-06
7.0000000e+02	3.9699599e-06
7.0100000e+02	4.1966426e-06
7.0200000e+02	3.9490801e-06
7.0300000e+02	1.9976910e-06
7.0400000e+02	5.8155942e-07
7.0500000e+02	5.1259780e-06
7.0600000e+02	4.6101610e-06
7.0700000e+02	0.0000000e+00
7.0800000e+02	1.0476332e-06
7.0900000e+02	7.0231236e-06
7.1000000e+02	8.2081482e-06
7.1100000e+02	8.0127903e-06
7.1200000e+02	2.4478168e-06
7.1300000e+02	1.1624381e-06
7.1400000e+02	2.9592125e-06
7.1500000e+02	1.0878413e-06
7.1600000e+02	2.1467008e-06
7.1700000e+02	1.4126248e-06
7.1800000e+02	3.7758045e-06
7.1900000e+02	2.1819680e-06
7.2000000e+02	0.0000000e+00
7.2100000e+02	0.0000000e+00
7.2200000e+02	4.3981989e-06
7.2300000e+02	6.7521518e-06
7.2400000e+02	7.2139881e-06
7.2500000e+02	0.0000000e+00
7.2600000e+02	3.2872594e-06
7.2700000e+02	5.8060010e-06
7.2800000e+02	2.6279107e-06
7.2900000e+02	0.0000000e+00
7.3000000e+02	1.0896742e-06
7.3100000e+02	0.0000000e+00
7.3200000e+02	0.0000000e+00
7.3300000e+02	2.2219821e-06
7.3400000e+02	2.8900658e-06
7.3500000e+02	0.0000000e+00
7.3600000e+02	0.0000000e+00
7.3700000e+02	3.2105258e-07
7.3800000e+02	9.5467812e-06
7.3900000e+02	0.0000000e+00
7.4000000e+02	0.0000000e+00
7.4100000e+02	0.0000000e+00
7.4200000e+02	6.3100486e-06
7.4300000e+02	8.9632763e-06
7.4400000e+02	0.0000000e+00
7.4500000e+02	2.1341093e-06
7.4600000e+02	0.0000000e+00
7.4700000e+02	0.0000000e+00
7.4800000e+02	0.0000000e+00
7.4900000e+02	7.5525825e-06
7.5000000e+02	2.0978862e-06
7.5100000e+02	0.0000000e+00
7.5200000e+02	3.0025968e-06
7.5300000e+02	0.0000000e+00
7.5400000e+02	0.0000000e+00
7.5500000e+02	0.0000000e+00
7.5600000e+02	2.7363733e-05
7.5700000e+02	8.6493091e-06
7.5800000e+02	6.0111911e-06
7.5900000e+02	0.0000000e+00
7.6000000e+02	0.0000000e+00
7.6100000e+02	1.0373318e-05
7.6200000e+02	1.4034947e-05
7.6300000e+02	0.0000000e+00
7.6400000e+02	1.7714739e-05
7.6500000e+02	2.5758848e-05
7.6600000e+02	1.6118599e-05
7.6700000e+02	1.4347624e-05
7.6800000e+02	0.0000000e+00
7.6900000e+02	0.0000000e+00
7.7000000e+02	0.0000000e+00
7.7100000e+02	5.3234745e-06
7.7200000e+02	1.2474628e-05
7.7300000e+02	9.8296609e-06
7.7400000e+02	0.0000000e+00
7.7500000e+02	1.3132748e-06
7.7600000e+02	0.0000000e+00
7.7700000e+02	4.9871185e-06
7.7800000e+02	0.0000000e+00
7.7900000e+02	0.0000000e+00
7.8000000e+02	1.6618888e-05
