321.5698853,0
321.6777954,0
321.7857361,0
321.8936768,0
322.0016174,0
322.1095581,0
322.2175293,0
322.32547,0
322.4334412,0
322.5414124,0
322.6494141,0
322.7573853,0
322.865387,0
322.9733887,0.000593365132596812
323.0813904,0
323.1893921,0
323.2973938,0
323.405426,0
323.5134583,0
323.6214905,0
323.7295227,0
323.8375854,0
323.9456482,0
324.0537109,0
324.1617737,0
324.2698364,0
324.3778992,0
324.4859924,0
324.5940857,0
324.702179,0
324.8102722,0
324.918396,0.00139784139056495
325.0265198,0.00148743112233529
325.1346436,0.000408195091261791
325.2427673,0
325.3508911,0
325.4590149,0
325.5671692,0
325.6753235,0
325.7834778,0
325.8916321,0
325.9998169,0
326.1080017,0
326.2161865,0
326.3243713,0
326.4325562,0
326.5407715,0
326.6489563,0
326.7571716,0
326.865387,0
326.9736328,0
327.0818481,0
327.190094,0
327.2983398,0
327.4065857,0
327.5148315,0
327.6231079,0
327.7313538,0
327.8396301,0
327.9479065,0
328.0562134,0
328.1644897,0
328.2727966,0
328.3811035,0
328.4894104,0
328.5977173,0
328.7060242,0
328.8143616,0
328.922699,0
329.0310364,0
329.1393738,0
329.2477417,0
329.3561096,0
329.464447,0
329.5728149,0
329.6812134,0
329.7895813,0
329.8979797,0
330.0063782,0
330.1147766,0
330.223175,0
330.3315735,0
330.4400024,0
330.5484314,0
330.6568604,0
330.7652893,0
330.8737488,0
330.9821777,0
331.0906372,0
331.1990967,0
331.3075562,0
331.4160461,0
331.5245361,0
331.6329956,0
331.7414856,0
331.8500061,0
331.9584961,0
332.0670166,0
332.1755066,0
332.2840271,0
332.3925781,0
332.5010986,0
332.6096497,0
332.7181702,0
332.8267212,0
332.9353027,0
333.0438538,0
333.1524048,0
333.2609863,0
333.3695679,0
333.4781494,0
333.5867615,0
333.695343,0
333.8039551,0
333.9125671,0
334.0211792,0
334.1297913,0
334.2384338,0
334.3470764,0
334.455719,0.000679964379322188
334.5643616,0
334.6730042,0
334.7816772,0
334.8903198,0
334.9989929,0
335.107666,0
335.2163696,0
335.3250427,0
335.4337463,0
335.54245,0
335.6511536,0
335.7598572,0
335.8685608,0
335.9772949,0
336.0860291,0
336.1947632,0
336.3034973,0
336.412262,0
336.5209961,0
336.6297607,0
336.7385254,0
336.84729,0
336.9560852,0
337.0648499,0
337.173645,0
337.2824402,0
337.3912354,0
337.5000305,0
337.6088562,0
337.7176819,0
337.8265076,0
337.9353333,0
338.0441589,0
338.1530151,0
338.2618408,0
338.370697,0
338.4795532,0
338.5884399,0
338.6972961,0
338.8061829,0
338.9150696,0
339.0239563,0
339.132843,0
339.2417603,0
339.350647,0
339.4595642,0
339.5684814,0
339.6773987,0
339.7863464,0
339.8952637,0
340.0042114,0
340.1131592,0.000556820713769598
340.2221069,5.89831962442297e-05
340.3310852,0
340.440033,0
340.5490112,0
340.6579895,0
340.7669678,0
340.8759766,0
340.9849548,0
341.0939636,0
341.2029724,0
341.3119812,0
341.42099,0
341.5300293,0
341.6390381,0
341.7480774,0
341.8571167,0
341.9661865,0
342.0752258,0
342.1842957,0
342.293335,0
342.4024048,0
342.5115051,0
342.620575,0
342.7296753,0
342.8387451,0
342.9478455,0
343.0569763,0
343.1660767,0
343.2752075,0
343.3843079,0
343.4934387,0
343.6025696,0
343.711731,0
343.8208618,0
343.9300232,0
344.0391846,0
344.1483459,0
344.2575073,0
344.3666687,0
344.4758606,0
344.5850525,0
344.6942444,0
344.8034363,0
344.9126587,0
345.0218506,0
345.131073,0
345.2402954,0
345.3495178,0
345.4587402,0
345.5679932,0
345.6772461,0
345.786499,0
345.895752,0
346.0050049,0
346.1142578,0
346.2235413,0
346.3328247,0
346.4421082,0
346.5513916,0
346.6607056,0
346.769989,0
346.879303,0
346.9886169,0
347.0979309,0
347.2072754,0
347.3165894,0
347.4259338,0
347.5352783,0
347.6446228,0
347.7539673,0
347.8633423,0
347.9727173,0
348.0820618,0
348.1914673,0
348.3008423,0
348.4102173,0
348.5196228,0
348.6290283,0
348.7384338,0
348.8478394,0
348.9572449,0
349.0666809,0
349.1761169,0
349.2855225,0
349.394989,0
349.504425,0
349.6138611,0
349.7233276,0
349.8327942,0
349.9422607,0
350.0517273,0
350.1612244,0
350.2706909,0
350.380188,0
350.4896851,0
350.5991821,0
350.7087097,0.000829734818531365
350.8182068,0
350.9277344,0
351.037262,0
351.1467896,0
351.2563171,0
351.3658752,0
351.4754333,0
351.5849609,0
351.694519,0
351.8041077,0
351.9136658,0
352.0232544,0
352.132843,0
352.2424011,0
352.3520203,0
352.4616089,0
352.571228,0
352.6808167,0
352.7904358,0
352.9000549,0
353.0097046,0
353.1193237,0
353.2289734,0
353.3385925,0
353.4482422,0
353.5579224,0
353.667572,0
353.7772522,0
353.8869019,0
353.996582,0
354.1062622,0
354.2159729,0
354.3256531,0
354.4353638,0
354.5450745,0
354.6547852,0
354.7644958,0
354.8742371,0
354.9839478,0
355.093689,0
355.2034302,0
355.3131714,0
355.4229126,0
355.5326843,0
355.6424561,0
355.7521973,0
355.8619995,0
355.9717712,0
356.081543,0
356.1913452,0
356.3011475,0
356.4109497,0
356.520752,0
356.6305542,0
356.740387,0
356.8502197,0
356.960022,0
357.0698853,0
357.179718,0
357.2895508,0
357.3994141,0
357.5092773,0
357.6191406,0
357.7290039,0
357.8388672,0
357.948761,0
358.0586548,0
358.1685181,0
358.2784424,0
358.3883362,0
358.49823,0
358.6081543,0
358.7180786,0
358.8280029,0
358.9379272,0
359.0478516,0
359.1578064,0
359.2677612,0
359.3777161,0
359.4876709,0
359.5976257,0
359.7076111,0
359.8175659,0
359.9275513,0
360.0375366,0
360.147522,0
360.2575378,0
360.3675232,0
360.4775391,0
360.5875549,0
360.6975708,0
360.8075867,0
360.9176331,0
361.0276489,0
361.1376953,0
361.2477417,0
361.3577881,0
361.467865,0
361.5779114,0
361.6879883,0
361.7980652,0
361.9081421,0
362.018219,0
362.1283264,0
362.2384033,0
362.3485107,0
362.4586182,0
362.5687256,0
362.6788635,0
362.7889709,0
362.8991089,0
363.0092468,0
363.1193848,0
363.2295227,0
363.3396912,0
363.4498291,0.000258793878571741
363.5599976,0
363.670166,0
363.7803345,0
363.8905334,0
364.0007019,0
364.1109009,0
364.2210999,0
364.3312988,0
364.4414978,0
364.5516968,0
364.6619263,0
364.7721558,0
364.8823853,0
364.9926147,0
365.1028442,0
365.2131042,0
365.3233337,0
365.4335938,0
365.5438538,0
365.6541138,0
365.7644043,2.82536662905549e-05
365.8746643,0.000456733203139026
365.9849548,0
366.0952454,0
366.2055359,0
366.3158264,0
366.4261475,0
366.536438,0
366.646759,0
366.7570801,0
366.8674011,0
366.9777527,0
367.0880737,0
367.1984253,0
367.3087769,0
367.4191284,0
367.52948,0
367.6398315,0
367.7502136,0
367.8605957,0
367.9709778,0
368.0813599,0
368.1917419,0
368.302124,0
368.4125366,0
368.5229492,0
368.6333618,0
368.7437744,0
368.854187,0
368.9646301,0
369.0750732,0
369.1855164,0
369.2959595,0
369.4064026,0
369.5168457,0
369.6273193,0
369.737793,0
369.8482666,0
369.9587402,0
370.0692139,0
370.1796875,0
370.2901917,0
370.4006958,0
370.5112,0
370.6217041,0
370.7322083,0
370.8427429,0
370.9532776,0
371.0638123,0
371.1743469,0
371.2848816,0
371.3954163,0
371.5059814,0
371.6165466,0
371.7270813,0
371.837677,0
371.9482422,0
372.0588074,0
372.1694031,0
372.2799988,0
372.3905945,0
372.5011902,0
372.6117859,0
372.7224121,0
372.8330078,0
372.943634,0
373.0542603,0
373.164917,0
373.2755432,0
373.3861694,0
373.4968262,0
373.6074829,0
373.7181396,0
373.8287964,0
373.9394836,0
374.0501404,0
374.1608276,0
374.2715149,0
374.3822021,0.000696248036456667
374.4929199,0.000418370390700708
374.6036072,0
374.714325,0
374.8250122,0
374.93573,0
375.0464783,0
375.157196,0
375.2679138,0
375.3786621,0
375.4894104,0
375.6001587,0
375.710907,0
375.8216858,0
375.9324341,0
376.0432129,0
376.1539917,0
376.2647705,0
376.3755493,0
376.4863586,0
376.5971375,0
376.7079468,0
376.8187561,0
376.9295654,0
377.0403748,0
377.1512146,0
377.2620239,0
377.3728638,0
377.4837036,0
377.5945435,0
377.7053833,0
377.8162537,0
377.927124,0
378.0379639,0
378.1488342,0
378.2597351,0
378.3706055,0
378.4814758,0
378.5923767,0
378.7032776,0
378.8141785,0.000746235669700239
378.9250793,0
379.0360107,0
379.1469116,0
379.257843,0
379.3687744,0
379.4797058,0
379.5906372,0
379.7015686,0
379.8125305,0
379.9234924,0
380.0344543,0
380.1454163,0
380.2563782,0
380.3673401,0
380.4783325,0
380.589325,0
380.7003174,0
380.8113098,0
380.9223022,0
381.0333252,0
381.1443176,0
381.2553406,0
381.3663635,0
381.4773865,0
381.5884094,0
381.6994629,0
381.8105164,0
381.9215393,0
382.0325928,0
382.1436462,0
382.2547302,0
382.3657837,0
382.4768677,0
382.5879517,0
382.6990356,0
382.8101196,0
382.9212036,0
383.0323181,0
383.1434021,0
383.2545166,0
383.3656311,0
383.4767761,0
383.5878906,0
383.6990051,0
383.8101501,0
383.9212952,0
384.0324402,0
384.1435852,0
384.2547607,0
384.3659058,0
384.4770813,0
384.5882568,0
384.6994324,0.000612103729363787
384.8106079,0
384.9217834,0
385.0329895,0
385.1441956,0
385.2553711,0
385.3665771,0
385.4778137,0
385.5890198,0
385.7002563,0
385.8114624,0
385.922699,0
386.0339355,0
386.1451721,0
386.2564392,0
386.3676758,0
386.4789429,0
386.59021,0
386.7014771,0
386.8127441,0
386.9240417,0
387.0353088,0
387.1466064,0.000595268643296263
387.2579041,0.000380044222864833
387.3692017,0.00155051721974085
387.4804993,0.000864845422692113
387.5918274,0
387.703125,0
387.8144531,0
387.9257813,0
388.0371094,0
388.1484375,0
388.2597961,0
388.3711243,0
388.4824829,0
388.5938416,0
388.7052002,0
388.8165588,0
388.9279175,0
389.0393066,0
389.1506958,0.00134671621942792
389.262085,0.00277883773712642
389.3734741,0.00289183335614075
389.4848633,0.00352637205756866
389.5962524,0.00300720159399977
389.7076721,0.00169230711614127
389.8190918,0.000115576852255229
389.930481,0
390.0419312,0
390.1533508,0
390.2647705,0
390.3762207,0
390.4876404,0
390.5990906,0
390.7105408,0
390.8220215,0
390.9334717,0.00111751415734377
391.0449524,0.00288545367367945
391.1564026,0.0045074932504887
391.2678833,0.00557448039018279
391.379364,0.00645962537377212
391.4908447,0.00652659512207768
391.602356,0.00646436210116902
391.7138367,0.0064481180533816
391.8253479,0.0055134552753045
391.9368591,0.00579467211236551
392.0483704,0.00458449123946456
392.1598816,0.00471166095954146
392.2713928,0.00364267552623407
392.3829346,0.00405203720643018
392.4944763,0.00362528408506604
392.6059875,0.0046592168093208
392.7175293,0.00469919388390425
392.8291016,0.00542268760555724
392.9406433,0.00608839312481151
393.0521851,0.00662449218780311
393.1637573,0.00995934541892286
393.2753296,0.0117521421156078
393.3869019,0.0142740537106837
393.4984741,0.0152313384675176
393.6100464,0.0177154207746928
393.7216492,0.0207298545545025
393.833252,0.0202452783039593
393.9448242,0.0215322008448566
394.056427,0.0225796732233055
394.1680603,0.0235860867464112
394.2796631,0.0247241354862523
394.3912659,0.025044788912128
394.5028992,0.0260151038903923
394.6145325,0.0255112588153781
394.7261658,0.0246795648211199
394.8377991,0.0265694606093242
394.9494324,0.0265891698495194
395.0610962,0.0285158654970834
395.1727295,0.0315175112440142
395.2843933,0.0353370312767085
395.3960571,0.0400668289367956
395.5077209,0.0433929435107187
395.6193848,0.047740775838992
395.7310791,0.0493217670695346
395.8427429,0.0522495762601716
395.9544373,0.0533971979654978
396.0661316,0.0555590787232224
396.1778259,0.0574811725219775
396.2895203,0.0580127796476031
396.4012451,0.062425214782542
396.5129395,0.0662413423134901
396.6246643,0.0705107135928944
396.7363892,0.0733365166559236
396.848114,0.0769126295161812
396.9598389,0.0815088846131529
397.0715637,0.0839078124969933
397.1833191,0.08610776089839
397.2950745,0.089576199116446
397.4068298,0.0951496240397812
397.5185852,0.0993741121176347
397.6303406,0.106242616735873
397.7420959,0.113437662634807
397.8538818,0.118937804740661
397.9656372,0.123944835749804
398.0774231,0.130063577328351
398.189209,0.136749946552784
398.3009949,0.141287190513261
398.4128113,0.145468983065334
398.5245972,0.152330086689718
398.6364136,0.158872096013823
398.7481995,0.164753698325392
398.8600159,0.171118187549064
398.9718628,0.178651044386293
399.0836792,0.186752290651771
399.1954956,0.194762624630232
399.3073425,0.202460520779717
399.4191895,0.211110947326634
399.5310364,0.221180439054302
399.6428833,0.232034134443786
399.7547302,0.243182088778855
399.8665771,0.254088459418888
399.9784546,0.267527023317562
400.090332,0.277708521779342
400.202179,0.288232011293892
400.3140564,0.297312333079444
400.4259644,0.307600554541916
400.5378418,0.318263549132204
400.6497498,0.330095274976778
400.7616272,0.34173332454713
400.8735352,0.352316322353186
400.9854431,0.365804599433586
401.0973511,0.378909297172562
401.2092896,0.391376358525234
401.3211975,0.4008337585424
401.433136,0.414346740880244
401.5450745,0.428844957848511
401.6569824,0.442634121930832
401.7689514,0.457967498664575
401.8808899,0.472959471805264
401.9928284,0.490333621507021
402.1047974,0.507849210776768
402.2167664,0.524609481278492
402.3287354,0.540546326389271
402.4407043,0.556656822964314
402.5526733,0.572671638299019
402.6646423,0.587458847598619
402.7766418,0.603080391238945
402.8886414,0.617952713976128
403.0006104,0.63470319362997
403.1126099,0.649373641007148
403.2246399,0.665452720462281
403.3366394,0.683478944345293
403.4486694,0.69972164495408
403.5606689,0.718205143015364
403.672699,0.733282346198253
403.784729,0.749904958933694
403.896759,0.767512520149913
404.0087891,0.78321256912381
404.1208496,0.800632498982211
404.2329102,0.816793930474244
404.3449402,0.835106360489266
404.4570007,0.851685398305413
404.5690613,0.866992628204655
404.6811523,0.881688044597324
404.7932129,0.895064626768696
404.905304,0.905829094279506
405.0173645,0.915325131498105
405.1294556,0.924543063875121
405.2415466,0.935084427098554
405.3536377,0.94338969341942
405.4657593,0.951590855991257
405.5778503,0.958002827988273
405.6899719,0.964967670262309
405.8020935,0.970914228061209
405.9142151,0.972924943319419
406.0263367,0.97910068497582
406.1384583,0.983677082586578
406.2506104,0.991311643587054
406.3627319,0.995189056206176
406.474884,0.999160069617734
406.5870361,1
406.6991882,0.999458526265087
406.8113403,0.995658824312562
406.9235229,0.99032847715274
407.035675,0.987333665002617
407.1478577,0.982367927766892
407.2600403,0.977969491722477
407.3722229,0.971880411890943
407.4844055,0.965237152734018
407.5965881,0.9577758957343
407.7088013,0.948833173350784
407.8209839,0.941232805998256
407.933197,0.93432380066209
408.0454102,0.925406999640602
408.1576233,0.919082703234885
408.2698364,0.914444872242488
408.3820801,0.907564221465542
408.4942932,0.898852588195164
408.6065369,0.89065848187716
408.7187805,0.882909936254056
408.8310242,0.875354811704271
408.9432678,0.864262095642631
409.055542,0.854026846283589
409.1677856,0.84382099100591
409.2800598,0.83264720306781
409.392334,0.822176942415627
409.5046082,0.806909787671315
409.6168823,0.795516378927147
409.7291565,0.783590531315243
409.8414612,0.772319314198822
409.9537354,0.761758939872705
410.06604,0.751602185658294
410.1783447,0.74254702478252
410.2906494,0.735441591566672
410.4029541,0.727759131063864
410.5152893,0.720057682553695
410.627594,0.71382366568461
410.7399292,0.706674206564513
410.8522644,0.699055836626446
410.9645996,0.688135855459892
411.0769348,0.680650746637982
411.18927,0.672321149374962
411.3016052,0.661237089000222
411.4139709,0.649397541867695
411.5263367,0.644062435361552
411.6387024,0.637011758615827
411.7510681,0.627349736908471
411.8634338,0.618140584011224
411.9757996,0.612338371304914
412.0881958,0.607269172243555
412.200592,0.599260220583375
412.3129883,0.593309383531471
412.4253845,0.588434795537817
412.5377808,0.586353252372308
412.650177,0.582832639324417
412.7626038,0.579386947977304
412.875,0.576214034723801
412.9874268,0.572719605040203
413.0998535,0.569814016891494
413.2122803,0.563830623648192
413.324707,0.55907574119663
413.4371643,0.558125498921648
413.5495911,0.553692038773135
413.6620483,0.548456960754283
413.7745056,0.540737608058055
413.8869629,0.536795764552436
413.9994202,0.532311252007221
414.1118774,0.524940038638108
414.2243347,0.520534323698406
414.3368225,0.517755687643769
414.4493103,0.516497817027771
414.5617981,0.511700033269567
414.6742859,0.508821744188251
414.7867737,0.508158170770671
414.8992615,0.507556380253109
415.0117798,0.503910332550035
415.1242981,0.500844594807151
415.2367859,0.501400002269783
415.3493042,0.498309591528317
415.461853,0.493935943784607
415.5743713,0.488030521880383
415.6868896,0.485597599152128
415.7994385,0.482629728169107
415.9119873,0.476736087111101
416.0245361,0.472132539275425
416.137085,0.465578392774675
416.2496338,0.459828673227692
416.3621826,0.452646024537573
416.474762,0.44578806094268
416.5873108,0.439703695093499
416.6998901,0.435020135552194
416.8124695,0.429958343988917
416.9250488,0.425753136433435
417.0376282,0.423111941243028
417.150238,0.420341686484061
417.2628174,0.417541252180257
417.3754272,0.412236012346041
417.4880371,0.40802182368396
417.600647,0.403571051268729
417.7132568,0.397248486344222
417.8258667,0.390631735172447
417.9385071,0.383504593445159
418.0511475,0.377572709560565
418.1637573,0.371125073689755
418.2763977,0.363494738879443
418.3890381,0.355855496520802
418.501709,0.350385301239555
418.6143494,0.343842990128372
418.7269897,0.337313545474216
418.8396606,0.329700692806125
418.9523315,0.325693298395787
419.0650024,0.321429582807221
419.1776733,0.314051979984291
419.2903442,0.309181524339846
419.4030457,0.304527344089712
419.5157166,0.300458324877558
419.628418,0.293803991306017
419.7411194,0.288450105476291
419.8538208,0.284773251074503
419.9665222,0.278650123143261
420.0792236,0.271244187572292
420.1919556,0.266779511890827
420.3046875,0.258859376981384
420.4173889,0.251509834659545
420.5301208,0.242994936553096
420.6428528,0.236014411695315
420.7556152,0.230004081256141
420.8683472,0.22299078976856
420.9810791,0.217425914307559
421.0938416,0.211659718221857
421.206604,0.20794911663966
421.3193665,0.204860302944634
421.4321289,0.199909741628645
421.5448914,0.194370469177534
421.6576843,0.191054351976416
421.7704468,0.187069656532352
421.8832397,0.182016718283364
421.9960327,0.176254171920781
422.1088257,0.171893999881759
422.2216187,0.168049132348986
422.3344116,0.16288675634631
422.4472351,0.15775414974241
422.5600281,0.153073078087867
422.6728516,0.148495369735803
422.785675,0.145232643739288
422.8984985,0.140937065869627
423.011322,0.138044185604617
423.124176,0.135130972242233
423.2369995,0.131818495569849
423.3498535,0.12901387350413
423.4627075,0.125877363674568
423.5755615,0.123935778795366
423.6884155,0.122493220423939
423.8012695,0.120368223150479
423.9141235,0.120463905458382
424.0270081,0.118258093782248
424.1398621,0.117477019580758
424.2527466,0.114679474793841
424.3656311,0.110974379481018
424.4785156,0.108717855381563
424.5914307,0.103021836935696
424.7043152,0.0988500503489943
424.8172302,0.0946487761087634
424.9301147,0.0907589798738618
425.0430298,0.0877191350913489
425.1559448,0.0846842128842765
425.2688599,0.0838395564877533
425.3818054,0.0823565975083457
425.4947205,0.0813305466806492
425.607666,0.0819162055783042
425.7205811,0.081405085744489
425.8335266,0.0795045004221221
425.9464722,0.078115483404274
426.0594482,0.0790790391619285
426.1723938,0.0775763281954392
426.2853394,0.0768860638993098
426.3983154,0.0763381345332075
426.5112915,0.0771624747667873
426.6242676,0.0756140146322427
426.7372437,0.0725541883520652
426.8502197,0.0712313942546273
426.9631958,0.0686887154850107
427.0762024,0.0651992091134722
427.189209,0.062306647769641
427.3021851,0.0610297091365689
427.4151917,0.0605799329258353
427.5281982,0.0581463803204861
427.6412354,0.0569299817926249
427.7542419,0.0582501926049137
427.8672485,0.0577610356922852
427.9802856,0.0585401773146353
428.0933228,0.0582012807813734
428.2063599,0.0597122664886091
428.319397,0.0605247369711889
428.4324341,0.059189576239913
428.5455017,0.0587992647070602
428.6585388,0.0564823623411562
428.7716064,0.0555210319465981
428.8846741,0.0529496132839539
428.9977417,0.0497059534010668
429.1108093,0.0480386609924869
429.223877,0.0453947784547067
429.3369751,0.0436244605591389
429.4500427,0.0399655193623038
429.5631409,0.0389217914009697
429.676239,0.0385537338859622
429.7893372,0.0375432381990927
429.9024353,0.038241747025404
430.0155334,0.038551678118954
430.1286316,0.0394737613193837
430.2417603,0.037687087770699
430.3548889,0.0367276754787115
430.4680176,0.0349992139423466
430.5811462,0.0348222250778627
430.6942749,0.0320201171059357
430.8074036,0.0313658189234557
430.9205627,0.0316790650825707
431.0336914,0.0312584592568597
431.1468506,0.0307106515324035
431.2600098,0.0277236360443924
431.3731689,0.0278539417298862
431.4863281,0.0251056644359649
431.5994873,0.0227932080962279
431.712677,0.0188807336089238
431.8258362,0.0159111140499723
431.9390259,0.014106131928434
432.0522156,0.0128598420385506
432.1654053,0.0125491489111364
432.278595,0.0141539795290617
432.3917847,0.015648243728901
432.5050049,0.0170342971872522
432.6181946,0.0180862388388588
432.7314148,0.0177230532817943
432.844635,0.0174980025033844
432.9578552,0.0153835287800418
433.0710754,0.0140787335158749
433.1842957,0.0132595271537854
433.2975464,0.0104145400068005
433.4107971,0.00971575406248115
433.5240173,0.00826714710459065
433.6372681,0.00586765000460115
433.7505188,0.00439598783684919
433.8637695,0.00281803443936335
433.9770508,0.00213887428451654
434.0903015,0.000268529929894388
434.2035828,0
434.3168335,0
434.4301147,0
434.543396,0.000825325261800927
434.6567078,0.00269235155837283
434.769989,0.00317947801109531
434.8832703,0.00350476407231312
434.996582,0.00317122908421348
435.1098938,0.00350372028776761
435.223175,0.00305364913023918
435.3364868,0.0031499269009033
435.4498291,0.00307315801674125
435.5631409,0.00146945283472474
435.6764526,0.0021175624438762
435.7897949,8.75067941707052e-05
435.9031372,0
436.0164795,0
436.1298218,0
436.2431641,0
436.3565063,0
436.4698486,0
436.5832214,0
436.6965942,0.000445478637265052
436.809967,0.00230242768478773
436.9233398,0.00263984891141647
437.0367126,0.00239859155297255
437.1500854,0.00235133716477158
437.2634583,0.0019333045345497
437.3768616,0.00141780257473168
437.4902649,0.000715363270281801
437.6036682,0.000252746250555092
437.7170715,0
437.8304749,0
437.9438782,0
438.0572815,0
438.1707153,0
438.2841492,0
438.3975525,0
438.5109863,0
438.6244202,0
438.7378845,0
438.8513184,0
438.9647827,0
439.0782166,0.00137399670739948
439.1916809,0.000797583742210905
439.3051453,0.00182625946786046
439.4186096,0.00183178999087182
439.532074,0.00201181204821847
439.6455688,0.00113648992170287
439.7590332,0.000699660745607773
439.8725281,0.000402515951492732
439.9860229,0
440.0995178,0
440.2130127,0
440.3265076,0
440.4400024,0
440.5535278,0
440.6670227,0
440.7805481,0
440.8940735,0
441.0075989,0
441.1211243,0
441.2346497,0
441.3482056,0
441.4617615,0.00028096626644585
441.5752869,0.000433744517475793
441.6888428,0.000455605617390434
441.8023987,0
441.9159546,0
442.029541,0
442.1430969,0
442.2566833,0
442.3702393,0
442.4838257,0
442.5974121,0
442.7109985,0
442.824585,0
442.9382019,0
443.0517883,0
443.1654053,0
443.2790222,0
443.3926392,8.51085966246596e-05
443.5062561,0.000459535642701641
443.619873,4.46845729744031e-05
443.73349,0.000454032094581659
443.8471375,0.00166883309711577
443.9607849,0.000116040320225244
444.0744019,0.000365548750723961
444.1880493,0.000237716737775422
444.3016968,0
444.4153442,0
444.5290222,0
444.6426697,0
444.7563477,0
444.8700256,0
444.9836731,0
445.0973511,0
445.2110596,0
445.3247375,0
445.4384155,0
445.552124,0
445.665802,0.000492729636090242
445.7795105,0.00232298535323999
445.893219,0.0026783297803849
446.0069275,0.00197327724890864
446.1206665,0.000397925270235469
446.234375,0.00023251626658511
446.3480835,0
446.4618225,0
446.5755615,0
446.6893005,0
446.8030396,0
446.9167786,0
447.0305176,0
447.1442871,0
447.2580261,0
447.3717957,0
447.4855652,0
447.5993347,0
447.7131042,0
447.8268738,0
447.9406738,0
448.0544434,0
448.1682434,0
448.2820435,0
448.3958435,0.00104498974681103
448.5096436,0.000554547120509707
448.6234436,0
448.7372437,0
448.8510742,0
448.9649048,0
449.0787048,0
449.1925354,0
449.306366,0
449.4201965,0
449.5340576,0
449.6478882,0
449.7617493,0
449.8755798,0
449.9894409,0
450.103302,0
450.2171631,0.000170716127823159
450.3310242,0
450.4449158,0.00061785738005659
450.5587769,0.00015880611479852
450.6726685,0.000779860032917
450.7865601,0
450.9004517,0
451.0143433,0
451.1282349,0
451.2421265,0
451.3560486,0
451.4699402,0
451.5838623,0
451.6977844,0
451.8117065,0
451.9256287,0
452.0395508,0
452.1534729,0
452.2674255,0
452.3813782,0
452.4953003,0.000226433779526827
452.6092529,0
452.7232056,0
452.8371582,0
452.9511414,0
453.065094,0
453.1790771,0
453.2930298,0
453.4070129,0
453.5209961,0
453.6349792,0
453.7489929,0
453.8629761,0
453.9769592,0
454.0909729,0
454.2049866,0
454.3190002,0
454.4330139,0.00295521177350956
454.5470276,0.00377933225382389
454.6610413,0.00380332722703627
454.7750854,0.00352453006922717
454.8890991,0.00299392372348291
455.0031433,0.0023321653304157
455.1171875,0.00251827528388322
455.2312317,0.00109536220692762
455.3452759,0
455.4593201,0
455.5733643,0
455.687439,0
455.8014832,0
455.9155579,0
456.0296326,0
456.1437073,0
456.257782,0
456.3718567,0
456.4859619,0
456.6000366,0.000624180512463391
456.7141418,0.00175268980623688
456.8282471,0.000898904349291293
456.9423523,0.000466180340973645
457.0564575,0.000699970656582015
457.1705627,0.000992592346294373
457.284668,0
457.3987732,0
457.5129089,0
457.6270447,0
457.7411804,0
457.8553162,0
457.9694519,0
458.0835876,0
458.1977234,0
458.3118896,0
458.4260254,0
458.5401917,0
458.6543579,0
458.7685242,0.0018872724781438
458.8826904,0.00230910408003951
458.9968567,0.00255707723702558
459.1110535,0.00241538631056217
459.2252197,0.00275608612725502
459.3394165,0.00129633060905977
459.4536133,0
459.5677795,0
459.6820068,0
459.7962036,0
459.9104004,0
460.0245972,0
460.1388245,0
460.2530518,0
460.3672485,0
460.4814758,0
460.5957031,0
460.7099609,0
460.8241882,0
460.9384155,0.00044101931615527
461.0526733,0.00363495225262787
461.1669312,0.00761492476675823
461.281189,0.00663311450947623
461.3954163,0.0059751078449604
461.5097046,0.00552561039137776
461.6239624,0.00565505439094876
461.7382202,0.00383489064918783
461.8525085,0.00173835104660655
461.9667664,0.000784889845114936
462.0810547,0.000514572668355248
462.195343,0
462.3096313,0
462.4239197,0
462.538208,0
462.6525269,0
462.7668152,0
462.881134,0
462.9954224,0
463.1097412,0
463.2240601,0.00182907222153458
463.3384094,0.00239852851435369
463.4527283,0.00151687419627306
463.5670471,0.00161455702567123
463.6813965,0.00242455797640238
463.7957153,0.0032025179526626
463.9100647,0.00158203015092842
464.0244141,0.000470683539854811
464.1387634,0.0010279978196914
464.2531128,0
464.3674622,0
464.481842,0
464.5961914,0
464.7105713,0
464.8249512,0
464.9393311,0
465.0537109,0.00146319448499708
465.1680908,0.00114209466863553
465.2824707,0.00247602124752448
465.3968811,0.004945547410795
465.511261,0.00434509179057884
465.6256714,0.00367026504732371
465.7400818,0.00250694258185165
465.8544922,0.00263390829544233
465.9689026,0.00110615476139222
466.083313,0.00110421710720957
466.1977234,0.000999309679273879
466.3121643,0
466.4265747,0
466.5410156,0
466.6554565,0
466.7698975,0
466.8843384,0
466.9987793,0
467.1132202,0
467.2276917,0
467.3421326,0.00233007241977456
467.456604,0.0022126224447186
467.5710754,0.00170938118075381
467.6855469,0.00279665020277715
467.8000183,0.00399081032561957
467.9144897,0.00266942929372289
468.0289612,0.00315532418691509
468.1434631,0.00372666392130951
468.2579346,0.00489312684283188
468.3724365,0.00391013172446867
468.4869385,0.00360352375218236
468.6014404,0.00449460839774766
468.7159424,0.0013507163426289
468.8304443,0
468.9449463,0
469.0594788,0
469.1739807,0.000485501020581954
469.2885132,0.000520909857567825
469.4030457,0.00383014447633078
469.5175781,0.00657742688857625
469.6321106,0.00667389126636053
469.7466431,0.00725459106508071
469.8611755,0.00566055760778868
469.9757385,0.00559076702511695
470.090271,0.00552061499634138
470.204834,0.00586994935648129
470.319397,0.00553792432834017
470.43396,0.00743437115174483
470.5485229,0.00725653877253312
470.6630859,0.00573812355506357
470.7776489,0.00345168705151027
470.8922424,0.00189166691095746
471.0068054,0.00106139270371326
471.1213989,0
471.2359924,0
471.3505859,0.00051181862408971
471.4651794,0.00212022084234586
471.5797729,0.00446640689171986
471.6943665,0.00580069373722007
471.80896,0.00768873586994599
471.923584,0.00640306382668881
472.038208,0.00728824637648601
472.1528015,0.00723474299004969
472.2674255,0.00733725470181049
472.3820496,0.0080854176544694
472.4966736,0.00927754007363418
472.6113281,0.0111581747038544
472.7259521,0.00994549492444328
472.8406067,0.00909188452897517
472.9552307,0.00733000653570328
473.0698853,0.00588224028295558
473.1845398,0.00495568344502874
473.2991943,0.0038991444065968
473.4138489,0.00481685990081811
473.5285034,0.00574509768227723
473.6431885,0.00743430252754457
473.757843,0.00918794558085833
473.8725281,0.00961296683141823
473.9871826,0.0106692017440141
474.1018677,0.0106200126670278
474.2165527,0.0111961669505719
474.3312378,0.0115775044906274
474.4459534,0.0119021029550659
474.5606384,0.0117714758133439
474.6753235,0.0120439945957602
474.7900391,0.0130722008130272
474.9047546,0.0135215233933323
475.0194702,0.0124728394535035
475.1341858,0.0130428678762691
475.2489014,0.0127764682831166
475.3636169,0.0128583904301062
475.4783325,0.012066110177259
475.5930786,0.0113839083119344
475.7077942,0.011766641316026
475.8225403,0.0107167630852369
475.9372864,0.0134693170788645
476.0520325,0.014130155304682
476.1667786,0.0151976751240612
476.2815247,0.0168655595315297
476.3962708,0.0175904425570081
476.5110168,0.0194704803291157
476.6257935,0.0184167983742359
476.7405701,0.0185065935188312
476.8553162,0.0189789912653912
476.9700928,0.0187797853895557
477.0848694,0.0188186807725555
477.199646,0.0185961861111209
477.3144531,0.0197684047504733
477.4292297,0.0189129920743194
477.5440063,0.0176247585472733
477.6588135,0.0187506346130328
477.7736206,0.018572664411332
477.8884277,0.0188914019539264
478.0032349,0.0191014033834344
478.118042,0.0207149046388905
478.2328491,0.0229015791269127
478.3476563,0.022615789783858
478.4624939,0.0231760701222833
478.577301,0.0235882335630272
478.6921387,0.0237719708501646
478.8069763,0.024509092712491
478.921814,0.0233536528261549
479.0366516,0.0224411733155385
479.1514893,0.0241863310042102
479.2663269,0.0236741101883255
479.3811951,0.0228402421844764
479.4960327,0.0223405591194091
479.6109009,0.0233542156630789
479.7257385,0.0238905608831085
479.8406067,0.024033509179693
479.9554749,0.0252240580418937
480.070343,0.0266861359682429
480.1852417,0.0281391562604668
480.3001099,0.0289169408800597
480.414978,0.031050525075459
480.5298767,0.0324072681049414
480.6447754,0.0346420949201345
480.7596741,0.0369197506151922
480.8745728,0.0379312420794797
480.9894714,0.0388629667818728
481.1043701,0.0398865364094966
481.2192688,0.038238017772949
481.334198,0.0374612406706351
481.4490967,0.0373492852400065
481.5640259,0.0385160537991465
481.6789246,0.0387121823152352
481.7938538,0.0378014796571161
481.908783,0.0401403999753036
482.0237427,0.0404005813947914
482.1386719,0.0403432068721021
482.2536011,0.0402449843048563
482.3685608,0.0412883610702708
482.48349,0.0440077626585557
482.5984497,0.0451789744387378
482.7134094,0.0480588454481074
482.8283691,0.0497645421350809
482.9433289,0.050889401571569
483.0582886,0.051994203564765
483.1732483,0.0525254877833103
483.2882385,0.0523134517099329
483.4031982,0.0522379361670832
483.5181885,0.0529515479380922
483.6331787,0.0529577428699305
483.7481689,0.0528197265842393
483.8631592,0.0526439892568421
483.9781494,0.0531029126281028
484.0931396,0.053433678366579
484.2081299,0.0527917954454249
484.3231506,0.0541313142368644
484.4381409,0.0580662973692351
484.5531616,0.0603531872440147
484.6681824,0.0612299156038737
484.7832031,0.0617580149045233
484.8982239,0.0658004954071593
485.0132446,0.0663720122254127
485.1282654,0.0664653537352304
485.2433167,0.0689463334787489
485.3583374,0.0720409518179525
485.4733887,0.0729176628570808
485.5884399,0.072148026005029
485.7034607,0.07449958023398
485.818512,0.07516100141393
485.9335938,0.072657915392096
486.048645,0.0730441709890387
486.1636963,0.0742979214369804
486.2787781,0.0759557322410409
486.3938293,0.0766176011015464
486.5089111,0.0787674603859174
486.6239929,0.0811546627632591
486.7390442,0.0831094536500088
486.854126,0.0855202297817672
486.9692383,0.0883028987582245
487.0843201,0.091560977026177
487.1994019,0.0934377890984307
487.3145142,0.096795442899636
487.4295959,0.0982238539078586
487.5447083,0.0995362808402403
487.6598206,0.0997160369424348
487.7749329,0.100203925594824
487.8900452,0.101263446118889
488.0051575,0.102505219224374
488.1202698,0.103190884533295
488.2354126,0.104969341802712
488.3505249,0.106922592635986
488.4656677,0.107383259116287
488.5808105,0.108102210133015
488.6959229,0.107774319216338
488.8110657,0.110608953873424
488.926239,0.112809829273117
489.0413818,0.115426981614641
489.1565247,0.11894532157405
489.2716675,0.122255689895698
489.3868408,0.127136752785656
489.5020142,0.129348914074541
489.617157,0.131618188607326
489.7323303,0.133255613251433
489.8475037,0.133619674563896
489.962677,0.134899951897749
490.0778809,0.134247342674045
490.1930542,0.134810151754569
490.3082581,0.134289418406038
490.4234314,0.136101194528081
490.5386353,0.137096600958193
490.6538391,0.139643554707705
490.7690125,0.142998964403269
490.8842163,0.147024673252729
490.9994507,0.151876516171905
491.1146545,0.155659339617419
491.2298584,0.16137290838866
491.3450928,0.163704750247181
491.4602966,0.166947155840667
491.575531,0.168851515292621
491.6907654,0.171426456948353
491.8059998,0.173057776270706
491.9212341,0.175325449712657
492.0364685,0.1794009432416
492.1517029,0.181316006990276
492.2669678,0.183475946446591
492.3822021,0.185177680467855
492.497467,0.187054078235561
492.6127014,0.189784303091474
492.7279663,0.190526121610504
492.8432312,0.194741031814905
492.9584961,0.198433047542373
493.073761,0.202433934491179
493.1890564,0.206406769288568
493.3043213,0.210140544189435
493.4196167,0.215265806481521
493.5348816,0.218339741725019
493.650177,0.222457845297169
493.7654724,0.226924896153484
493.8807678,0.231162149841899
493.9960632,0.234985962862544
494.1113586,0.237830478613126
494.2266541,0.240910365727201
494.34198,0.245100550584525
494.4572754,0.2479616278117
494.5726013,0.24934176923601
494.6878967,0.251290295713498
494.8032227,0.253833636142544
494.9185486,0.255009942363796
495.0338745,0.256368530493161
495.1492004,0.258346187044114
495.2645569,0.262418436077646
495.3798828,0.265023894198817
495.4952393,0.2669894088915
495.6105652,0.273527490919566
495.7259216,0.278530057062318
495.8412781,0.282677226776657
495.9566345,0.286196605120788
496.071991,0.292272088674233
496.1873474,0.298279493386308
496.3027039,0.299606676332108
496.4180908,0.300276529327779
496.5334473,0.303022142340709
496.6488342,0.307035512511518
496.7642212,0.307811456081563
496.8795776,0.310079326881791
496.9949646,0.312893366370606
497.1103516,0.318409887376172
497.225769,0.321984102980059
497.341156,0.325428865570683
497.456543,0.330911238338081
497.5719604,0.334709983498832
497.6873474,0.341139943622171
497.8027649,0.345023099110969
497.9181824,0.350783720929182
498.0335999,0.353936714850432
498.1490173,0.357038755007592
498.2644348,0.361818659170482
498.3798523,0.365580217083877
498.4953003,0.36976770293052
498.6107178,0.372537290693121
498.7261658,0.377001361523143
498.8415833,0.380736610243808
498.9570313,0.384887619171874
499.0724792,0.387746512517861
499.1879272,0.39075778161465
499.3033752,0.395002768113834
499.4188538,0.398356241117432
499.5343018,0.402311263393667
499.6497498,0.40479368884237
499.7652283,0.409034024827128
499.8807068,0.415144339848838
499.9961548,0.419709404543102
500.1116333,0.424515436313916
500.2271118,0.427779396553011
500.3425903,0.431861223538661
500.4580994,0.435756489705452
500.5735779,0.438689413377658
500.6890564,0.440186921029907
500.8045654,0.444655846851153
500.9200745,0.448477908055094
501.035553,0.452807383457519
501.151062,0.456095971304962
501.266571,0.459341952234457
501.3820801,0.464051126950979
501.4976196,0.464564210023921
501.6131287,0.467499019153197
501.7286377,0.47005190445106
501.8441772,0.47112709976723
501.9596863,0.473508233403169
502.0752258,0.477004592040632
502.1907654,0.482479554722649
502.3063049,0.48568741691292
502.4218445,0.490193800713505
502.537384,0.49571041355853
502.6529236,0.497574640168616
502.7684937,0.500576103750174
502.8840332,0.501449330296864
502.9996033,0.50333777812042
503.1151733,0.503228176292764
503.2307129,0.502362878286817
503.346283,0.50321644646235
503.461853,0.503329769183183
503.5774231,0.505698083185311
503.6930237,0.506781853417019
503.8085938,0.507159847798928
503.9241638,0.509078159601721
504.0397644,0.511284739288265
504.155365,0.514026781859643
504.2709351,0.515658481118221
504.3865356,0.518253707162482
504.5021362,0.521773602936734
504.6177368,0.525609964399913
504.7333679,0.522912634489985
504.8489685,0.523410087842638
504.9645691,0.523521554806044
505.0802002,0.52354810091182
505.1958008,0.522913976045012
505.3114319,0.523461943120665
505.427063,0.527145598981324
505.5426941,0.527356541028184
505.6583252,0.52731518477563
505.7739563,0.526126915620937
505.8895874,0.526806758882569
506.005249,0.52385628522895
506.1208801,0.524567964180233
506.2365417,0.52520100168987
506.3521729,0.525554787525312
506.4678345,0.528296178197172
506.5834961,0.527478319326394
506.6991577,0.530010966308915
506.8148193,0.530532500175557
506.930481,0.529683362380664
507.0461731,0.529244232455539
507.1618347,0.527062119450896
507.2775269,0.527140165648538
507.3931885,0.525674361750322
507.5088806,0.52267742277918
507.6245728,0.52278386223508
507.7402649,0.520233354309361
507.855957,0.517026740123697
507.9716492,0.514738040492598
508.0873413,0.512955843090416
508.203064,0.510598212719148
508.3187561,0.506925380378889
508.4344788,0.50508018135368
508.5501709,0.506000646064979
508.6658936,0.505628492983303
508.7816162,0.504717910314599
508.8973389,0.504448488298951
509.0130615,0.503895202294078
509.1287842,0.504037684974838
509.2445068,0.50227969300498
509.36026,0.499004461853872
509.4759827,0.49509617509302
509.5917358,0.493429252926142
509.707489,0.491186180496196
509.8232117,0.491693580358549
509.9389648,0.488128020236952
510.054718,0.488050453549631
510.1704712,0.486972975119469
510.2862549,0.483593839613599
510.4020081,0.479727663604461
510.5177612,0.474433869529301
510.6335449,0.47164945192724
510.7493286,0.467522198972231
510.8650818,0.463887670736371
510.9808655,0.463181553302981
511.0966492,0.461632333053511
511.2124329,0.460896280927108
511.3282166,0.46065861664781
511.4440308,0.459363944618014
511.5598145,0.456899497647637
511.6755981,0.453561754417039
511.7914124,0.45174939412728
511.9072266,0.44661121535679
512.0230103,0.44174947043932
512.138855,0.437620695781385
512.2546387,0.433726393908745
512.3704834,0.432291705894358
512.4862671,0.427116439801276
512.6021118,0.423344924569947
512.7179565,0.420123671897075
512.8337402,0.416438884402362
512.949585,0.41545312751562
513.0654297,0.411135479943545
513.1812744,0.410036061244554
513.2971191,0.409027908457868
513.4129639,0.405878578218532
513.5288086,0.404494254350266
513.6446533,0.402534340449289
513.760498,0.400099821870041
513.8763428,0.396441981125062
513.9922485,0.393590505689971
514.1080933,0.392126875165154
514.223938,0.387196358032004
514.3398438,0.381855895334676
514.4556885,0.377849580706424
514.5715942,0.375469135953568
514.687439,0.370961495792366
514.8033447,0.367730407496103
514.9191895,0.364685530510559
515.0350952,0.361992414766641
515.151001,0.359301904814531
515.2669067,0.353863741104484
515.3828125,0.352723838172387
515.4986572,0.351303447120937
515.614563,0.349349197130605
515.7304688,0.348883290390574
515.8463745,0.347913327193865
515.9623413,0.348097425834945
516.0782471,0.345863497108604
516.1941528,0.343456572228239
516.3100586,0.341761625821455
516.4260254,0.337768755179895
516.5419312,0.334186971429793
516.6578369,0.331376578797519
516.7738037,0.32787748102896
516.8897095,0.323994297400549
517.0056763,0.321264957192461
517.121582,0.317456051341089
517.2375488,0.314438240069107
517.3535156,0.310316080956209
517.4694824,0.308217905378213
517.5853882,0.306112151596899
517.701355,0.303721061100861
517.8173218,0.302222463157218
517.9332886,0.301133845008084
518.0492554,0.299300851256797
518.1652222,0.297203955327109
518.281189,0.294604229261375
518.3971558,0.292449686412832
518.5131836,0.292084999547119
518.6291504,0.289644593833823
518.7451172,0.288786754851607
518.861145,0.286009170503918
518.9771118,0.283813740646481
519.0930786,0.282580208971631
519.2091064,0.277086510289834
519.3251343,0.273615904936172
519.4411011,0.270505491134787
519.5571289,0.26652254237627
519.6730957,0.264140245261474
519.7891235,0.259596539388046
519.9051514,0.259252788178888
520.0211792,0.258318360210801
520.137207,0.256669063040491
520.2532349,0.256784939583158
520.3692627,0.254821141997016
520.4852905,0.253459139077059
520.6013184,0.251007443763753
520.7173462,0.24870918133916
520.833374,0.246598262513006
520.9494019,0.242150814447421
521.0654907,0.239201087194657
521.1815186,0.236605126576721
521.2975464,0.233755517271375
521.4136353,0.229384032113146
521.5296631,0.225287991348284
521.645752,0.223373571189481
521.7618408,0.220957301495091
521.8778687,0.218153967852319
521.9939575,0.214919013453245
522.1100464,0.212960487325282
522.2260742,0.211484639100939
522.3421631,0.209299337707701
522.458252,0.208085975341486
522.5743408,0.206081578336079
522.6904297,0.205034936921923
522.8065186,0.202088441832239
522.9226074,0.198852125320417
523.0386963,0.194960556026702
523.1547852,0.190127085497198
523.2709351,0.187795961883267
523.3870239,0.18284269483661
523.5031128,0.180734006435793
523.6192627,0.178527560238549
523.7353516,0.176859917374261
523.8514404,0.173598916744228
523.9675903,0.169627060772205
524.0836792,0.1682669708229
524.1998291,0.165485272202632
524.315979,0.16269483349962
524.4320679,0.159939625447001
524.5482178,0.160091711390751
524.6643677,0.157081432128133
524.7805176,0.154743553804417
524.8966675,0.153005866888042
525.0128174,0.150050459576233
525.1289673,0.147208140343708
525.2451172,0.143494536735279
525.3612671,0.141235770034807
525.477417,0.138620801934443
525.5935669,0.135393957684219
525.7097168,0.133431002922578
525.8259277,0.13086497382891
525.9420776,0.12752740459328
526.0582275,0.125977299942461
526.1744385,0.123127268471256
526.2905884,0.121372414235184
526.4067993,0.115762820052944
526.5229492,0.112297041458122
526.6391602,0.10961375028999
526.7553711,0.10618966642971
526.871521,0.103511339635866
526.9877319,0.100116107889003
527.1039429,0.100435340895317
527.2201538,0.0989177884078535
527.3363037,0.0978143181046374
527.4525146,0.0972444575132477
527.5687256,0.0950859975586914
527.6849365,0.0932085038922374
527.8012085,0.0896808014081684
527.9174194,0.0872653458355703
528.0336304,0.0841042551238256
528.1498413,0.0796645828150786
528.2660522,0.0772832552231471
528.3823242,0.0748282896322614
528.4985352,0.072271470183536
528.6147461,0.0685013839001571
528.7310181,0.0653684305123644
528.847229,0.0639723510469716
528.963501,0.0609644383988764
529.0797729,0.0573731270343975
529.1959839,0.0552804038484182
529.3122559,0.0557827472707461
529.4285278,0.0538399966426254
529.5447388,0.0517647755119987
529.6610107,0.0504931674782242
529.7772827,0.0491140432082236
529.8935547,0.0486136807811364
530.0098267,0.0446884078391766
530.1260986,0.0424750990113727
530.2423706,0.0397003224131842
530.3586426,0.0354354737106291
530.4749146,0.0326490183709146
530.5912476,0.0288482581362074
530.7075195,0.0270826309438581
530.8237915,0.0238616855597159
530.9401245,0.0212249928505697
531.0563965,0.0201916367265008
531.1726685,0.0184945356899315
531.2890015,0.0168095352464392
531.4052734,0.0151115866684624
531.5216064,0.0152165362107349
531.6379395,0.015337678375067
531.7542114,0.0158997772979476
531.8705444,0.0166591662344764
531.9868774,0.0163237938520878
532.1032104,0.0149909496884735
532.2194824,0.0141371781456412
532.3358154,0.0130656383336446
532.4521484,0.0132298167657651
532.5684814,0.0109031735888645
532.6848145,0.00975334934338901
532.8011475,0.00953039509140308
532.9175415,0.0077617079445151
533.0338745,0.0060703168444601
533.1502075,0.00186659802675849
533.2665405,0.00052864236345743
533.3829346,0
533.4992676,0
533.6156006,0
533.7319946,0
533.8483276,0
533.9647217,0
534.0810547,8.45836588118517e-05
534.1974487,0.000366580204918443
534.3138428,0.001553193102333
534.4301758,0.00181432873626118
534.5465698,0.00161151219676812
534.6629639,0.00239745704528549
534.7793579,0.00262089738307249
534.895752,0.00273180645812484
535.012146,0.00113089224400118
535.12854,9.82181181886683e-05
535.2449341,0
535.3613281,0
535.4777222,0
535.5941162,0
535.7105103,0
535.8269653,0
535.9433594,0
536.0597534,0
536.1762085,0
536.2926025,0
536.4090576,0
536.5254517,0.000485276798763544
536.6419067,0.00126338185872784
536.7583618,0.000719124079304917
536.8747559,0.000119293955767436
536.9912109,0
537.107666,0
537.2241211,0
537.3405151,0
537.4569702,0
537.5734253,0
537.6898804,0
537.8063354,0
537.9227905,0
538.0393066,0
538.1557617,0
538.2722168,0
538.3886719,0
538.505127,0
538.6216431,0
538.7380981,0
538.8546143,0
538.9710693,0.000575731430579208
539.0875854,0.0014091133722771
539.2040405,0.00218274413582517
539.3205566,0.00167751067780645
539.4370728,0.00125263098609151
539.5535278,0.000937672280849201
539.6700439,0.000285311584589888
539.7865601,0
539.9030762,0
540.0195313,0
540.1360474,0
540.2525635,0
540.3690796,0
540.4855957,0
540.6021729,0
540.718689,0
540.8352051,0
540.9517212,0
541.0682373,0
541.1848145,0
541.3013306,0.000587314386554634
541.4179077,0
541.5344238,0
541.6509399,0
541.7675171,7.68720597159969e-05
541.8840942,0.00034399116105798
542.0006104,0.00177784600817609
542.1171875,0.0014175358349955
542.2337646,0.00121918762350455
542.3502808,0
542.4668579,0
542.5834351,0
542.7000122,0
542.8165894,0
542.9331665,0
543.0497437,0
543.1663208,0
543.2828979,0
543.3994751,0
543.5160522,0.000187204395479969
543.6326904,0.00117663421973362
543.7492676,0.00268631091149932
543.8658447,0.00285113336049037
543.9824829,0.00222158441864688
544.0990601,0
544.2156372,0
544.3322754,0
544.4488525,0
544.5654907,0
544.6821289,0
544.7987061,0
544.9153442,0
545.0319824,0
545.1486206,0
545.2651978,0
545.3818359,0
545.4984741,0
545.6151123,3.32778388523676e-05
545.7317505,0.000701257031312044
545.8483887,0.0019894956148942
545.9650269,0.00259656739883304
546.0817261,0.00184254821794587
546.1983643,0.0011038686801495
546.3150024,0.00104773136880664
546.4316406,0.000729911645216559
546.5483398,0
546.664978,0
546.7816162,0
546.8983154,0
547.0149536,0
547.1316528,0
547.248291,0
547.3649902,0
547.4816895,0
547.5983276,0
547.7150269,0
547.8317261,0
547.9484253,0
548.0650635,0
548.1817627,0
548.2984619,0
548.4151611,0.000239408156691127
548.5318604,0.000212373359204902
548.6485596,0.000618896367439552
548.7652588,0
548.882019,0
548.9987183,0
549.1154175,0
549.2321167,0
549.348877,0
549.4655762,0
549.5822754,0
549.6990356,0
549.8157349,0
549.9324951,0
550.0491943,0
550.1659546,0
550.2827148,0
550.3994141,0
550.5161743,0.000745160672193114
550.6329346,0.000217780798116513
550.7496948,0.0011825890451224
550.8664551,0
550.9831543,0
551.0999146,0
551.2166748,0
551.3334351,0
551.4502563,0
551.5670166,0
551.6837769,0
551.8005371,0
551.9172974,0
552.0340576,0
552.1508789,0
552.2676392,0
552.3844604,0
552.5012207,0
552.617981,0
552.7348022,0
552.8516235,0
552.9683838,0
553.0852051,0
553.2020264,0
553.3187866,0
553.4356079,0
553.5524292,0
553.6692505,0
553.7860718,0
553.902832,0
554.0196533,0
554.1364746,0
554.2533569,0
554.3701782,0
554.4869995,0
554.6038208,0
554.7206421,0
554.8374634,0
554.9543457,0
555.071167,0
555.1879883,0
555.3048706,0
555.4216919,0
555.5385742,0
555.6553955,0
555.7722778,0
555.8890991,0
556.0059814,0
556.1228638,0
556.2397461,0
556.3565674,0
556.4734497,0
556.590332,0
556.7072144,0
556.8240967,0
556.940979,0
557.0578613,0
557.1747437,0
557.291626,0
557.4085083,0
557.5253906,0
557.642334,0
557.7592163,0
557.8760986,0
557.992981,0
558.1099243,0
558.2268066,0
558.34375,0
558.4606323,0
558.5775757,0
558.694458,0
558.8114014,0
558.9283447,0
559.0452271,0
559.1621704,0
559.2791138,0.000838395149737362
559.3960571,0.0019696669006266
559.5129395,0.000619615229554624
559.6298828,1.84955219461486e-05
559.7468262,0
559.8637695,0
559.9807129,0
560.0976563,0
560.2145996,0
560.331543,0
560.4485474,0
560.5654907,0
560.6824341,0
560.7993774,0
560.9163818,0
561.0333252,0
561.1502686,0
561.2672729,0
561.3842163,0
561.5012207,0
561.6181641,0
561.7351685,0
561.8521729,0
561.9691162,0
562.0861206,0
562.203125,0
562.3200684,0
562.4370728,0
562.5540771,0
562.6710815,0
562.7880859,0
562.9050903,0
563.0220947,0
563.1390991,0
563.2561035,0
563.3731079,0
563.4901123,0
563.6071777,0
563.7241821,0
563.8411865,0.000643539008972728
563.9581909,0
564.0752563,0
564.1922607,0.00063141282580762
564.3093262,0
564.4263306,0
564.543396,0
564.6604004,0
564.7774658,0
564.8944702,0
565.0115356,0
565.1286011,0
565.2456055,0
565.3626709,0
565.4797363,0
565.5968018,0
565.7138672,0
565.8309326,0
565.947998,0
566.0650635,0
566.1821289,0
566.2991943,0.000128525409074312
566.4162598,0.000287317270209563
566.5333252,0
566.6503906,0
566.7674561,0
566.8845825,0
567.0016479,0
567.1187134,0
567.2358398,0
567.3529053,0
567.4699707,0
567.5870972,0
567.7041626,0
567.8212891,0
567.9384155,0
568.055481,0
568.1726074,0
568.2897339,0
568.4067993,0
568.5239258,0
568.6410522,0
568.7581787,0
568.8753052,0
568.9924316,0
569.1095581,0
569.2266846,0
569.343811,0
569.4609375,0
569.578064,0
569.6951904,0
569.8123169,0
569.9294434,0
570.0466309,0
570.1637573,0
570.2808838,0
570.3980713,0
570.5151978,0
570.6323853,0
570.7495117,0
570.8666992,0
570.9838257,0
571.1010132,0
571.2181396,0
571.3353271,0
571.4525146,0
571.5696411,0
571.6868286,0
571.8040161,0
571.9212036,0
572.0383911,0
572.1555786,0
572.2727661,0
572.3899536,0
572.5071411,0
572.6243286,0
572.7415161,0
572.8587036,0
572.9758911,0
573.0930786,0.000305170949667775
573.2102661,1.75537158612124e-05
573.3275146,0
573.4447021,0
573.5618896,0
573.6791382,0
573.7963257,0
573.9135742,0
574.0307617,0
574.1480103,0
574.2651978,0
574.3824463,0
574.4996338,0
574.6168823,0
574.7341309,0
574.8513794,0.00057974688254582
574.9685669,0.000925752143987845
575.0858154,0.00144657178572532
575.203064,0.00072967337457247
575.3203125,0.000461733782226425
575.437561,0.0018093721185942
575.5548096,0
575.6720581,0
575.7893066,0
575.9065552,0
576.0238037,0
576.1410522,0
576.2583008,0
576.3755493,0
576.4928589,0
576.6101074,0
576.727356,0
576.8446045,0
576.9619141,0
577.0791626,0
577.1964722,0
577.3137207,0
577.4310303,0.000762635858131238
577.5482788,0
577.6655884,0
577.7828369,0
577.9001465,0
578.0174561,0
578.1347046,0
578.2520142,0
578.3693237,0
578.4866333,0
578.6039429,0
578.7212524,0
578.838501,0
578.9558105,0
579.0731201,0
579.1904297,0
579.3078003,0
579.4251099,0
579.5424194,0
579.659729,0
579.7770386,0
579.8943481,0
580.0117188,0
580.1290283,0
580.2463379,0
580.3637085,0
580.4810181,0
580.5983276,0
580.7156982,0
580.8330078,0
580.9503784,0
581.067749,0
581.1850586,0
581.3024292,0
581.4197388,0
581.5371094,0
581.65448,0
581.7718506,0
581.8891602,0
582.0065308,0
582.1239014,0
582.241272,0
582.3586426,0
582.4760132,0
582.5933838,0
582.7107544,0
582.828125,0
582.9454956,0
583.0628662,0
583.1802979,0
583.2976685,0
583.4150391,0
583.5324097,0
583.6498413,0
583.7672119,0
583.8845825,0
584.0020142,0
584.1193848,0
584.2368164,0
584.354187,0
584.4716187,0
584.5889893,0
584.7064209,0
584.8237915,0
584.9412231,0
585.0586548,0
585.1760864,0
585.293457,0
585.4108887,0
585.5283203,0
585.645752,0
585.7631836,0
585.8806152,0
585.9980469,0
586.1154785,0
586.2329102,0
586.3503418,0
586.4677734,0
586.5852051,0
586.7026367,0
586.8200684,0
586.937561,0
587.0549927,0
587.1724243,0
587.289856,0
587.4073486,0
587.5247803,0
587.6422729,0
587.7597046,0
587.8771973,0
587.9946289,0
588.1121216,0
588.2295532,0
588.3470459,0
588.4644775,0
588.5819702,9.58033415484007e-05
588.6994629,0
588.8169556,0
588.9343872,0
589.0518799,0
589.1693726,0
589.2868652,0
589.4043579,0
589.5218506,0
589.6393433,0
589.7568359,0
589.8743286,0
589.9918213,0
590.109314,0
590.2268066,0
590.3442993,0
590.461792,0
590.5792847,0
590.6968384,0
590.8143311,0
590.9318237,0
591.0493774,0.000179553325157294
591.1668701,0.000243700881684601
591.2843628,0.000348745889032376
591.4019165,0
591.5194092,0
591.6369629,0
591.7544556,0
591.8720093,0
591.989563,0
592.1070557,0
592.2246094,0
592.3421021,0
592.4596558,0
592.5772095,0
592.6947632,0
592.8123169,0
592.9298096,0
593.0473633,0
593.164917,0.000115208795271738
593.2824707,0.000118293048946896
593.4000244,0.000186811346802467
593.5175781,0
593.6351318,0
593.7526855,0
593.8702393,0
593.987793,0
594.1053467,0
594.2229614,0
594.3405151,0
594.4580688,0
594.5756226,0
594.6932373,0
594.810791,0
594.9283447,0
595.0459595,0
595.1635132,0
595.2811279,0.000100034879477387
595.3986816,0.00275127554176753
595.5162964,0.00524293985074817
595.6338501,0.00582857303856961
595.7514648,0.00623362205701108
595.8690186,0.00596470374806858
595.9866333,0.0046763875895425
596.104248,0.00425070119859736
596.2218018,0.000378951770736949
596.3394165,0
596.4570313,0
596.574585,0
596.6921997,0
596.8098145,0
596.9274292,0
597.0450439,0
597.1626587,0
597.2802734,0
597.3978882,0
597.5155029,0.00219422662885837
597.6331177,0.00384558704690128
597.7507324,0.00712569337664193
597.8683472,0.00804626515943585
597.9859619,0.00926371098676022
598.1035767,0.00771241076328601
598.2212524,0.00597501943947022
598.3388672,0.00617706811933726
598.4564819,0.00359958978943789
598.5740967,0.00110453981558828
598.6917725,0
598.8093872,0.000624748348854991
598.927002,0
599.0446777,0
599.1622925,0
599.2799683,0
599.397583,0.000327495266192792
599.5152588,0.00235012806594114
599.6328735,0.00563903962304495
599.7505493,0.00817624882171997
599.8681641,0.00974544489696599
599.9858398,0.0144282947029036
600.1035156,0.016785377826981
600.2211304,0.016652807223785
600.3388062,0.0166846586523459
600.4564819,0.0150598461032839
600.5741577,0.014770793596171
600.6917725,0.0117693533820862
600.8094482,0.00929486553303405
600.927124,0.00811094855138005
601.0447998,0.00765664814761143
601.1624756,0.00674613125133249
601.2801514,0.00475891479971785
601.3978271,0.00590921142703429
601.5155029,0.00677645786873444
601.6331787,0.00819186905193674
601.7508545,0.0105701006307016
601.8685303,0.0139229556508753
601.9862061,0.0175334759740996
602.1038818,0.0206362249059757
602.2216187,0.0215287880797555
602.3392944,0.0219194838648795
602.4569702,0.023566229279144
602.574646,0.0222124848890112
602.6923828,0.0231758818638382
602.8100586,0.0213388129611907
602.9277344,0.0219811537745312
603.0454712,0.0214980404566991
603.163147,0.0191419245725769
603.2808838,0.0190617106590966
603.3985596,0.0177398455870531
603.5162964,0.0170487200449731
603.6339722,0.0171197772929185
603.751709,0.0179036478090061
603.8693848,0.0195419376656313
603.9871216,0.0221016289907864
604.1047974,0.0237877976007517
604.2225342,0.0270430197108823
604.340271,0.0284936182064656
604.4580078,0.0296770419103021
604.5756836,0.0315336618467365
604.6934204,0.0314927155050043
604.8111572,0.0324119974158798
604.928894,0.032502730503899
605.0466309,0.0315050838419387
605.1643066,0.0320026569530942
605.2820435,0.0311012104791542
605.3997803,0.0295702042889608
605.5175171,0.0284949344549531
605.6352539,0.0259424570674299
605.7529907,0.0265353442574833
605.8707275,0.0260086110471462
605.9884644,0.0246495933096157
606.1062622,0.0276147631095474
606.223999,0.0303602203675979
606.3417358,0.0352787022033896
606.4594727,0.0383242379102142
606.5772095,0.0409385072242912
606.6950073,0.0446888760295736
606.8127441,0.045436096148511
606.930481,0.0474584329385715
607.0482178,0.046478655699854
607.1660156,0.0474511820336762
607.2837524,0.0479780007565489
607.4015503,0.0480060212064378
607.5192871,0.0481839426611508
607.6370239,0.0459862073848806
607.7548218,0.0458226098103101
607.8725586,0.0438978464648383
607.9903564,0.0433261729707519
608.1081543,0.0418961461629085
608.2258911,0.0425757289727107
608.343689,0.0441340380735356
608.4614868,0.0457563738999637
608.5792236,0.0482172873314203
608.6970215,0.0505132855265003
608.8148193,0.0545331772255272
608.9325562,0.0568141678790211
609.050354,0.0601855559786663
609.1681519,0.0633944310403886
609.2859497,0.0662834890001529
609.4037476,0.0690080614552889
609.5215454,0.0700773470394116
609.6393433,0.0710544800223033
609.7570801,0.0703287965030141
609.8748779,0.069185280184516
609.9926758,0.0678116556251015
610.1105347,0.066441959141378
610.2283325,0.0681612024598318
610.3461304,0.0693018189895052
610.4639282,0.0720506772959519
610.5817261,0.0761076148757762
610.6995239,0.0803042858885521
610.8173218,0.0852864583243208
610.9351196,0.0877516293206292
611.0529785,0.0927793849125348
611.1707764,0.0950751276700048
611.2885742,0.0987433363974999
611.4064331,0.102624561261572
611.524231,0.104342079194513
611.6420288,0.106668082207846
611.7598877,0.107898370238172
611.8776855,0.110067703540984
611.9955444,0.109122965487518
612.1133423,0.108359532694686
612.2312012,0.109177171216001
612.348999,0.109938109522899
612.4668579,0.110919735809795
612.5846558,0.111675422608468
612.7025146,0.114131238261691
612.8203125,0.117227246112003
612.9381714,0.120021978901133
613.0560303,0.123957020262959
613.1738892,0.128470404399709
613.291687,0.133862787297067
613.4095459,0.138710695537951
613.5274048,0.143220521487511
613.6452637,0.147811675405153
613.7630615,0.151910850710195
613.8809204,0.155239954379929
613.9987793,0.156681714329734
614.1166382,0.159830662749353
614.2344971,0.16282179111377
614.352356,0.164373950204675
614.4702148,0.166054230893774
614.5880737,0.167717940418653
614.7059326,0.171426780810663
614.8237915,0.173477790552216
614.9416504,0.175239051643471
615.0595093,0.180433533330881
615.1774292,0.18428717111149
615.2952881,0.188305621514887
615.413147,0.193931521692918
615.5310059,0.200687677372807
615.6488647,0.206436031727732
615.7667847,0.21063489510077
615.8846436,0.215531649050153
616.0025024,0.219130820683749
616.1204224,0.22064558245312
616.2382813,0.221843311458039
616.3561401,0.224596630131911
616.4740601,0.224566760640409
616.5919189,0.226180961418598
616.7098389,0.229604323754636
616.8276978,0.23163582430655
616.9456177,0.234977165799546
617.0634766,0.237463557748111
617.1813965,0.24108333477927
617.2992554,0.245353417241543
617.4171753,0.248517488933626
617.5350952,0.254020111741528
617.6529541,0.256858902452316
617.770874,0.261975565830271
617.8887939,0.267792207800612
618.0067139,0.271983745623484
618.1245728,0.276628815626481
618.2424927,0.280966921791718
618.3604126,0.285758068673588
618.4783325,0.289774937767817
618.5962524,0.293896580667489
618.7141724,0.296852215034247
618.8320313,0.299576644981836
618.9499512,0.302098068293876
619.0678711,0.303925673662372
619.185791,0.304962175400813
619.3037109,0.308935781719957
619.4216309,0.312051249532621
619.5395508,0.315989854121061
619.6575317,0.320895692394492
619.7754517,0.328129999326284
619.8933716,0.337128783977868
620.0112915,0.342147368623031
620.1292114,0.348140754783175
620.2471313,0.355584951156861
620.3651123,0.362984975180842
620.4830322,0.368081235146102
620.6009521,0.37196066662657
620.7188721,0.377258154142798
620.836853,0.38239356626309
620.9547729,0.386446571937374
621.0726929,0.389000177654592
621.1906738,0.392847095960289
621.3085938,0.394878692076056
621.4265747,0.398099589561261
621.5444946,0.402807868774809
621.6624756,0.406641475882723
621.7803955,0.410142481137961
621.8983765,0.41637421874554
622.0162964,0.424300599424935
622.1342773,0.430042132568488
622.2521973,0.438553875845147
622.3701782,0.443434290488873
622.4881592,0.45164827389123
622.6060791,0.458508649721789
622.7240601,0.463251148971258
622.842041,0.469096008578167
622.960022,0.472627143294992
623.0779419,0.479143476612764
623.1959229,0.483334738968839
623.3139038,0.487073590134545
623.4318848,0.491883411431427
623.5498657,0.499821771153267
623.6678467,0.504409517603854
623.7858276,0.511065670829794
623.9037476,0.517361733428158
624.0217285,0.522949883329053
624.1397095,0.53036533539989
624.2576904,0.535819417054568
624.3756714,0.544562990581007
624.4937134,0.552914284535716
624.6116943,0.561804456299219
624.7296753,0.571413666075555
624.8476563,0.577692649581151
624.9656372,0.584540243418405
625.0836182,0.59303352963691
625.2015991,0.598567205879264
625.3196411,0.605134101724021
625.4376221,0.610534271227153
625.555603,0.619474772771122
625.673584,0.626086785118166
625.791626,0.630294332982761
625.9096069,0.634960915401871
626.0275879,0.64148660994293
626.1456299,0.647210050603672
626.2636108,0.652282045393411
626.3815918,0.659939087699682
626.4996338,0.666372930677803
626.6176147,0.675189555097638
626.7356567,0.681755549830958
626.8536377,0.690593719895291
626.9716797,0.699534854620182
627.0896606,0.705887041942679
627.2077026,0.714505746518792
627.3257446,0.722034221982318
627.4437256,0.728352310089435
627.5617676,0.733834199084436
627.6798096,0.739403769098319
627.7977905,0.746888027406307
627.9158325,0.752019338228206
628.0338745,0.757373120928447
628.1518555,0.764132760803486
628.2698975,0.772347310603909
628.3879395,0.778926422363406
628.5059814,0.784890656162464
628.6240234,0.792998577820141
628.7420044,0.802193541923834
628.8600464,0.808758994553431
628.9780884,0.813480066329853
629.0961304,0.819439702925221
629.2141724,0.825490326331961
629.3322144,0.831733604994745
629.4502563,0.836902151894791
629.5682983,0.844249779569916
629.6863403,0.852180083460809
629.8043823,0.856906060993458
629.9224243,0.863435538949885
630.0404663,0.867516117800424
630.1585693,0.87091642163998
630.2766113,0.875387083016965
630.3946533,0.877050312882193
630.5126953,0.880794042431841
630.6307373,0.882877145997295
630.7487793,0.886774722807588
630.8668823,0.892271255671615
630.9849243,0.895754410412131
631.1029663,0.90048299080148
631.2210693,0.906231170574973
631.3391113,0.9100939779029
631.4571533,0.914985906467739
631.5752563,0.918268081048588
631.6932983,0.92180999809911
631.8113403,0.925944409061131
631.9294434,0.930086856941839
632.0474854,0.933815330796343
632.1655884,0.93429888775658
632.2836304,0.934915515189158
632.4017334,0.936272489817047
632.5197754,0.937626467475712
632.6378784,0.934526872430608
632.7559814,0.933396924049289
632.8740234,0.932812204639848
632.9921265,0.931070418584869
633.1101685,0.929163200935069
633.2282715,0.922630800150135
633.3463745,0.921512069201449
633.4644775,0.919188041804652
633.5825195,0.912636892483658
633.7006226,0.910964566257773
633.8187256,0.905558044748009
633.9368286,0.902887705900036
634.0548706,0.897823805363485
634.1729736,0.89060283964087
634.2910767,0.887639707477885
634.4091797,0.878086204335462
634.5272827,0.868488066355453
634.6453857,0.86073848868793
634.7634888,0.848501229383101
634.8815918,0.838610402937736
634.9996948,0.825840971304938
635.1177979,0.815610110142533
635.2359009,0.806036287853784
635.3540039,0.794749346539657
635.4721069,0.787563319233602
635.59021,0.778463762519393
635.708313,0.768584022847947
635.826416,0.758777707643433
635.944519,0.748588089413607
636.0626221,0.735345321014478
636.1807861,0.720702738208064
636.2988892,0.707077008113271
636.4169922,0.694964443846535
636.5350952,0.681020417914702
636.6532593,0.668238744489127
636.7713623,0.658048550313756
636.8894653,0.646610305491132
637.0075684,0.632502691337199
637.1257324,0.619480078434222
637.2438354,0.606538590992966
637.3619995,0.593671522725797
637.4801025,0.579732618534265
637.5982056,0.566908041168816
637.7163696,0.555049280235067
637.8344727,0.544436313582859
637.9526367,0.534315358774378
638.0707397,0.522587461130299
638.1889038,0.51037064915373
638.3070068,0.498978484355348
638.4251709,0.489653028685979
638.5432739,0.478438917407166
638.661438,0.465225485534176
638.7796021,0.453463691907667
638.8977051,0.443578445200715
639.0158691,0.432679043988123
639.1340332,0.421721518032364
639.2521362,0.408651369119445
639.3703003,0.39667847328036
639.4884644,0.383623038544027
639.6066284,0.371536577533892
639.7247314,0.360606788613687
639.8428955,0.348244285117295
639.9610596,0.33810641647216
640.0792236,0.330340703651785
640.1973877,0.323311554370333
640.3154907,0.316058651105094
640.4336548,0.30875379211331
640.5518188,0.30292222551508
640.6699829,0.298532027637272
640.788147,0.290274339882623
640.906311,0.283546323928626
641.0244751,0.276554572850523
641.1426392,0.270778115248053
641.2608032,0.26269067127515
641.3789673,0.254317591115719
641.4971313,0.248052197547323
641.6152954,0.241620839812768
641.7334595,0.234678684713396
641.8516235,0.225754755297507
641.9698486,0.219931380710036
642.0880127,0.213226728502317
642.2061768,0.208499529196246
642.3243408,0.202447602330429
642.4425049,0.197170897949408
642.5606689,0.193937098439291
642.678894,0.188752827776346
642.7970581,0.186010142974698
642.9152222,0.180421761605105
643.0334473,0.177782874797277
643.1516113,0.173722865724905
643.2697754,0.169909054114693
643.3880005,0.167414953403603
643.5061646,0.162777928051874
643.6243286,0.15881684971359
643.7425537,0.153341919520024
643.8607178,0.146793853626804
643.9789429,0.141693965083142
644.0971069,0.137161294187931
644.215332,0.130818692032752
644.3334961,0.127140502786161
644.4517212,0.122912332960435
644.5698853,0.122835218759766
644.6881104,0.118996851056098
644.8062744,0.116099683962846
644.9244995,0.118416065410682
645.0426636,0.117241426746896
645.1608887,0.115939444966685
645.2791138,0.114436500257284
645.3972778,0.114227936875943
645.5155029,0.11232676589691
645.633728,0.107326016329937
645.7518921,0.10387486095362
645.8701172,0.101840501711377
645.9883423,0.0986397204062896
646.1065674,0.0960624712774019
646.2247314,0.0927821310056735
646.3429565,0.0896813336318801
646.4611816,0.0867689969511978
646.5794067,0.0830588769253077
646.6976318,0.0803533269697606
646.8158569,0.077337215950097
646.934021,0.0740672366302749
647.0522461,0.072255900502154
647.1704712,0.0719130844584658
647.2886963,0.0697807799031864
647.4069214,0.0678917162443202
647.5251465,0.0670185178918039
647.6433716,0.0679604851484208
647.7615967,0.0684632226765623
647.8798218,0.0668792554122379
647.9980469,0.0674029744249911
648.116272,0.0654019730356355
648.2344971,0.0635853936217033
648.3527222,0.0610735879031595
648.4710083,0.0570093932584774
648.5892334,0.0532217643779785
648.7074585,0.0507935932827132
648.8256836,0.0491991697014926
648.9439087,0.0480786415140704
649.0621338,0.0458096536675311
649.1804199,0.045384786149688
649.298645,0.0462784812623568
649.4168701,0.0454651767749321
649.5350952,0.0458614448721514
649.6533813,0.0434804502383571
649.7716064,0.0420295369434399
649.8898315,0.041375983798826
650.0081177,0.0412830017816954
650.1263428,0.0407322528127241
650.2445679,0.0406983658618021
650.362854,0.0413826675262825
650.4810791,0.0423160167909524
650.5993042,0.0409055280751634
650.7175903,0.0376663290943567
650.8358154,0.0366296573685154
650.9541016,0.0339350090218533
651.0723267,0.0319567664990484
651.1906128,0.0284480378386556
651.3088379,0.0277494853860327
651.427124,0.0282846344077512
651.5453491,0.0267136356064047
651.6636353,0.0279226677569487
651.7818604,0.0285980683933198
651.9001465,0.0287746995131435
652.0184326,0.02854058800593
652.1366577,0.029552288069216
652.2549438,0.0304876724675908
652.37323,0.0286659500539302
652.4914551,0.0276930255671996
652.6097412,0.0280907451445467
652.7280273,0.0274821944766212
652.8462524,0.025229601025597
652.9645386,0.0234815773522226
653.0828247,0.0218305218024792
653.2011108,0.0199094921093293
653.3193359,0.0178019646839578
653.4376221,0.0166205051029666
653.5559082,0.0152836075360573
653.6741943,0.01371004793708
653.7924805,0.0139838354860624
653.9107056,0.0135000670498309
654.0289917,0.0140126760217667
654.1472778,0.0148473431279557
654.265564,0.0160203266819065
654.3838501,0.0167625724874045
654.5021362,0.0176514840622876
654.6204224,0.0182953939849774
654.7387085,0.0185856344208796
654.8569946,0.0179742186560046
654.9752808,0.018647667250414
655.0935669,0.0184667689545119
655.211853,0.0169254966140967
655.3301392,0.0162206667008075
655.4484253,0.0161711420052022
655.5667114,0.0132883436937441
655.6849976,0.00962249208207222
655.8032837,0.00917703481106486
655.9215698,0.00616033868236465
656.039917,0.00510798210229222
656.1582031,0.00411583789705205
656.2764893,0.0058933524475337
656.3947754,0.00675988564191706
656.5130615,0.0055215865577038
656.6314087,0.0075511787682996
656.7496948,0.00789087244793548
656.867981,0.00891255175356626
656.9862671,0.00889096065376143
657.1046143,0.00912669985242133
657.2229004,0.0099930326634413
657.3411865,0.00953168976730005
657.4594727,0.0099716099863002
657.5778198,0.00813169384594375
657.696106,0.00781475043636449
657.8143921,0.00694742956591433
657.9327393,0.0068419614333261
658.0510254,0.00559375403100336
658.1693726,0.00580751481017685
658.2876587,0.00540460406064087
658.4060059,0.00392640635906971
658.524292,0.00299126794431832
658.6425781,0.00308608279749532
658.7609253,0.00448390276315295
658.8792114,0.00372569024689863
658.9975586,0.00442099169089327
659.1158447,0.00551062486586992
659.2341919,0.00729341295536048
659.3525391,0.0069211611263086
659.4708252,0.00668904643759914
659.5891724,0.00596463933709179
659.7074585,0.00548674942499875
659.8258057,0.0056348867053464
659.9440918,0.00448864267115261
660.062439,0.00281948983264449
660.1807861,0.00201901325756624
660.2990723,0.00102226074932667
660.4174194,0
660.5357666,0
660.6540527,0
660.7723999,0
660.8907471,0
661.0090942,0.000128335593247125
661.1273804,0.00084132978688569
661.2457275,0.0024437678166081
661.3640747,0.00319622898464401
661.4824219,0.00314147314215096
661.600769,0.00413053638870985
661.7190552,0.00534266227814254
661.8374023,0.00630662964999673
661.9557495,0.00700543513305733
662.0740967,0.00693620021152873
662.1924438,0.00564070147740802
662.310791,0.0044065988067295
662.4291382,0.00255957711264103
662.5474854,0.00169142103660814
662.6658325,0
662.7841797,0
662.9025269,0
663.020813,0
663.1391602,0
663.2575073,0
663.3759155,0
663.4942627,0
663.6126099,0.0018043428518952
663.730957,0.00271177141430303
663.8493042,0.00400325322917098
663.9676514,0.00518117503363479
664.0859985,0.00569712892207248
664.2043457,0.00425675213818283
664.3226929,0.0057824335408944
664.44104,0.00568048032076638
664.5593872,0.00483265987035945
664.6777954,0.00338836244771901
664.7961426,0.00141657312625828
664.9144897,0.000482019561125952
665.0328369,0
665.1511841,0
665.2695923,0
665.3879395,0
665.5062866,0
665.6246338,0
665.743042,0
665.8613892,0
665.9797363,0.00155382822714672
666.0981445,0.00310517746265191
666.2164917,0.00554316695559231
666.3348389,0.00509686531443281
666.4532471,0.0063460793526941
666.5715942,0.00487585607641233
666.6899414,0.00396164836477015
666.8083496,0.00408932557324704
666.9266968,0.00111112554640984
667.045105,0
667.1634521,0
667.2817993,0
667.4002075,0
667.5185547,0
667.6369629,0
667.7553101,0
667.8737183,0
667.9920654,0
668.1104736,0
668.2288208,0
668.347229,0
668.4655762,0.000227746815419308
668.5839844,0.00110317029652341
668.7023926,0
668.8207397,0.000508031653667777
668.9391479,0.000490913151262053
669.0574951,0
669.1759033,0.000664938106203655
669.2943115,8.82791486971141e-05
669.4126587,0
669.5310669,0
669.6494751,0
669.7678223,0
669.8862305,0
670.0046387,0
670.1230469,0
670.241394,0
670.3598022,0.000354533105125988
670.4782104,0.00181101983972167
670.5966187,0.00176980595971232
670.7149658,0.00177516215744831
670.833374,0.00453595085413091
670.9517822,0.00209559254239092
671.0701904,0.00170085765956164
671.1885986,0.00125250655369242
671.3070068,0.00123859790350622
671.425354,0
671.5437622,0
671.6621704,0
671.7805786,0
671.8989868,0
672.017395,0
672.1358032,0
672.2542114,0
672.3726196,0
672.4910278,0
672.609436,0
672.7278442,0
672.8461914,0
672.9645996,0.000369440108342125
673.0830078,0.00110814400549259
673.2014771,0.00129654839566886
673.3198853,0.00288888986760772
673.4382935,0.00334249458769646
673.5567017,0.00328282497159918
673.6751099,0.00110129225328759
673.7935181,0
673.9119263,0
674.0303345,0
674.1487427,0
674.2671509,0
674.3855591,0
674.5039673,0
674.6224365,0
674.7408447,0
674.8592529,0
674.9776611,0
675.0960693,0
675.2144775,0.000701297179391652
675.3329468,0.00158916029850072
675.451355,0.00272462086207186
675.5697632,0.00268923758947239
675.6881714,0.00327197158486646
675.8066406,0.00176783189854509
675.9250488,0.000462605877885981
676.043457,0
676.1618652,0
676.2803345,0
676.3987427,0
676.5171509,0
676.6356201,0
676.7540283,0
676.8724365,0
676.9909058,0
677.109314,0
677.2277222,0
677.3461914,0
677.4645996,0
677.5830688,0
677.7014771,0
677.8198853,0
677.9383545,0
678.0567627,0
678.1752319,0
678.2936401,0
678.4121094,0
678.5305176,0
678.6489868,0
678.767395,0
678.8858643,0
679.0042725,0
679.1227417,0
679.2411499,0
679.3596191,0
679.4780273,0
679.5964966,0
679.7149658,0
679.833374,0
679.9518433,0
680.0702515,0
680.1887207,0
680.3071899,0
680.4255981,0
680.5440674,0
680.6624756,0
680.7809448,0
680.8994141,0
681.0178223,0
681.1362915,0
681.2547607,0
681.3731689,0
681.4916382,0
681.6101074,0
681.7285767,0
681.8469849,0
681.9654541,0
682.0839233,0
682.2023926,0
682.3208008,0
682.43927,0
682.5577393,0
682.6762085,0
682.7946777,0
682.9130859,0
683.0315552,0
683.1500244,0
683.2684937,0
683.3869629,0
683.5054321,0
683.6238403,0
683.7423096,0
683.8607788,0
683.979248,0
684.0977173,0
684.2161865,0
684.3346558,0
684.453125,0
684.5715942,0
684.6900635,0.000370579121930268
684.8084717,0
684.9269409,9.89676771444919e-05
685.0454102,0
685.1638794,0
685.2823486,0
685.4008179,0
685.5192871,0
685.6377563,0
685.7562256,0
685.8746948,0
685.9931641,0
686.1116333,0
686.2301025,0
686.3485718,0
686.467041,0
686.5855713,0.000753908458522496
686.7040405,0.00210146143223332
686.8225098,0.0037770950041122
686.940979,0.00343782701734696
687.0594482,0.00341164399318363
687.1779175,0.00080417995816112
687.2963867,0.000854177068216054
687.414856,0
687.5333252,0
687.6517944,0
687.7703247,0
687.8887939,0
688.0072632,0
688.1257324,0
688.2442017,0
688.3626709,0
688.4811401,0
688.5996704,0
688.7181396,0
688.8366089,0
688.9550781,0
689.0735474,0
689.1920776,0
689.3105469,0.000972921728692557
689.4290161,0
689.5474854,0
689.6660156,0
689.7844849,0
689.9029541,0
690.0214233,0
690.1399536,0
690.2584229,0
690.3768921,0
690.4954224,0
690.6138916,0
690.7323608,0
690.8508301,0
690.9693604,0
691.0878296,0
691.2062988,0
691.3248291,0
691.4432983,0.000634213123809937
691.5617676,0.000295747692450363
691.6802979,0
691.7987671,0
691.9172363,0
692.0357666,0
692.1542358,0
692.2727661,0
692.3912354,0
692.5097046,0
692.6282349,0
692.7467041,0
692.8652344,0
692.9837036,0
693.1022339,0
693.2207031,0
693.3391724,0
693.4577026,0
693.5761719,0.000104563684086955
693.6947021,0.00190695713200887
693.8131714,0.00360088070877456
693.9317017,0.00550098597271019
694.0501709,0.00530755523458454
694.1687012,0.00328074744410368
694.2871704,0.00252080168143976
694.4057007,0.000616708758098131
694.5241699,0
694.6427002,0
694.7611694,0
694.8796997,0
694.9981689,0
695.1166992,0
695.2351685,0
695.3536987,0
695.472168,0
695.5906982,0
695.7091675,0
695.8276978,0.000383840451961784
695.946167,0.000395862064960126
696.0646973,0.00115592487221193
696.1832275,0.00252172612180875
696.3016968,0.000693640955608516
696.4202271,9.07659100539535e-05
696.5386963,0
696.6572266,0
696.7757568,0
696.8942261,0
697.0127563,0
697.1312256,0
697.2497559,0
697.3682861,0
697.4867554,0
697.6052856,0
697.7238159,0
697.8422852,0
697.9608154,0
698.0792847,0
698.1978149,0.00116155832783952
698.3163452,0.000844134180796341
698.4348145,0.000294614926360898
698.5533447,0.000651628593610587
698.671875,0.00117499381182916
698.7903442,0.00181581596975772
698.9088745,0
699.0274048,0
699.145874,0
699.2644043,0
699.3829346,0
699.5014648,0
699.6199341,0
699.7384644,0
699.8569946,0
699.9754639,0
700.0939941,0
700.2125244,0
700.3310547,0
700.4495239,0
700.5680542,0
700.6865845,0.000116438797738246
700.8051147,4.57739701940007e-05
700.923584,0
701.0421143,0
701.1606445,0
701.2791748,0
701.397644,0
701.5161743,0
701.6347046,0
701.7532349,0
701.8717651,0
701.9902344,0
702.1087646,0
702.2272949,0
702.3458252,0
702.4643555,0
702.5828247,0
702.701355,0
702.8198853,0
702.9384155,0.000168971064708325
703.0569458,0.000892040853707031
703.175415,0
703.2939453,0
703.4124756,0
703.5310059,0
703.6495361,0
703.7680664,0
703.8865356,0
704.0050659,0
704.1235962,0
704.2421265,0
704.3606567,0
704.479187,0
704.5977173,0
704.7161865,0
704.8347168,0
704.9532471,0
705.0717773,0
705.1903076,0
705.3088379,0
705.4273682,0
705.5458984,0
705.6643677,0
705.7828979,0
705.9014282,0
706.0199585,0
706.1384888,0
706.257019,0
706.3755493,0
706.4940796,0
706.6126099,0
706.7311401,0
706.8496094,0
706.9681396,0
707.0866699,0
707.2052002,0
707.3237305,0.00113586569638317
707.4422607,0.00166677524927697
707.560791,0.00158273155694545
707.6793213,0.00124498271788938
707.7978516,0.000806624807217805
707.9163818,0
708.0349121,0
708.1534424,0
708.2719727,0
708.3905029,0
708.5090332,0
708.6275024,0
708.7460327,0
708.864563,0
708.9830933,0
709.1016235,0
709.2201538,0
709.3386841,0
709.4572144,0
709.5757446,0.00114857432579582
709.6942749,0.00132320995899215
709.8128052,0.00275671827244901
709.9313354,0.00310589068678369
710.0498657,0.00343580017677259
710.168396,0.00367257972106906
710.2869263,0.00131959503999677
710.4054565,0.000754596830571248
710.5239868,0
710.6425171,0
710.7610474,0
710.8795776,0
710.9981079,0
711.1166382,0
711.2351685,0
711.3536987,0
711.472229,0
711.5907593,0
711.7092896,0
711.8278198,0
711.9463501,0
712.0648804,0.000481458546266994
712.1834106,0
712.3019409,0.000105833073206424
712.4204712,0
712.5390015,0
712.6575317,0
712.776062,0
712.8945923,0
713.0131226,0
713.1316528,0
713.2501831,0
713.3687134,0
713.4872437,0
713.6057739,0
713.7243042,0
713.8428345,0
713.9613647,0
714.079895,0
714.1984253,0.00113212356462051
714.3169556,0.00163617315677968
714.4354858,0.00242920417865261
714.5540161,0.0021358448562875
714.6725464,0.000674513366715695
714.7910767,0
714.9096069,0
715.0281372,0
715.1466675,0
715.2651978,0
715.383728,0
715.5022583,0
715.6207886,0
715.7393188,0
715.8578491,0
715.9763794,0
716.0949097,0
716.2134399,0
716.3319702,0
716.4505005,0
716.5690308,0
716.687561,0.00018564564228555
716.8060913,0.00127534288901408
716.9246216,0.000572609868993747
717.0431519,0.000300335377928771
717.1616821,0
717.2802124,0
717.3987427,0
717.5172729,0
717.6358032,0
717.7543335,0
717.8728638,0
717.991394,0
718.1099243,0
718.2285156,0
718.3470459,0
718.4655762,0
718.5841064,0
718.7026367,0
718.821167,0
718.9396973,0
719.0582275,0
719.1767578,0
719.2952881,0
719.4138184,0
719.5323486,0
719.6508789,0
719.7694092,0
719.8879395,0
720.0064697,0
720.125,0
720.2435303,0
720.3620605,0
720.4805908,0
720.5991211,0
720.7176514,0
720.8361816,0
720.9547119,0
721.0732422,0
721.1917725,0
721.3103027,0
721.428833,0.000603816516455872
721.5473633,0.000750231953430576
721.6658936,0.00118014875332688
721.7844238,0.000320966487257507
721.9029541,0
722.0214844,0
722.1400146,0
722.2585449,0
722.3770752,0
722.4956055,0
722.6141357,0
722.732666,0
722.8511963,0
722.9697266,0
723.0882568,0
723.2067871,0
723.3253174,0
723.4438477,0
723.5623779,0
723.6809082,0
723.7993774,0
723.9179077,0
724.036438,0
724.1549683,0
724.2734985,0
724.3920288,0
724.5105591,0
724.6290894,0
724.7476196,0
724.8661499,0
724.9846802,0
725.1032104,0
725.2217407,0
725.340271,0
725.4588013,0
725.5773315,0
725.6958618,0
725.8143921,0
725.9329224,0.00110362017396414
726.0514526,0.000621978812806375
726.1699219,0.000320329123474369
726.2884521,0
726.4069824,0
726.5255127,0
726.644043,0
726.7625732,0
726.8811035,0
726.9996338,0
727.1181641,0
727.2366943,0
727.3552246,0
727.4737549,0
727.5922241,0
727.7107544,0
727.8292847,0
727.9478149,0
728.0663452,0.000373756462696721
728.1848755,0.00229334023296781
728.3034058,0.00155609803444467
728.421936,0.00250449505068066
728.5404663,0.00149980411065507
728.6589355,0
728.7774658,0
728.8959961,0
729.0145264,0
729.1330566,0
729.2515869,0
729.3701172,0
729.4885864,0
729.6071167,0
729.725647,0
729.8441772,0
729.9627075,0
730.0812378,0
730.1997681,0
730.3182373,0
730.4367676,0
730.5552979,0
730.6738281,0
730.7923584,0
730.9108276,0
731.0293579,0
731.1478882,0
731.2664185,0
731.3849487,0
731.503479,0
731.6219482,0
731.7404785,0
731.8590088,0
731.9775391,0
732.0960083,0
732.2145386,0
732.3330688,0
732.4515991,0
732.5701294,0
732.6885986,0
732.8071289,0
732.9256592,0
733.0441895,0
733.1626587,0
733.281189,0
733.3997192,0
733.5181885,0
733.6367188,0
733.755249,0
733.8737793,0
733.9922485,0
734.1107788,0
734.2293091,0
734.3477783,0
734.4663086,0
734.5848389,0
734.7033691,0
734.8218384,0
734.9403687,0
735.0588989,0
735.1773682,0
735.2958984,0
735.4144287,0
735.5328979,0
735.6514282,0
735.7699585,0
735.8884277,0
736.006958,0
736.1254272,0
736.2439575,0
736.3624878,0
736.480957,0
736.5994873,0
736.7180176,0
736.8364868,0
736.9550171,0
737.0734863,0
737.1920166,0
737.3105469,0
737.4290161,0
737.5475464,0
737.6660156,0
737.7845459,0
737.9030151,0
738.0215454,0
738.1400146,0
738.2585449,0
738.3770752,0
738.4955444,0
738.6140747,0
738.7325439,0
738.8510742,0
738.9695435,0
739.0880737,0
739.206543,0
739.3250732,0
739.4435425,0
739.5620728,0
739.680542,0
739.7990723,0
739.9175415,0
740.0360107,9.90561073641689e-05
740.154541,0.000728987918078362
740.2730103,0.000428689626110934
740.3915405,0
740.5100098,0
740.62854,0
740.7470093,0
740.8655396,0
740.9840088,0
741.102478,0
741.2210083,0
741.3394775,0
741.4580078,0
741.5764771,0
