321.5698853,0
321.6777954,0
321.7857361,0
321.8936768,0
322.0016174,0
322.1095581,0
322.2175293,0
322.32547,0
322.4334412,0
322.5414124,0
322.6494141,0
322.7573853,0
322.865387,0
322.9733887,4.78393019939552e-05
323.0813904,0
323.1893921,0
323.2973938,0
323.405426,0
323.5134583,0
323.6214905,0
323.7295227,0
323.8375854,0
323.9456482,0
324.0537109,0
324.1617737,0
324.2698364,0
324.3778992,0
324.4859924,0
324.5940857,0
324.702179,0
324.8102722,0
324.918396,0.00049606106906449
325.0265198,0.000762372108034765
325.1346436,0.000471568579973348
325.2427673,0.000635066384497051
325.3508911,0.000321754956653659
325.4590149,0.000278315575547857
325.5671692,0
325.6753235,0
325.7834778,0
325.8916321,0
325.9998169,0
326.1080017,0
326.2161865,0
326.3243713,0
326.4325562,0
326.5407715,0
326.6489563,0
326.7571716,0
326.865387,0
326.9736328,0
327.0818481,0
327.190094,0
327.2983398,0
327.4065857,0
327.5148315,0
327.6231079,0
327.7313538,0
327.8396301,0
327.9479065,0
328.0562134,0
328.1644897,0
328.2727966,0
328.3811035,0
328.4894104,0
328.5977173,0
328.7060242,0
328.8143616,0
328.922699,0
329.0310364,0
329.1393738,0
329.2477417,0
329.3561096,0
329.464447,0
329.5728149,0
329.6812134,0
329.7895813,0
329.8979797,0
330.0063782,0
330.1147766,0
330.223175,0
330.3315735,0
330.4400024,0
330.5484314,0
330.6568604,0
330.7652893,0
330.8737488,0
330.9821777,0
331.0906372,0
331.1990967,0
331.3075562,0
331.4160461,0
331.5245361,0
331.6329956,0
331.7414856,0
331.8500061,0
331.9584961,0
332.0670166,0
332.1755066,0
332.2840271,0
332.3925781,0
332.5010986,0
332.6096497,0
332.7181702,0
332.8267212,0
332.9353027,0
333.0438538,0
333.1524048,0
333.2609863,0
333.3695679,0
333.4781494,0
333.5867615,0
333.695343,0
333.8039551,0
333.9125671,0
334.0211792,0
334.1297913,0
334.2384338,0
334.3470764,0
334.455719,0.00101561682970014
334.5643616,0.00139099764730403
334.6730042,0.000854979089083197
334.7816772,0.000871612593168157
334.8903198,0.00117716380844242
334.9989929,0.000914668053466989
335.107666,0
335.2163696,0
335.3250427,0
335.4337463,0
335.54245,0
335.6511536,0
335.7598572,0
335.8685608,0
335.9772949,0
336.0860291,0
336.1947632,0
336.3034973,0
336.412262,0
336.5209961,0
336.6297607,0
336.7385254,0
336.84729,0
336.9560852,0
337.0648499,0
337.173645,0
337.2824402,0
337.3912354,0
337.5000305,0
337.6088562,0
337.7176819,0
337.8265076,0
337.9353333,0
338.0441589,0
338.1530151,0
338.2618408,0
338.370697,0
338.4795532,0
338.5884399,0
338.6972961,0
338.8061829,0
338.9150696,0
339.0239563,0
339.132843,0
339.2417603,0
339.350647,0
339.4595642,0
339.5684814,0
339.6773987,0
339.7863464,0
339.8952637,0
340.0042114,0
340.1131592,0
340.2221069,0
340.3310852,0
340.440033,0
340.5490112,0
340.6579895,0
340.7669678,0
340.8759766,0
340.9849548,0
341.0939636,0
341.2029724,0
341.3119812,0
341.42099,3.5773720443745e-05
341.5300293,0
341.6390381,0
341.7480774,0
341.8571167,0
341.9661865,0
342.0752258,0
342.1842957,0
342.293335,0
342.4024048,0
342.5115051,0
342.620575,0
342.7296753,0
342.8387451,0
342.9478455,0
343.0569763,0
343.1660767,0
343.2752075,0
343.3843079,0
343.4934387,0
343.6025696,4.24799404472788e-05
343.711731,0
343.8208618,0
343.9300232,0
344.0391846,0
344.1483459,0
344.2575073,0
344.3666687,0
344.4758606,0
344.5850525,0
344.6942444,0
344.8034363,0
344.9126587,0
345.0218506,0
345.131073,0
345.2402954,0
345.3495178,0
345.4587402,0
345.5679932,0
345.6772461,0
345.786499,0
345.895752,0
346.0050049,0
346.1142578,0
346.2235413,0
346.3328247,0
346.4421082,0
346.5513916,0
346.6607056,0
346.769989,0
346.879303,0
346.9886169,0
347.0979309,0
347.2072754,0
347.3165894,0
347.4259338,0
347.5352783,0
347.6446228,0
347.7539673,0
347.8633423,0
347.9727173,0
348.0820618,0
348.1914673,0
348.3008423,0
348.4102173,0
348.5196228,0
348.6290283,0
348.7384338,0
348.8478394,0
348.9572449,0
349.0666809,0
349.1761169,0
349.2855225,0
349.394989,0
349.504425,0
349.6138611,0
349.7233276,0.000319766239858876
349.8327942,0.000156011967449448
349.9422607,0.000121636544037134
350.0517273,0.00058221097639815
350.1612244,0.00117980098148687
350.2706909,0.00140603297775088
350.380188,0.000562511795496256
350.4896851,0.000128949435765957
350.5991821,0
350.7087097,2.23818886307337e-06
350.8182068,0
350.9277344,0
351.037262,0
351.1467896,0
351.2563171,0
351.3658752,0
351.4754333,0
351.5849609,0
351.694519,0
351.8041077,0
351.9136658,0
352.0232544,0
352.132843,0
352.2424011,0
352.3520203,0.000229606056990027
352.4616089,0
352.571228,0
352.6808167,0
352.7904358,0
352.9000549,0
353.0097046,0
353.1193237,0
353.2289734,0
353.3385925,0
353.4482422,0
353.5579224,0
353.667572,0
353.7772522,0
353.8869019,0
353.996582,0
354.1062622,0
354.2159729,0
354.3256531,0
354.4353638,0
354.5450745,0
354.6547852,0
354.7644958,0
354.8742371,0
354.9839478,0
355.093689,0
355.2034302,0
355.3131714,0
355.4229126,0
355.5326843,0
355.6424561,0
355.7521973,0
355.8619995,0
355.9717712,0
356.081543,0
356.1913452,0
356.3011475,0
356.4109497,0
356.520752,0
356.6305542,0
356.740387,0
356.8502197,0
356.960022,0
357.0698853,0
357.179718,0
357.2895508,0
357.3994141,0.000188266161660469
357.5092773,0.00030556324694818
357.6191406,0
357.7290039,6.01557784908496e-05
357.8388672,0
357.948761,0
358.0586548,0
358.1685181,0
358.2784424,0
358.3883362,0
358.49823,0
358.6081543,0
358.7180786,0
358.8280029,0
358.9379272,0
359.0478516,0
359.1578064,0
359.2677612,0
359.3777161,0
359.4876709,0
359.5976257,0
359.7076111,0
359.8175659,0
359.9275513,0
360.0375366,0
360.147522,0
360.2575378,0.000163381987127271
360.3675232,0.000259309853895412
360.4775391,0.000141057688445574
360.5875549,0.00020451604827896
360.6975708,0
360.8075867,3.17292732140213e-05
360.9176331,0
361.0276489,0
361.1376953,0
361.2477417,0
361.3577881,0
361.467865,0
361.5779114,0
361.6879883,0
361.7980652,0
361.9081421,0
362.018219,0
362.1283264,0
362.2384033,0
362.3485107,0
362.4586182,0
362.5687256,0
362.6788635,0
362.7889709,0
362.8991089,0
363.0092468,0
363.1193848,0
363.2295227,0
363.3396912,0
363.4498291,0.000102032078642927
363.5599976,0
363.670166,0
363.7803345,0
363.8905334,0
364.0007019,0
364.1109009,0
364.2210999,0
364.3312988,0
364.4414978,0
364.5516968,0
364.6619263,0
364.7721558,0
364.8823853,0
364.9926147,0
365.1028442,8.85935227067388e-05
365.2131042,0.000100313493900723
365.3233337,0.000215154745464858
365.4335938,0
365.5438538,0
365.6541138,0.000234471427833286
365.7644043,0.000120877889624219
365.8746643,3.66674758213765e-05
365.9849548,0
366.0952454,0
366.2055359,0
366.3158264,0
366.4261475,0
366.536438,0
366.646759,0
366.7570801,0
366.8674011,0
366.9777527,0
367.0880737,0
367.1984253,0
367.3087769,0
367.4191284,0
367.52948,0
367.6398315,0
367.7502136,0
367.8605957,0
367.9709778,0
368.0813599,0
368.1917419,0
368.302124,0
368.4125366,0
368.5229492,0
368.6333618,0
368.7437744,0
368.854187,0
368.9646301,0
369.0750732,8.2289481102281e-05
369.1855164,0
369.2959595,0
369.4064026,0
369.5168457,0
369.6273193,0
369.737793,0
369.8482666,0
369.9587402,0
370.0692139,0
370.1796875,0
370.2901917,0
370.4006958,0
370.5112,0
370.6217041,0
370.7322083,0
370.8427429,0
370.9532776,0
371.0638123,0
371.1743469,0
371.2848816,0
371.3954163,0
371.5059814,0
371.6165466,0
371.7270813,0
371.837677,8.74981069348039e-05
371.9482422,7.07050886142207e-05
372.0588074,0
372.1694031,0
372.2799988,0
372.3905945,0
372.5011902,0
372.6117859,0
372.7224121,0
372.8330078,0
372.943634,0
373.0542603,0
373.164917,3.40809249195612e-05
373.2755432,0
373.3861694,0
373.4968262,0
373.6074829,0
373.7181396,0
373.8287964,0
373.9394836,0
374.0501404,0
374.1608276,0
374.2715149,0
374.3822021,0
374.4929199,0
374.6036072,0
374.714325,8.76137962026384e-05
374.8250122,0.00033848331577969
374.93573,0.000339230498088338
375.0464783,0
375.157196,0
375.2679138,0
375.3786621,0
375.4894104,0
375.6001587,0
375.710907,0
375.8216858,0
375.9324341,0
376.0432129,0
376.1539917,0
376.2647705,0
376.3755493,0
376.4863586,0
376.5971375,0
376.7079468,0
376.8187561,0
376.9295654,0
377.0403748,0
377.1512146,0
377.2620239,0
377.3728638,0
377.4837036,0
377.5945435,0
377.7053833,0
377.8162537,0
377.927124,0
378.0379639,0
378.1488342,0
378.2597351,0
378.3706055,0
378.4814758,0
378.5923767,0
378.7032776,0
378.8141785,0
378.9250793,0
379.0360107,0
379.1469116,0
379.257843,0
379.3687744,0
379.4797058,0
379.5906372,0
379.7015686,0
379.8125305,0
379.9234924,0
380.0344543,0
380.1454163,0
380.2563782,0
380.3673401,0
380.4783325,0
380.589325,0
380.7003174,0
380.8113098,0
380.9223022,0
381.0333252,0
381.1443176,0
381.2553406,3.48466211878752e-05
381.3663635,0
381.4773865,0
381.5884094,0
381.6994629,0
381.8105164,0
381.9215393,0
382.0325928,0
382.1436462,0.000105603276144736
382.2547302,0
382.3657837,0
382.4768677,0
382.5879517,0
382.6990356,0
382.8101196,0
382.9212036,0
383.0323181,0
383.1434021,0
383.2545166,0
383.3656311,0
383.4767761,0
383.5878906,0
383.6990051,0
383.8101501,0
383.9212952,0
384.0324402,0
384.1435852,0
384.2547607,0
384.3659058,0
384.4770813,0
384.5882568,0
384.6994324,0
384.8106079,0
384.9217834,0
385.0329895,0
385.1441956,0
385.2553711,0
385.3665771,0
385.4778137,0
385.5890198,0
385.7002563,0
385.8114624,0
385.922699,0
386.0339355,0
386.1451721,0
386.2564392,0
386.3676758,0
386.4789429,0
386.59021,0
386.7014771,0
386.8127441,0
386.9240417,0
387.0353088,0
387.1466064,8.27052532806049e-05
387.2579041,0
387.3692017,2.71936684511415e-05
387.4804993,0
387.5918274,0
387.703125,0
387.8144531,0
387.9257813,0
388.0371094,0
388.1484375,0
388.2597961,0
388.3711243,0
388.4824829,0
388.5938416,0
388.7052002,0
388.8165588,0
388.9279175,0
389.0393066,0
389.1506958,0
389.262085,0
389.3734741,0
389.4848633,0.00046950135366896
389.5962524,0.00071589496106512
389.7076721,0.000513920461356977
389.8190918,0.000362600931252795
389.930481,0.000120358751272935
390.0419312,0
390.1533508,0
390.2647705,0
390.3762207,0
390.4876404,0
390.5990906,0
390.7105408,0
390.8220215,0
390.9334717,0
391.0449524,0
391.1564026,0
391.2678833,0
391.379364,0
391.4908447,0
391.602356,0
391.7138367,0.000269000652944704
391.8253479,0.000296220833257756
391.9368591,0.000856888363523481
392.0483704,0.00115388550225748
392.1598816,0.00145890179323447
392.2713928,0.0011866653867859
392.3829346,0.0009112764231015
392.4944763,0.000316523374406636
392.6059875,2.75452712238541e-05
392.7175293,0
392.8291016,0
392.9406433,0
393.0521851,0
393.1637573,0
393.2753296,0
393.3869019,0
393.4984741,0
393.6100464,0
393.7216492,0.00120605962319133
393.833252,0.000802047666806072
393.9448242,0.00100118378772668
394.056427,0.00171572550108835
394.1680603,0.00213410040759596
394.2796631,0.00278977159668981
394.3912659,0.00295204847956827
394.5028992,0.00330003957612507
394.6145325,0.0028820420846503
394.7261658,0.00180284611090949
394.8377991,0.00188317851695177
394.9494324,0.00111632324511635
395.0610962,0.000682565951955444
395.1727295,0.000544930416498876
395.2843933,0.000936206976125124
395.3960571,0.00166476374426755
395.5077209,0.00235826571363688
395.6193848,0.00320176924442558
395.7310791,0.00338906904036824
395.8427429,0.00383028827006321
395.9544373,0.00370878109080346
396.0661316,0.00403891993026215
396.1778259,0.00398179531877581
396.2895203,0.0039461731614441
396.4012451,0.00494237173847227
396.5129395,0.00584956831856753
396.6246643,0.00677988501972849
396.7363892,0.00666480243309325
396.848114,0.00666928627304335
396.9598389,0.00670014198364431
397.0715637,0.00579638574392883
397.1833191,0.00508597120809104
397.2950745,0.00444414700220643
397.4068298,0.00511598749290634
397.5185852,0.00567060402179202
397.6303406,0.00673159807076438
397.7420959,0.00801064167192175
397.8538818,0.00811630468709884
397.9656372,0.00878801795813886
398.0774231,0.00968019525052123
398.189209,0.0103892849865312
398.3009949,0.0102652807016781
398.4128113,0.0103453319001593
398.5245972,0.0116373866972359
398.6364136,0.0124833572301714
398.7481995,0.0128452531377767
398.8600159,0.0124787950436998
398.9718628,0.0127946670938793
399.0836792,0.0132746996981911
399.1954956,0.0132485502737681
399.3073425,0.0132220798188069
399.4191895,0.0130260449569582
399.5310364,0.0140116525909378
399.6428833,0.0152441141162045
399.7547302,0.0161082150362092
399.8665771,0.0175526842083297
399.9784546,0.0187922172444467
400.090332,0.0199958064353262
400.202179,0.0213284791856538
400.3140564,0.0218074757525792
400.4259644,0.0228204971708456
400.5378418,0.0229459753013132
400.6497498,0.0240172730228889
400.7616272,0.0245773029161302
400.8735352,0.0244078209606063
400.9854431,0.0252696681172031
401.0973511,0.0259935252205138
401.2092896,0.02690809205339
401.3211975,0.027198885602483
401.433136,0.0279803347839637
401.5450745,0.029338459113527
401.6569824,0.0302883370482795
401.7689514,0.0312168070117506
401.8808899,0.0320157919848908
401.9928284,0.0335506777709777
402.1047974,0.0351768733216966
402.2167664,0.0367737132166074
402.3287354,0.0384967330029369
402.4407043,0.0402370837634466
402.5526733,0.0419471487831174
402.6646423,0.0433381856960782
402.7766418,0.0450221755346078
402.8886414,0.0463207062218158
403.0006104,0.0475491989412325
403.1126099,0.0483480533381721
403.2246399,0.0497545103185701
403.3366394,0.0511265157683303
403.4486694,0.0520671115202527
403.5606689,0.0530812029274802
403.672699,0.0543902044271116
403.784729,0.0554781093515183
403.896759,0.0567403141631626
404.0087891,0.0579630719270602
404.1208496,0.0593584268478759
404.2329102,0.0611696400757922
404.3449402,0.0624046459962598
404.4570007,0.0648140527760904
404.5690613,0.0665796497355279
404.6811523,0.0682463705310364
404.7932129,0.0703136243296945
404.905304,0.0717700849785673
405.0173645,0.0732587079504981
405.1294556,0.0736316794286954
405.2415466,0.0746619400440513
405.3536377,0.0754661175202522
405.4657593,0.075700759817988
405.5778503,0.0762463918784618
405.6899719,0.0762077753031219
405.8020935,0.0767440528022286
405.9142151,0.0767153019045892
406.0263367,0.0775284302739813
406.1384583,0.0783851162656452
406.2506104,0.0789638381223633
406.3627319,0.0799148755858743
406.474884,0.0807357371180295
406.5870361,0.0808307840074906
406.6991882,0.0809370351810024
406.8113403,0.0802313279592555
406.9235229,0.0803883938730924
407.035675,0.0809139520880399
407.1478577,0.0805306291831481
407.2600403,0.0804242377331576
407.3722229,0.080222887439304
407.4844055,0.0797395169041532
407.5965881,0.0784515331373951
407.7088013,0.0766635768563441
407.8209839,0.0762699942998453
407.933197,0.0760757489059889
408.0454102,0.0748622643737458
408.1576233,0.0749236611041412
408.2698364,0.0754005430624865
408.3820801,0.0751874109605005
408.4942932,0.0739617088647186
408.6065369,0.0729682867354591
408.7187805,0.072542059093304
408.8310242,0.0721169805305265
408.9432678,0.0705853476124711
409.055542,0.0700799841189722
409.1677856,0.0695406384256631
409.2800598,0.068601541704226
409.392334,0.0679143951206528
409.5046082,0.0659360100375452
409.6168823,0.064804921315114
409.7291565,0.063412268972335
409.8414612,0.0621681002527632
409.9537354,0.0609473130874714
410.06604,0.0593490707923095
410.1783447,0.0578842509531977
410.2906494,0.0580893215811655
410.4029541,0.0577154875453339
410.5152893,0.0572368961427867
410.627594,0.0566580086402477
410.7399292,0.0561108111435434
410.8522644,0.0561675369345894
410.9645996,0.0540322829235967
411.0769348,0.053089342748821
411.18927,0.0525412737413038
411.3016052,0.0519515013107875
411.4139709,0.051004134191809
411.5263367,0.0514240918809601
411.6387024,0.051558962626808
411.7510681,0.0504942221270793
411.8634338,0.0488211149792338
411.9757996,0.0482134832949408
412.0881958,0.0473278255425398
412.200592,0.0451805882608737
412.3129883,0.044367032344157
412.4253845,0.0439645399368792
412.5377808,0.044192692165613
412.650177,0.0435353403521985
412.7626038,0.0433294541757911
412.875,0.0436276518332985
412.9874268,0.0436346507813406
413.0998535,0.0439288311316067
413.2122803,0.0436238919529746
413.324707,0.0439564068334267
413.4371643,0.0453311887299542
413.5495911,0.0451985363073482
413.6620483,0.0449706064319053
413.7745056,0.0439781423688633
413.8869629,0.0437550132638737
413.9994202,0.0431405087331528
414.1118774,0.0413643708240539
414.2243347,0.0410814007246212
414.3368225,0.0406715198759899
414.4493103,0.0404929900284983
414.5617981,0.0397094974973264
414.6742859,0.0390522635774443
414.7867737,0.039658026885597
414.8992615,0.0398733758186285
415.0117798,0.0391722111953209
415.1242981,0.0388906088010702
415.2367859,0.0396660973127937
415.3493042,0.0403336722139954
415.461853,0.0397458218806938
415.5743713,0.0390601922339628
415.6868896,0.0399574825628358
415.7994385,0.0401672957615904
415.9119873,0.0394494877481861
416.0245361,0.0384734200977042
416.137085,0.0375912778619381
416.2496338,0.0367982487074145
416.3621826,0.0353814809641768
416.474762,0.0345396755678788
416.5873108,0.0339193207979479
416.6998901,0.0335458990129254
416.8124695,0.0330753571448221
416.9250488,0.0327524154495386
417.0376282,0.0328673492714008
417.150238,0.0328577667585024
417.2628174,0.033091478600662
417.3754272,0.033649047669714
417.4880371,0.0338710907441302
417.600647,0.0338993752933319
417.7132568,0.0332487635108487
417.8258667,0.0328292717955839
417.9385071,0.0323890537203297
418.0511475,0.0309011022888671
418.1637573,0.0302452353270673
418.2763977,0.0294334657096787
418.3890381,0.0286272042179288
418.501709,0.0280210864840823
418.6143494,0.0267390637596297
418.7269897,0.0267455232356004
418.8396606,0.0256777555780725
418.9523315,0.0258685130619295
419.0650024,0.0257551387075122
419.1776733,0.0250985897598691
419.2903442,0.0250246568569611
419.4030457,0.0249518663195482
419.5157166,0.0251258580451899
419.628418,0.0244663707324453
419.7411194,0.0246140652942001
419.8538208,0.0246651822273354
419.9665222,0.0248224425152796
420.0792236,0.0238759987634434
420.1919556,0.0238371389400567
420.3046875,0.0232092517228041
420.4173889,0.0224443258025974
420.5301208,0.021474780304342
420.6428528,0.0201291473773925
420.7556152,0.0191840476398668
420.8683472,0.0181530059848662
420.9810791,0.017073381158279
421.0938416,0.0159170055690592
421.206604,0.0158585777947935
421.3193665,0.016092312580725
421.4321289,0.0156057165975034
421.5448914,0.0150549731814132
421.6576843,0.014871696847371
421.7704468,0.0145565356965939
421.8832397,0.0139975701960764
421.9960327,0.013373336346367
422.1088257,0.0133999379397563
422.2216187,0.0131649818821844
422.3344116,0.0129460972868648
422.4472351,0.0125899751386957
422.5600281,0.0123209529397565
422.6728516,0.0118714452182865
422.785675,0.011910468821748
422.8984985,0.0114773765412468
423.011322,0.0111418656558507
423.124176,0.0108812530130863
423.2369995,0.0101635509546416
423.3498535,0.00993984376494513
423.4627075,0.00935902259896661
423.5755615,0.00916602869723333
423.6884155,0.00950987843893805
423.8012695,0.00957417622471732
423.9141235,0.0100377775335234
424.0270081,0.00992907337135583
424.1398621,0.00988711252244092
424.2527466,0.00977227644745641
424.3656311,0.0090231424594501
424.4785156,0.00882212047504877
424.5914307,0.00850263740145407
424.7043152,0.00748771104623196
424.8172302,0.0077485240318894
424.9301147,0.00704771924363789
425.0430298,0.00634662149596726
425.1559448,0.00584386936283809
425.2688599,0.0053712011350577
425.3818054,0.0056002560272594
425.4947205,0.00496139210333667
425.607666,0.00543750374942737
425.7205811,0.00572596332044113
425.8335266,0.00530927379463532
425.9464722,0.00503631347661526
426.0594482,0.00556850539518638
426.1723938,0.00540094926957144
426.2853394,0.00547001350208147
426.3983154,0.00570759313760665
426.5112915,0.00655681653997571
426.6242676,0.006935389880787
426.7372437,0.00628876108082097
426.8502197,0.00636640349991983
426.9631958,0.00631365490887959
427.0762024,0.00564186636924862
427.189209,0.00473772362041432
427.3021851,0.00416294977093192
427.4151917,0.00462334055543403
427.5281982,0.00386509124114067
427.6412354,0.00322782549083602
427.7542419,0.00370275494561026
427.8672485,0.0035018861097346
427.9802856,0.00417437715561368
428.0933228,0.00389915234639505
428.2063599,0.00460121161002092
428.319397,0.00529218504209126
428.4324341,0.00529723782629402
428.5455017,0.00577546613148309
428.6585388,0.00508369930197814
428.7716064,0.00525009944485412
428.8846741,0.00487104231473327
428.9977417,0.00439026266781843
429.1108093,0.00417106394151635
429.223877,0.00380108091234126
429.3369751,0.00355363368549891
429.4500427,0.00209210812657483
429.5631409,0.00195093832829013
429.676239,0.00156619054345845
429.7893372,0.00138238490431018
429.9024353,0.00161432182548994
430.0155334,0.00197826117472171
430.1286316,0.00276835075296095
430.2417603,0.00206801175292244
430.3548889,0.00179763924514768
430.4680176,0.00132050522492206
430.5811462,0.00128615787563321
430.6942749,0.000561978713630936
430.8074036,0.000683522081558286
430.9205627,0.00143506932613709
431.0336914,0.00187078061612702
431.1468506,0.002649162021681
431.2600098,0.00214057447964729
431.3731689,0.00280845558480331
431.4863281,0.00221877306489018
431.5994873,0.00172898995718776
431.712677,0.000897100979477744
431.8258362,0
431.9390259,0
432.0522156,0
432.1654053,0
432.278595,0
432.3917847,0.000127592410782567
432.5050049,0.000449388802345989
432.6181946,0.0010167237528042
432.7314148,0.00126199654007871
432.844635,0.001380498994321
432.9578552,0.0013252718584077
433.0710754,0.00113626238512
433.1842957,0.00117632720412981
433.2975464,0.00085149764027822
433.4107971,0.00110817719957385
433.5240173,0.00128173745886232
433.6372681,0.000517133503969741
433.7505188,3.18741207451135e-05
433.8637695,0
433.9770508,0
434.0903015,0
434.2035828,0
434.3168335,0
434.4301147,0
434.543396,0
434.6567078,0
434.769989,0
434.8832703,0
434.996582,0
435.1098938,0
435.223175,0
435.3364868,0
435.4498291,6.36420774349484e-05
435.5631409,0
435.6764526,0.000487895203898465
435.7897949,0
435.9031372,0
436.0164795,0
436.1298218,0
436.2431641,0
436.3565063,0
436.4698486,0
436.5832214,0
436.6965942,0
436.809967,0
436.9233398,0
437.0367126,0
437.1500854,0
437.2634583,0
437.3768616,0
437.4902649,0
437.6036682,0.000289572253651514
437.7170715,0
437.8304749,0
437.9438782,0
438.0572815,0
438.1707153,0
438.2841492,0
438.3975525,0
438.5109863,0
438.6244202,0
438.7378845,0
438.8513184,0
438.9647827,0
439.0782166,0
439.1916809,0
439.3051453,2.55378541799385e-05
439.4186096,0
439.532074,0.00038541960519195
439.6455688,0.000378324777460574
439.7590332,0.000239757199431864
439.8725281,0.000485329102106744
439.9860229,0.000176374527827123
440.0995178,0.000663041115213956
440.2130127,4.8696635398573e-05
440.3265076,0
440.4400024,0
440.5535278,0
440.6670227,0
440.7805481,0
440.8940735,0
441.0075989,0
441.1211243,0
441.2346497,0
441.3482056,0
441.4617615,0
441.5752869,0
441.6888428,3.36929584838637e-05
441.8023987,0
441.9159546,0
442.029541,0
442.1430969,0
442.2566833,0
442.3702393,0
442.4838257,0
442.5974121,0
442.7109985,0
442.824585,0
442.9382019,0
443.0517883,0
443.1654053,0
443.2790222,0
443.3926392,0
443.5062561,0
443.619873,0
443.73349,0
443.8471375,0.000102739224868803
443.9607849,0.000228342755878694
444.0744019,0.000310658445498379
444.1880493,0.000683261486257248
444.3016968,0.000530585164086516
444.4153442,0.000327523374751649
444.5290222,0.000139569013126591
444.6426697,0
444.7563477,0
444.8700256,0
444.9836731,0
445.0973511,0
445.2110596,0
445.3247375,0
445.4384155,0
445.552124,0
445.665802,0.000125810449421688
445.7795105,0.00104247687317283
445.893219,0.00116018471753387
446.0069275,0.00115664307470281
446.1206665,0.000477248310434124
446.234375,0.000593563255829369
446.3480835,0.000678904516172164
446.4618225,0
446.5755615,0.000263612925725418
446.6893005,0.00012194806435682
446.8030396,0
446.9167786,0
447.0305176,0
447.1442871,0
447.2580261,0
447.3717957,0
447.4855652,0
447.5993347,0
447.7131042,0
447.8268738,0
447.9406738,0
448.0544434,0
448.1682434,0
448.2820435,0.000272983822056623
448.3958435,0.000740384745553244
448.5096436,0.000459020095448008
448.6234436,0
448.7372437,0
448.8510742,0
448.9649048,0
449.0787048,0
449.1925354,0
449.306366,0
449.4201965,0
449.5340576,0
449.6478882,0
449.7617493,0
449.8755798,0
449.9894409,0
450.103302,0
450.2171631,0
450.3310242,0
450.4449158,0.00016524632852875
450.5587769,0.000413777394163998
450.6726685,0.00116647996868089
450.7865601,0.000254685479933063
450.9004517,0.000267954751524599
451.0143433,0.000407346715761582
451.1282349,0
451.2421265,0
451.3560486,0
451.4699402,0
451.5838623,0
451.6977844,0
451.8117065,0
451.9256287,0
452.0395508,0
452.1534729,0
452.2674255,0
452.3813782,7.55387707715894e-06
452.4953003,0.00023535465543665
452.6092529,8.70486526563992e-05
452.7232056,0.000574156684784067
452.8371582,0.00125508272508148
452.9511414,0.000862531450557477
453.065094,0.000952903297229061
453.1790771,0.000625537279822219
453.2930298,0.000357856635993713
453.4070129,0
453.5209961,0
453.6349792,0
453.7489929,0
453.8629761,0
453.9769592,0
454.0909729,0
454.2049866,0
454.3190002,5.77039085176825e-05
454.4330139,0.00130495984989942
454.5470276,0.00172353118207413
454.6610413,0.00177995006961611
454.7750854,0.00166644122016995
454.8890991,0.00157000130365453
455.0031433,0.00170187842426131
455.1171875,0.00206005175705418
455.2312317,0.00168526641894127
455.3452759,0.00127874733058442
455.4593201,0.000890457821401678
455.5733643,0.000571080188950173
455.687439,0
455.8014832,0
455.9155579,0
456.0296326,0
456.1437073,0
456.257782,0
456.3718567,0
456.4859619,0
456.6000366,0.000777454772504334
456.7141418,0.00131947832716864
456.8282471,0.000875930623416079
456.9423523,0.00134913123389265
457.0564575,0.00185812850904554
457.1705627,0.00184044348412342
457.284668,0.00151730872125574
457.3987732,0.00120869299522091
457.5129089,0.00131196060089535
457.6270447,0.000793860964258841
457.7411804,0.000264267162083063
457.8553162,0
457.9694519,0
458.0835876,0
458.1977234,0
458.3118896,0
458.4260254,0
458.5401917,0.000126331639866533
458.6543579,0.000636699814202823
458.7685242,0.00138450279945093
458.8826904,0.00154192089866108
458.9968567,0.00154677828324703
459.1110535,0.00141262405682771
459.2252197,0.00167399679981519
459.3394165,0.00121116431170821
459.4536133,0.00135474316918711
459.5677795,0.00164912675538467
459.6820068,0.00155817458567152
459.7962036,0.00141949163320439
459.9104004,0.000711726651815749
460.0245972,0.000454621130468897
460.1388245,6.10777478758495e-05
460.2530518,0
460.3672485,0
460.4814758,0
460.5957031,0
460.7099609,0
460.8241882,0.000342581906245089
460.9384155,0.000859584413150815
461.0526733,0.00223282139405289
461.1669312,0.00406875608840153
461.281189,0.00375396978914389
461.3954163,0.00392658427196473
461.5097046,0.00398746377543241
461.6239624,0.00406175856401499
461.7382202,0.00336647850384001
461.8525085,0.00223952973577948
461.9667664,0.00234714395000743
462.0810547,0.00222796755332328
462.195343,0.00119810436014952
462.3096313,0.000970489922692933
462.4239197,3.10294017641892e-05
462.538208,0
462.6525269,0
462.7668152,0
462.881134,0.000441874261503466
462.9954224,0.00076745100768774
463.1097412,0.00178970858243611
463.2240601,0.00265905493571172
463.3384094,0.00277818747243658
463.4527283,0.00252330883158754
463.5670471,0.00278800518813976
463.6813965,0.00347023310792763
463.7957153,0.00360200338807149
463.9100647,0.00336440295353138
464.0244141,0.00306108498422454
464.1387634,0.00339779655155415
464.2531128,0.00253284296068784
464.3674622,0.00128888841156237
464.481842,0.00122323616549679
464.5961914,0.000977370183955018
464.7105713,0.000737274346147276
464.8249512,0.000736527163938775
464.9393311,0.00185273920835019
465.0537109,0.00306524102849858
465.1680908,0.00299030526844349
465.2824707,0.00328001129376508
465.3968811,0.00416514941668179
465.511261,0.00399388433429946
465.6256714,0.00372707518944646
465.7400818,0.00320839520645407
465.8544922,0.00364992019701113
465.9689026,0.00362763045461427
466.083313,0.00380599950522224
466.1977234,0.00407392410716282
466.3121643,0.00359778517963544
466.4265747,0.00329326349701301
466.5410156,0.00371744312681374
466.6554565,0.00320503293244342
466.7698975,0.00285121920473419
466.8843384,0.00269907036854797
466.9987793,0.00290602299018037
467.1132202,0.00328015194403405
467.2276917,0.00320688890332398
467.3421326,0.00430431683457969
467.456604,0.00427753914819182
467.5710754,0.00399609503231762
467.6855469,0.00457125399185949
467.8000183,0.00475797738196649
467.9144897,0.00454788605342113
468.0289612,0.00433960639254459
468.1434631,0.00475607645531366
468.2579346,0.00563936236169598
468.3724365,0.00530411300425378
468.4869385,0.00540954349857378
468.6014404,0.00575255810540882
468.7159424,0.00512070805129214
468.8304443,0.00440347579136332
468.9449463,0.00420662034406086
469.0594788,0.00416279195884176
469.1739807,0.00474985966716518
469.2885132,0.00455343419235708
469.4030457,0.00581183099423373
469.5175781,0.00680687489424488
469.6321106,0.00697241994207096
469.7466431,0.00717187723674054
469.8611755,0.00688078755756142
469.9757385,0.00701829223580383
470.090271,0.00694730403913111
470.204834,0.00679359918698041
470.319397,0.00685928986000823
470.43396,0.00768130317832534
470.5485229,0.00780628408851381
470.6630859,0.00753549797679824
470.7776489,0.00696101270328279
470.8922424,0.00669768517055917
471.0068054,0.00643226392300981
471.1213989,0.00534987141555837
471.2359924,0.006052471082967
471.3505859,0.00635671484578773
471.4651794,0.00702193012095796
471.5797729,0.00763195491516883
471.6943665,0.00816289515654435
471.80896,0.00906483646418599
471.923584,0.00809318531213137
472.038208,0.00865674918838896
472.1528015,0.0085745774137437
472.2674255,0.00911200305865382
472.3820496,0.00965097156937215
472.4966736,0.00993780340044795
472.6113281,0.0113278382259947
472.7259521,0.0111119225874057
472.8406067,0.0115438413511588
472.9552307,0.0112170677711652
473.0698853,0.0104776600242167
473.1845398,0.0103209569294283
473.2991943,0.00973636972526187
473.4138489,0.0103036893798054
473.5285034,0.0100925353380083
473.6431885,0.010716743818776
473.757843,0.0119318605665449
473.8725281,0.0124886553130395
473.9871826,0.0128874695442574
474.1018677,0.0127914276552151
474.2165527,0.013156138809699
474.3312378,0.0136859406029455
474.4459534,0.01375481866943
474.5606384,0.0136752190814931
474.6753235,0.0140542777036101
474.7900391,0.0149424015008848
474.9047546,0.0157538655685221
475.0194702,0.0154728280136819
475.1341858,0.0158736602252488
475.2489014,0.0160270850816622
475.3636169,0.0162171214060146
475.4783325,0.015880911931336
475.5930786,0.0155076181126724
475.7077942,0.0156080257628597
475.8225403,0.0152821162310945
475.9372864,0.016302296088164
476.0520325,0.0167660764737606
476.1667786,0.0171120574254818
476.2815247,0.0178924347532565
476.3962708,0.0184125475188211
476.5110168,0.0194092922828045
476.6257935,0.0191963138870651
476.7405701,0.0196052404029745
476.8553162,0.0204124939089112
476.9700928,0.0205175012375561
477.0848694,0.0211445680572315
477.199646,0.0216257583231535
477.3144531,0.0226558659773596
477.4292297,0.0224278137337981
477.5440063,0.0219781884937476
477.6588135,0.0225401565298218
477.7736206,0.0227707863714569
477.8884277,0.0230374992151603
478.0032349,0.0232718202920778
478.118042,0.0244151291898923
478.2328491,0.0256560700362235
478.3476563,0.0260364251046336
478.4624939,0.0260198428985964
478.577301,0.0259924888069737
478.6921387,0.0264246006383111
478.8069763,0.0264467073861507
478.921814,0.0268047307415856
479.0366516,0.0270111877281923
479.1514893,0.0282438775795416
479.2663269,0.0286226526623052
479.3811951,0.0286180641743193
479.4960327,0.0287772946863181
479.6109009,0.0288070230487284
479.7257385,0.0290421861630758
479.8406067,0.029171635709235
479.9554749,0.0299378771037429
480.070343,0.0306463074237311
480.1852417,0.032083363904804
480.3001099,0.0332269197821579
480.414978,0.0343865441373712
480.5298767,0.0353923826808661
480.6447754,0.0366912025036648
480.7596741,0.0381240088768275
480.8745728,0.0386480221757489
480.9894714,0.0385451204984997
481.1043701,0.0391429040368981
481.2192688,0.0388292788509714
481.334198,0.0391270885073639
481.4490967,0.0393113428649995
481.5640259,0.0405206951828648
481.6789246,0.0413557228667667
481.7938538,0.0417963766974274
481.908783,0.0430984225267189
482.0237427,0.0434810612084743
482.1386719,0.0436638874239682
482.2536011,0.0437956213285694
482.3685608,0.044847560769889
482.48349,0.0460694888064765
482.5984497,0.0473734552427893
482.7134094,0.0490824532578918
482.8283691,0.0504977335396733
482.9433289,0.051328235413848
483.0582886,0.0525975727341278
483.1732483,0.053465417494847
483.2882385,0.0538885635130319
483.4031982,0.0543673526466275
483.5181885,0.0553135968006674
483.6331787,0.0560427281092998
483.7481689,0.056541365748735
483.8631592,0.0574673875726879
483.9781494,0.0582578700947174
484.0931396,0.0588340639744012
484.2081299,0.0594099698361394
484.3231506,0.0604860153501879
484.4381409,0.0621939814323455
484.5531616,0.0631041616123252
484.6681824,0.0638852276418286
484.7832031,0.0648049019145575
484.8982239,0.066554887044295
485.0132446,0.0674420169616366
485.1282654,0.0680982943095007
485.2433167,0.070385647818056
485.3583374,0.0722045427269573
485.4733887,0.0731935931252846
485.5884399,0.0738375514322412
485.7034607,0.0755023754978742
485.818512,0.0772578396524158
485.9335938,0.0762159218383452
486.048645,0.0769086280313383
486.1636963,0.0782836852611403
486.2787781,0.079581588430679
486.3938293,0.0804315590156572
486.5089111,0.0811356127555755
486.6239929,0.083054368752156
486.7390442,0.0843493410195783
486.854126,0.0859392524802392
486.9692383,0.0879826538975873
487.0843201,0.0900637645667482
487.1994019,0.0917399257339315
487.3145142,0.0941227969569748
487.4295959,0.0958268927242554
487.5447083,0.0970606488310704
487.6598206,0.0981078762966373
487.7749329,0.0996773923184053
487.8900452,0.10143992556023
488.0051575,0.102924599126867
488.1202698,0.104296894086769
488.2354126,0.106729813001086
488.3505249,0.108516933586042
488.4656677,0.109622886540092
488.5808105,0.110210989072616
488.6959229,0.11071373728858
488.8110657,0.113006933945908
488.926239,0.114063540595085
489.0413818,0.11610021466417
489.1565247,0.118457624038862
489.2716675,0.121266122241921
489.3868408,0.124598126737617
489.5020142,0.126630756645934
489.617157,0.129212271104199
489.7323303,0.13129800047582
489.8475037,0.132563136942689
489.962677,0.134509282855624
490.0778809,0.136174327784355
490.1930542,0.138203070214532
490.3082581,0.139342297270113
490.4234314,0.141183106794046
490.5386353,0.143237394625559
490.6538391,0.145777163136231
490.7690125,0.147925393545723
490.8842163,0.150456038046386
490.9994507,0.153611986938534
491.1146545,0.15666509759882
491.2298584,0.160234714105497
491.3450928,0.162203182015105
491.4602966,0.16487035373585
491.575531,0.167589604193448
491.6907654,0.170133063196309
491.8059998,0.171960898543012
491.9212341,0.174542456284988
492.0364685,0.17860833093462
492.1517029,0.18087337811156
492.2669678,0.182703117641109
492.3822021,0.185249164312867
492.497467,0.188567632043237
492.6127014,0.191786383416963
492.7279663,0.193044295590095
492.8432312,0.197415357136987
492.9584961,0.200755006745843
493.073761,0.203910051286838
493.1890564,0.206892808330717
493.3043213,0.209714374731398
493.4196167,0.213594919045618
493.5348816,0.216274354577976
493.650177,0.219555045903688
493.7654724,0.223041736087669
493.8807678,0.22640830403875
493.9960632,0.229748893811472
494.1113586,0.232855074087128
494.2266541,0.236075461048344
494.34198,0.240333381418041
494.4572754,0.244069117683284
494.5726013,0.2466403128121
494.6878967,0.249236605643266
494.8032227,0.252605173297793
494.9185486,0.255200633423264
495.0338745,0.257424967312627
495.1492004,0.259660720370337
495.2645569,0.26344905469685
495.3798828,0.266279052648281
495.4952393,0.268231266292561
495.6105652,0.272089214025936
495.7259216,0.27587399366015
495.8412781,0.279841933795907
495.9566345,0.282886956110622
496.071991,0.287207998331992
496.1873474,0.292106893879655
496.3027039,0.294796784561381
496.4180908,0.297331197148447
496.5334473,0.300805933897671
496.6488342,0.305373625532549
496.7642212,0.30758922043864
496.8795776,0.310940435471123
496.9949646,0.313862571804862
497.1103516,0.317875054484638
497.225769,0.321170761452498
497.341156,0.324673470114741
497.456543,0.329633320644572
497.5719604,0.332949346941295
497.6873474,0.337861341990657
497.8027649,0.341435651805609
497.9181824,0.34545283824905
498.0335999,0.348217234138083
498.1490173,0.351701760456981
498.2644348,0.356011440193438
498.3798523,0.360005656966869
498.4953003,0.36461433052474
498.6107178,0.367914239858236
498.7261658,0.37191643155028
498.8415833,0.376058035088406
498.9570313,0.380508236965234
499.0724792,0.383467451295615
499.1879272,0.386900988261168
499.3033752,0.391187644588514
499.4188538,0.394826750619706
499.5343018,0.398206630004439
499.6497498,0.401019573813169
499.7652283,0.405927491881454
499.8807068,0.410149775816405
499.9961548,0.413745909214394
500.1116333,0.417552208003545
500.2271118,0.420492040184536
500.3425903,0.422838457193108
500.4580994,0.425116102453691
500.5735779,0.428579813994453
500.6890564,0.431141141939351
500.8045654,0.435673224019047
500.9200745,0.440023643882589
501.035553,0.445101172247308
501.151062,0.449389064233472
501.266571,0.453416708810674
501.3820801,0.457739885033169
501.4976196,0.459421930405559
501.6131287,0.461817402720672
501.7286377,0.464674363780221
501.8441772,0.466522139417865
501.9596863,0.467608877352531
502.0752258,0.470358624699767
502.1907654,0.474061709163469
502.3063049,0.47611313175752
502.4218445,0.479032035733418
502.537384,0.482913982832455
502.6529236,0.4857934061952
502.7684937,0.488559491390793
502.8840332,0.489496651836145
502.9996033,0.492476358610205
503.1151733,0.493891823191264
503.2307129,0.493978478803256
503.346283,0.49497613759864
503.461853,0.495509722965085
503.5774231,0.498321323696884
503.6930237,0.499479901575746
503.8085938,0.500031937900923
503.9241638,0.501089038511181
504.0397644,0.502889728701802
504.155365,0.505144052113988
504.2709351,0.505988396679795
504.3865356,0.506668736079592
504.5021362,0.50849465829027
504.6177368,0.511014762576354
504.7333679,0.50963725049916
504.8489685,0.50948420486494
504.9645691,0.50913728393763
505.0802002,0.50978808151359
505.1958008,0.510061789575846
505.3114319,0.510769002551975
505.427063,0.513145570240584
505.5426941,0.514661240638744
505.6583252,0.515742976350431
505.7739563,0.516046041184137
505.8895874,0.516160447844048
506.005249,0.514873626578423
506.1208801,0.514742082192783
506.2365417,0.51451221828656
506.3521729,0.513945849785258
506.4678345,0.51478337148821
506.5834961,0.514252794630114
506.6991577,0.515073697951781
506.8148193,0.515348635684039
506.930481,0.514188643102818
507.0461731,0.51350661441649
507.1618347,0.511681683104357
507.2775269,0.510635727078274
507.3931885,0.509745878913832
507.5088806,0.507499094678874
507.6245728,0.507100748656833
507.7402649,0.50538155067798
507.855957,0.502782037446574
507.9716492,0.501143925782033
508.0873413,0.499463026516646
508.203064,0.497511075498936
508.3187561,0.49526516276678
508.4344788,0.493267833514964
508.5501709,0.493313880313157
508.6658936,0.492586043580064
508.7816162,0.49073913946525
508.8973389,0.489191187370321
509.0130615,0.487550879012376
509.1287842,0.486271489465807
509.2445068,0.484311008392354
509.36026,0.480526730176199
509.4759827,0.47742356736207
509.5917358,0.475907144836823
509.707489,0.473424581148302
509.8232117,0.473459793759206
509.9389648,0.47120206191
510.054718,0.471752582043431
510.1704712,0.470827372028414
510.2862549,0.468464360513699
510.4020081,0.465777517137429
510.5177612,0.461832218388468
510.6335449,0.45947249593506
510.7493286,0.455327364564171
510.8650818,0.451316171242254
510.9808655,0.448518526613021
511.0966492,0.445679318104188
511.2124329,0.443155990413441
511.3282166,0.440414098589075
511.4440308,0.438990462099445
511.5598145,0.43679982462924
511.6755981,0.434699752646134
511.7914124,0.43303226031497
511.9072266,0.429892422417264
512.0230103,0.426529107714775
512.138855,0.422844050385961
512.2546387,0.419859574191594
512.3704834,0.417709617160616
512.4862671,0.413750028017031
512.6021118,0.409776846886836
512.7179565,0.407251382190542
512.8337402,0.404500226109733
512.949585,0.403002206792932
513.0654297,0.399880019976585
513.1812744,0.397334373253528
513.2971191,0.395836067414984
513.4129639,0.391695586088688
513.5288086,0.388712966326881
513.6446533,0.385457420473833
513.760498,0.38198744719616
513.8763428,0.379245197224623
513.9922485,0.376471871331146
514.1080933,0.374872697100229
514.223938,0.371699711951709
514.3398438,0.367685563860545
514.4556885,0.364487698870353
514.5715942,0.361640419942336
514.687439,0.358311422452776
514.8033447,0.35568263599289
514.9191895,0.352342935629326
515.0350952,0.350453679655053
515.151001,0.348236174597331
515.2669067,0.344679659114595
515.3828125,0.342696309860518
515.4986572,0.340166165275702
515.614563,0.338185042558958
515.7304688,0.335844511233767
515.8463745,0.333531086267551
515.9623413,0.331677108580853
516.0782471,0.32950668298134
516.1941528,0.327313526503303
516.3100586,0.324925718709917
516.4260254,0.322188536638031
516.5419312,0.319821621237025
516.6578369,0.318390511246838
516.7738037,0.31568249494526
516.8897095,0.313209141814141
517.0056763,0.310900175891377
517.121582,0.307605501603562
517.2375488,0.304960287763534
517.3535156,0.301007106612138
517.4694824,0.298247163777742
517.5853882,0.29632421140434
517.701355,0.29402810919621
517.8173218,0.292289714100325
517.9332886,0.29024557697005
518.0492554,0.288020267104107
518.1652222,0.285624353058793
518.281189,0.282798918584533
518.3971558,0.280638070662801
518.5131836,0.27902642068832
518.6291504,0.276332754449194
518.7451172,0.275189595145574
518.861145,0.27308816217918
518.9771118,0.271130200133589
519.0930786,0.269409865020942
519.2091064,0.265549595249663
519.3251343,0.26331491963789
519.4411011,0.261289484175376
519.5571289,0.258704914940659
519.6730957,0.256648508029985
519.7891235,0.253230443358745
519.9051514,0.252050540350541
520.0211792,0.250414213493131
520.137207,0.248032422716441
520.2532349,0.246503670702909
520.3692627,0.244031254751263
520.4852905,0.242384233973028
520.6013184,0.240597834177032
520.7173462,0.238042764984651
520.833374,0.235653187306098
520.9494019,0.232604971450678
521.0654907,0.229966434218225
521.1815186,0.227195045355945
521.2975464,0.224426205345426
521.4136353,0.221826999526513
521.5296631,0.219042758847109
521.645752,0.217147987294227
521.7618408,0.214713598456268
521.8778687,0.213003291684753
521.9939575,0.210087861822547
522.1100464,0.207452783781822
522.2260742,0.204952106411021
522.3421631,0.20164796488799
522.458252,0.199918204321627
522.5743408,0.196952811817335
522.6904297,0.195244346556415
522.8065186,0.192567382281604
522.9226074,0.190047928633221
523.0386963,0.187334408670575
523.1547852,0.183291494757805
523.2709351,0.181204593901828
523.3870239,0.177895262099008
523.5031128,0.175591937099352
523.6192627,0.173636995499681
523.7353516,0.172001853526351
523.8514404,0.170102802033648
523.9675903,0.166960528691109
524.0836792,0.164783802577608
524.1998291,0.16224907362487
524.315979,0.159135124373737
524.4320679,0.156148987234556
524.5482178,0.153945011471164
524.6643677,0.151303274729221
524.7805176,0.148335789985274
524.8966675,0.145957142014611
525.0128174,0.143588486572366
525.1289673,0.141018786744546
525.2451172,0.138730989260484
525.3612671,0.136161129757632
525.477417,0.134201082963413
525.5935669,0.132160982534927
525.7097168,0.12992809619686
525.8259277,0.127998870148977
525.9420776,0.125695222834893
526.0582275,0.124203668221758
526.1744385,0.122074446888514
526.2905884,0.120091737826763
526.4067993,0.116003235248143
526.5229492,0.113236482986668
526.6391602,0.110431915525431
526.7553711,0.106997013083977
526.871521,0.10429314838131
526.9877319,0.101162774734427
527.1039429,0.100196754451082
527.2201538,0.0976625298887775
527.3363037,0.0955699851212928
527.4525146,0.0942585944289094
527.5687256,0.0920304521578318
527.6849365,0.0898586417078996
527.8012085,0.0871529907079071
527.9174194,0.0848448351058871
528.0336304,0.0823302090854897
528.1498413,0.0790122838155897
528.2660522,0.0770297657710046
528.3823242,0.0745581705874817
528.4985352,0.0720835766018977
528.6147461,0.0695873836298692
528.7310181,0.0664425106728502
528.847229,0.0645448261302173
528.963501,0.0612294982314957
529.0797729,0.0583222022058216
529.1959839,0.056077054285423
529.3122559,0.0546192930842133
529.4285278,0.0527316771760212
529.5447388,0.0504760972443122
529.6610107,0.0489393643473862
529.7772827,0.047010836685486
529.8935547,0.0454993462579983
530.0098267,0.0430530621909582
530.1260986,0.0409889616497106
530.2423706,0.0390386238365436
530.3586426,0.0365555639616658
530.4749146,0.0344754296396308
530.5912476,0.032449247271716
530.7075195,0.030220587542971
530.8237915,0.0279533000444085
530.9401245,0.025544226795516
531.0563965,0.0236564241604729
531.1726685,0.0218141829511832
531.2890015,0.0197046329069259
531.4052734,0.0183698961004283
531.5216064,0.0173522393732584
531.6379395,0.0169610402270001
531.7542114,0.0163919066676949
531.8705444,0.0162562427583566
531.9868774,0.015392806663736
532.1032104,0.0142063980951274
532.2194824,0.0138825873146013
532.3358154,0.0128347498679779
532.4521484,0.0124457539347203
532.5684814,0.0116265622993554
532.6848145,0.0111110439905625
532.8011475,0.0109149279842739
532.9175415,0.00956864179736402
533.0338745,0.00851368657839616
533.1502075,0.00697491648804058
533.2665405,0.00536738995482334
533.3829346,0.00461144477133574
533.4992676,0.00372559945525206
533.6156006,0.00334203404841161
533.7319946,0.00306895816949267
533.8483276,0.00310226560989648
533.9647217,0.00319046138471759
534.0810547,0.0027901141754457
534.1974487,0.00334019537939839
534.3138428,0.0035078763930412
534.4301758,0.00364418330383999
534.5465698,0.00384779449760604
534.6629639,0.00437867308783468
534.7793579,0.00496225167557672
534.895752,0.00429699536180007
535.012146,0.00412722100648077
535.12854,0.00419076405493084
535.2449341,0.00331171706272221
535.3613281,0.00296110471886273
535.4777222,0.00249534459320454
535.5941162,0.00198461063915591
535.7105103,0.0015674045865769
535.8269653,0.000649374981903186
535.9433594,0.000823386012921269
536.0597534,0.000789878276092847
536.1762085,0.000536095715389669
536.2926025,0.000821917250715224
536.4090576,0.00092007356001641
536.5254517,0.00163594632304532
536.6419067,0.00229952476439191
536.7583618,0.00217525624700397
536.8747559,0.00241697196702357
536.9912109,0.0025977850993769
537.107666,0.00243222065159522
537.2241211,0.00211014314564787
537.3405151,0.00194023989179747
537.4569702,0.00235860705699032
537.5734253,0.00186944149860437
537.6898804,0.00210138079808485
537.8063354,0.00205730963240712
537.9227905,0.00166740264280783
538.0393066,0.000611257490928329
538.1557617,0
538.2722168,0
538.3886719,0
538.505127,0
538.6216431,0
538.7380981,0.000124806822401426
538.8546143,0.00081386006772921
538.9710693,0.00145310383195465
539.0875854,0.00199941377495183
539.2040405,0.00235537783200005
539.3205566,0.00263799891628289
539.4370728,0.00269469765911549
539.5535278,0.00287823589426071
539.6700439,0.00261172474556062
539.7865601,0.00265046350494823
539.9030762,0.00191353598174404
540.0195313,0.00129318529290033
540.1360474,0.000863110841210625
540.2525635,0
540.3690796,0
540.4855957,0
540.6021729,0
540.718689,0
540.8352051,0
540.9517212,0.000179969136214386
541.0682373,0.000407212733996662
541.1848145,0.00118642437855388
541.3013306,0.00216708058832667
541.4179077,0.00230218590765311
541.5344238,0.00191370771429831
541.6509399,0.00254201613726713
541.7675171,0.002870415779329
541.8840942,0.00296098405152747
542.0006104,0.0029784702025188
542.1171875,0.00264094385548111
542.2337646,0.00239123969220036
542.3502808,0.00155598638879973
542.4668579,0.000808634128552457
542.5834351,0
542.7000122,0
542.8165894,0
542.9331665,0
543.0497437,0
543.1663208,0
543.2828979,0
543.3994751,0
543.5160522,0.000847845018368445
543.6326904,0.00165895610644041
543.7492676,0.00224970908079986
543.8658447,0.00253217142023958
543.9824829,0.00237929228343357
544.0990601,0.00165781364768796
544.2156372,0.00127102610455138
544.3322754,0.00120039582971867
544.4488525,0.000833853047786273
544.5654907,0
544.6821289,0
544.7987061,0
544.9153442,0
545.0319824,0
545.1486206,0
545.2651978,0
545.3818359,0
545.4984741,0
545.6151123,0.000174020357886688
545.7317505,0.000743151679658382
545.8483887,0.00175851733450383
545.9650269,0.00214129731840766
546.0817261,0.00239325949076569
546.1983643,0.00227631048747431
546.3150024,0.00239238779367857
546.4316406,0.00208371652570926
546.5483398,0.00199897191059334
546.664978,0.00136373962282658
546.7816162,0.00110344894645787
546.8983154,0.000598767439603442
547.0149536,0
547.1316528,0
547.248291,0
547.3649902,0
547.4816895,0
547.5983276,0
547.7150269,0
547.8317261,0
547.9484253,0
548.0650635,0.000821534845733461
548.1817627,0.00114519513586654
548.2984619,0.00138080948861043
548.4151611,0.00173184933342631
548.5318604,0.0021665630124112
548.6485596,0.00226592081989142
548.7652588,0.00163963312816678
548.882019,0.00213155755302279
548.9987183,0.00133983636394784
549.1154175,0.000340971350681516
549.2321167,0
549.348877,0
549.4655762,0
549.5822754,0
549.6990356,0
549.8157349,0
549.9324951,0
550.0491943,0
550.1659546,0.000415549841957863
550.2827148,0.000408270340537621
550.3994141,0.00121362676748506
550.5161743,0.00170039968233971
550.6329346,0.00183179371308647
550.7496948,0.00237087638568441
550.8664551,0.00195073131648086
550.9831543,0.00206835540477787
551.0999146,0.00133490783818624
551.2166748,0.0010944782584499
551.3334351,0.000489204615055088
551.4502563,0
551.5670166,0
551.6837769,0
551.8005371,0
551.9172974,0
552.0340576,0
552.1508789,0
552.2676392,0
552.3844604,0.000139848757610106
552.5012207,0.000366392833717398
552.617981,0.000498669002079124
552.7348022,0.000542247144956135
552.8516235,0.00111181963167683
552.9683838,0.00133518018501083
553.0852051,0.000451532439422363
553.2020264,0.000202933566945011
553.3187866,0
553.4356079,0
553.5524292,0
553.6692505,0
553.7860718,0
553.902832,0
554.0196533,0
554.1364746,0
554.2533569,0
554.3701782,0
554.4869995,0
554.6038208,0
554.7206421,0.000721630245265952
554.8374634,0.000804861002391475
554.9543457,0.00100852251488375
555.071167,0.00165317194859844
555.1879883,0.00161781571721417
555.3048706,0.00130993565478914
555.4216919,0.00109180742956202
555.5385742,0.00032113713016521
555.6553955,0
555.7722778,0
555.8890991,0
556.0059814,0
556.1228638,0
556.2397461,0
556.3565674,0
556.4734497,0
556.590332,0
556.7072144,0
556.8240967,0.000121782510851746
556.940979,0.000391363113688765
557.0578613,0.000349601348573562
557.1747437,0
557.291626,9.59371935766575e-05
557.4085083,0.000476760615515735
557.5253906,0.000355147878541204
557.642334,0.000596347584798729
557.7592163,0.000732810209178808
557.8760986,0.00117894996702336
557.992981,0.000496546467191938
558.1099243,0.000119540474445314
558.2268066,0
558.34375,0
558.4606323,0
558.5775757,0
558.694458,0
558.8114014,0
558.9283447,0
559.0452271,0
559.1621704,0.000911127471657689
559.2791138,0.00151301757588078
559.3960571,0.0024472034708687
559.5129395,0.00220376389647631
559.6298828,0.00201880068917544
559.7468262,0.00134145244538518
559.8637695,0.000727826747394592
559.9807129,0
560.0976563,0
560.2145996,0
560.331543,0
560.4485474,0
560.5654907,0
560.6824341,0
560.7993774,0
560.9163818,0
561.0333252,0
561.1502686,0
561.2672729,0
561.3842163,0
561.5012207,0.000179947060446146
561.6181641,3.59343654638166e-05
561.7351685,0.000643738551669611
561.8521729,0.00124348345642457
561.9691162,0.000560472771952882
562.0861206,0.000723662402322258
562.203125,0.000484546244426034
562.3200684,0.000686586266067631
562.4370728,0
562.5540771,0
562.6710815,0
562.7880859,0
562.9050903,0
563.0220947,0
563.1390991,0
563.2561035,0
563.3731079,0
563.4901123,0
563.6071777,0.000348320151714735
563.7241821,0.00132530389661407
563.8411865,0.00183240621436051
563.9581909,0.00165691637133767
564.0752563,0.00182958722394353
564.1922607,0.00230642697880775
564.3093262,0.00156360981019005
564.4263306,0.00137061963930636
564.543396,0.000258742530246188
564.6604004,0
564.7774658,0
564.8944702,0
565.0115356,0
565.1286011,0
565.2456055,0
565.3626709,0
565.4797363,0
565.5968018,0
565.7138672,0
565.8309326,0
565.947998,0.00042063742744608
566.0650635,0.0011258568497807
566.1821289,0.0013424613770736
566.2991943,0.00137279729637217
566.4162598,0.00176413304714432
566.5333252,0.00138987127757368
566.6503906,0.00121251884196351
566.7674561,0.000668519675153694
566.8845825,0.000316948520480787
567.0016479,0
567.1187134,0
567.2358398,0
567.3529053,0
567.4699707,0
567.5870972,0
567.7041626,0
567.8212891,0
567.9384155,0
568.055481,0
568.1726074,0
568.2897339,0
568.4067993,0.000470800493584917
568.5239258,0.000641524052957053
568.6410522,0.00117260676363905
568.7581787,0.000525896865701557
568.8753052,0.000733504158030923
568.9924316,0
569.1095581,0
569.2266846,0
569.343811,0
569.4609375,0
569.578064,0
569.6951904,0
569.8123169,0
569.9294434,0
570.0466309,0
570.1637573,0
570.2808838,0
570.3980713,0
570.5151978,0
570.6323853,8.82379793236778e-05
570.7495117,0.000640868519570256
570.8666992,0.000635451237848471
570.9838257,0.000713422828468557
571.1010132,0.00112102267768217
571.2181396,0.000816714978611017
571.3353271,0.000228080761818764
571.4525146,5.3334300430198e-05
571.5696411,0
571.6868286,0
571.8040161,0
571.9212036,0
572.0383911,0
572.1555786,0
572.2727661,0
572.3899536,0
572.5071411,0
572.6243286,0
572.7415161,0.000416584784270404
572.8587036,0.00117431430720129
572.9758911,0.00158834275974493
573.0930786,0.00162890293330766
573.2102661,0.00149405942174694
573.3275146,0.00149580262964699
573.4447021,0.000968088022316089
573.5618896,0.000230800012296392
573.6791382,0
573.7963257,0
573.9135742,0
574.0307617,0
574.1480103,0
574.2651978,0
574.3824463,0
574.4996338,0
574.6168823,0
574.7341309,0
574.8513794,0.000307270860771834
574.9685669,0.00054873228137757
575.0858154,0.00089527926226057
575.203064,0.000629693487336543
575.3203125,0.000756779770951528
575.437561,0.00133068722795488
575.5548096,0.000991843612014432
575.6720581,0.000701048011862435
575.7893066,0.000339729793281654
575.9065552,0
576.0238037,0
576.1410522,0
576.2583008,0
576.3755493,0
576.4928589,0
576.6101074,0
576.727356,0
576.8446045,0
576.9619141,0
577.0791626,0
577.1964722,0
577.3137207,0.000157901165338223
577.4310303,0.00133842661814449
577.5482788,0.00113515833003551
577.6655884,0.00119666556088116
577.7828369,0.00101532481443475
577.9001465,0.00116157500487951
578.0174561,0.000974058403852445
578.1347046,0.000137073598101655
578.2520142,8.81640860170538e-06
578.3693237,0
578.4866333,0
578.6039429,0
578.7212524,0
578.838501,0
578.9558105,0
579.0731201,0
579.1904297,0
579.3078003,0
579.4251099,0
579.5424194,0
579.659729,0
579.7770386,0
579.8943481,0
580.0117188,0
580.1290283,0
580.2463379,0
580.3637085,0
580.4810181,0
580.5983276,0
580.7156982,0
580.8330078,0
580.9503784,0
581.067749,0
581.1850586,0
581.3024292,0
581.4197388,0
581.5371094,0
581.65448,0
581.7718506,0
581.8891602,0.000152073171542291
582.0065308,0
582.1239014,0.000706196863801283
582.241272,0.000512660040108633
582.3586426,0.000152847658331537
582.4760132,0
582.5933838,0
582.7107544,0
582.828125,0
582.9454956,0
583.0628662,0
583.1802979,0
583.2976685,0
583.4150391,0
583.5324097,0
583.6498413,0
583.7672119,0
583.8845825,5.60185746648425e-05
584.0020142,0
584.1193848,0.000586165348582676
584.2368164,0.000628457211130289
584.354187,0.00079209349769145
584.4716187,0.000791190042257904
584.5889893,0.000511412093604384
584.7064209,0.00122243150588491
584.8237915,0.000650817955097314
584.9412231,0.000193870029281784
585.0586548,0
585.1760864,0
585.293457,0
585.4108887,0
585.5283203,0
585.645752,0
585.7631836,0
585.8806152,0
585.9980469,0
586.1154785,0
586.2329102,0
586.3503418,6.1622325504261e-05
586.4677734,3.25754377847691e-05
586.5852051,0.000184504531022224
586.7026367,0.000583884908273947
586.8200684,0.00115430857297283
586.937561,0.00180763172475311
587.0549927,0.00142702072404566
587.1724243,0.00093808866597851
587.289856,0.000795530550452048
587.4073486,0
587.5247803,0
587.6422729,0
587.7597046,0
587.8771973,0
587.9946289,0
588.1121216,0
588.2295532,0
588.3470459,0
588.4644775,0
588.5819702,0
588.6994629,0
588.8169556,0
588.9343872,0
589.0518799,0
589.1693726,0
589.2868652,0
589.4043579,0
589.5218506,0
589.6393433,0
589.7568359,0
589.8743286,0
589.9918213,0
590.109314,0
590.2268066,0
590.3442993,0
590.461792,0
590.5792847,0
590.6968384,0
590.8143311,0
590.9318237,0.000230351059043468
591.0493774,0.000350789858991369
591.1668701,0.000452810698539005
591.2843628,0.000452221491660949
591.4019165,0.000528858185190609
591.5194092,0.000672772160162859
591.6369629,0.000191389478996876
591.7544556,0.000223026951625806
591.8720093,0
591.989563,0
592.1070557,0
592.2246094,0
592.3421021,0
592.4596558,0
592.5772095,0
592.6947632,0
592.8123169,0
592.9298096,0
593.0473633,0
593.164917,0
593.2824707,0
593.4000244,0.000264601851143782
593.5175781,6.38489493162556e-05
593.6351318,4.88735912051685e-05
593.7526855,0
593.8702393,0
593.987793,0
594.1053467,0
594.2229614,0
594.3405151,0
594.4580688,0
594.5756226,0
594.6932373,0
594.810791,0
594.9283447,0
595.0459595,0
595.1635132,0
595.2811279,0
595.3986816,0
595.5162964,0.000495161886650378
595.6338501,0.000628789793051421
595.7514648,0.00124013318536156
595.8690186,0.0013810200738596
595.9866333,0.00120360222702794
596.104248,0.000793048764488292
596.2218018,0
596.3394165,0
596.4570313,0
596.574585,0
596.6921997,0
596.8098145,0
596.9274292,0
597.0450439,0
597.1626587,0
597.2802734,0
597.3978882,0
597.5155029,0
597.6331177,0
597.7507324,0.000462412961688633
597.8683472,0.000813907262276824
597.9859619,0.00108867249752946
598.1035767,0.000687805578535254
598.2212524,0.000486280311611489
598.3388672,0.000589568591082548
598.4564819,0
598.5740967,0
598.6917725,0
598.8093872,0
598.927002,0
599.0446777,0
599.1622925,0
599.2799683,0
599.397583,0
599.5152588,0
599.6328735,0
599.7505493,0
599.8681641,0
599.9858398,0.00135635440041122
600.1035156,0.00211823675006009
600.2211304,0.00197403545819418
600.3388062,0.00192868967092803
600.4564819,0.00178881417417948
600.5741577,0.00179699885655313
600.6917725,0.00063584143094989
600.8094482,0
600.927124,0
601.0447998,0
601.1624756,0
601.2801514,0
601.3978271,0
601.5155029,0
601.6331787,0
601.7508545,0
601.8685303,0
601.9862061,0.000158910132258506
602.1038818,0.000912332887479262
602.2216187,0.000978659052614287
602.3392944,0.00105019455508913
602.4569702,0.00120613153399984
602.574646,0.00118225648913047
602.6923828,0.00151803608405122
602.8100586,0.000880339008741389
602.9277344,0.0011410069603572
603.0454712,0.000963565941738018
603.163147,0
603.2808838,0
603.3985596,0
603.5162964,0
603.6339722,0
603.751709,0
603.8693848,0
603.9871216,0
604.1047974,0
604.2225342,0
604.340271,0
604.4580078,0.000350293117256595
604.5756836,0.00127475130182385
604.6934204,0.000937800929326991
604.8111572,0.0017713827957101
604.928894,0.00161377591894745
605.0466309,0.00141432645901013
605.1643066,0.00172067908112839
605.2820435,0.00111913542665907
605.3997803,0.000663583990654847
605.5175171,0
605.6352539,0
605.7529907,0
605.8707275,0
605.9884644,0
606.1062622,0
606.223999,0
606.3417358,0
606.4594727,0.000359273913423179
606.5772095,0.000926959184172362
606.6950073,0.00145656305941511
606.8127441,0.00161833549395513
606.930481,0.00180116264222206
607.0482178,0.00153796065038729
607.1660156,0.00168419330610195
607.2837524,0.00179349047590206
607.4015503,0.00208887922814523
607.5192871,0.00163056802804971
607.6370239,0.000959061628812892
607.7548218,0.000321295254318714
607.8725586,0
607.9903564,0
608.1081543,0
608.2258911,0
608.343689,0
608.4614868,0
608.5792236,0
608.6970215,0
608.8148193,0
608.9325562,0.000506439451245729
609.050354,0.00106914804569854
609.1681519,0.00140016124037696
609.2859497,0.00194106024414814
609.4037476,0.00192566127917253
609.5215454,0.00187277390300871
609.6393433,0.0012117357044509
609.7570801,0.000584632883583847
609.8748779,0
609.9926758,0
610.1105347,0
610.2283325,0
610.3461304,0
610.4639282,0
610.5817261,0
610.6995239,0
610.8173218,0.000380916505031944
610.9351196,0.000601742924923768
611.0529785,0.0017205083163326
611.1707764,0.00194588812041958
611.2885742,0.0021141214295891
611.4064331,0.00259543495153676
611.524231,0.00226118273863299
611.6420288,0.00260474656310426
611.7598877,0.00261577605987829
611.8776855,0.00281984939254577
611.9955444,0.00273617168773941
612.1133423,0.00195243241307554
612.2312012,0.00137234052070511
612.348999,0.00104782126466446
612.4668579,0.000259119070974112
612.5846558,0
612.7025146,0
612.8203125,0
612.9381714,0
613.0560303,0
613.1738892,0.00046079949171522
613.291687,0.00164564071288004
613.4095459,0.00261042041756611
613.5274048,0.0027350086163063
613.6452637,0.00339783609776386
613.7630615,0.00401080932870111
613.8809204,0.0043127589404657
613.9987793,0.00374727492427445
614.1166382,0.00365491326531559
614.2344971,0.00379591723050367
614.352356,0.00337361171216538
614.4702148,0.00311056146979694
614.5880737,0.00269173462558346
614.7059326,0.00257810424585183
614.8237915,0.00221083368146624
614.9416504,0.0018968085550505
615.0595093,0.00239478799217034
615.1774292,0.00222427615472049
615.2952881,0.00231797021589747
615.413147,0.00323870030037949
615.5310059,0.00430899285661058
615.6488647,0.00487903896613633
615.7667847,0.00512748753469511
615.8846436,0.00581311317092281
616.0025024,0.0062311877494452
616.1204224,0.00588501428976356
616.2382813,0.00528699309955557
616.3561401,0.0049609951015733
616.4740601,0.00411773955117322
616.5919189,0.00353048959419042
616.7098389,0.00301486104092408
616.8276978,0.00244832951429875
616.9456177,0.00165936560616005
617.0634766,0.00140049230039795
617.1813965,0.00124317437267137
617.2992554,0.00114944948612124
617.4171753,0.00112541168608579
617.5350952,0.00187143149776672
617.6529541,0.00255522149606277
617.770874,0.0033007137750865
617.8887939,0.00430198043253256
618.0067139,0.00467500190371654
618.1245728,0.00523106466997903
618.2424927,0.00540996517024982
618.3604126,0.00542810852160163
618.4783325,0.00546547118205211
618.5962524,0.00542112673662257
618.7141724,0.00543347702332211
618.8320313,0.00473494428118957
618.9499512,0.00405049971723116
619.0678711,0.00381295328578043
619.185791,0.00274910071182652
619.3037109,0.00248209668031176
619.4216309,0.00217649118229648
619.5395508,0.00228982300611127
619.6575317,0.00282079178809689
619.7754517,0.00356592581880004
619.8933716,0.00503748848656116
620.0112915,0.0053112947591769
620.1292114,0.00546437414567875
620.2471313,0.00637824817238479
620.3651123,0.00722543801867827
620.4830322,0.00729156537988555
620.6009521,0.00763544105095677
620.7188721,0.00802820162234152
620.836853,0.00819149131922294
620.9547729,0.00811047888505905
621.0726929,0.00763475076329372
621.1906738,0.00728401511714047
621.3085938,0.0063634875209694
621.4265747,0.00578770477485018
621.5444946,0.00583318160568479
621.6624756,0.00576129186559289
621.7803955,0.0054050981789233
621.8983765,0.00601861078759302
622.0162964,0.00670702480996201
622.1342773,0.00692396678646039
622.2521973,0.00789609920931748
622.3701782,0.00778494196475614
622.4881592,0.00874405414557864
622.6060791,0.00933758375524282
622.7240601,0.00954858614061052
622.842041,0.0100129422798829
622.960022,0.0100915955543016
623.0779419,0.00998660258739641
623.1959229,0.00968871570372991
623.3139038,0.00901448545985313
623.4318848,0.00826304454258189
623.5498657,0.00832850941003712
623.6678467,0.00742006628249694
623.7858276,0.00783420255466276
623.9037476,0.00795420688181212
624.0217285,0.00782065198221282
624.1397095,0.00800640882021165
624.2576904,0.00799321136633158
624.3756714,0.00897258131920947
624.4937134,0.00963050897883594
624.6116943,0.00994363312145624
624.7296753,0.0108794404140466
624.8476563,0.0113470107149769
624.9656372,0.0124409600648243
625.0836182,0.0127883286811065
625.2015991,0.0127880244352744
625.3196411,0.0132776111995508
625.4376221,0.0134313953307957
625.555603,0.0140374086022798
625.673584,0.0133705811632987
625.791626,0.0130829806041001
625.9096069,0.0123763003010345
626.0275879,0.012002920487792
626.1456299,0.0110865583096726
626.2636108,0.0110131490214948
626.3815918,0.0116199864226496
626.4996338,0.0119084445020678
626.6176147,0.0127983515201392
626.7356567,0.0130667213908894
626.8536377,0.0143507741259989
626.9716797,0.0150892253009294
627.0896606,0.0154221718327469
627.2077026,0.0157534854009376
627.3257446,0.0163781712359429
627.4437256,0.016511810823598
627.5617676,0.0163589879292376
627.6798096,0.0162044414118049
627.7977905,0.0157251868611425
627.9158325,0.0151111136092387
628.0338745,0.0149520660905955
628.1518555,0.0150171805452636
628.2698975,0.014846612372892
628.3879395,0.0144864302018067
628.5059814,0.0144804519982408
628.6240234,0.0154692931004965
628.7420044,0.0157034791226213
628.8600464,0.0158372496610283
628.9780884,0.0164185703791183
629.0961304,0.0168530900566644
629.2141724,0.0178918762531771
629.3322144,0.0180738044688679
629.4502563,0.0187674336584579
629.5682983,0.0194549656313016
629.6863403,0.019856722329659
629.8043823,0.0199381447767379
629.9224243,0.0197726461784829
630.0404663,0.0193603531933277
630.1585693,0.0185257239559157
630.2766113,0.0183187312287303
630.3946533,0.0178892423241877
630.5126953,0.0173785505277386
630.6307373,0.0172833083307963
630.7487793,0.0174536198253532
630.8668823,0.0181192431559571
630.9849243,0.0178615160847853
631.1029663,0.0179370280399659
631.2210693,0.018516435800294
631.3391113,0.0182757787371754
631.4571533,0.0193286441594848
631.5752563,0.0191370543364733
631.6932983,0.019557531912868
631.8113403,0.0195101256155716
631.9294434,0.0199417865832641
632.0474854,0.0201408780742921
632.1655884,0.0195380441740565
632.2836304,0.0192186071754815
632.4017334,0.0191935370677495
632.5197754,0.0193291065881528
632.6378784,0.0185308004281859
632.7559814,0.0180289673732861
632.8740234,0.0174077246783817
632.9921265,0.0168651388017123
633.1101685,0.0163395501800079
633.2282715,0.0157975362331857
633.3463745,0.0161820837686621
633.4644775,0.0166536810763107
633.5825195,0.0158489868875391
633.7006226,0.0163459384010956
633.8187256,0.0162308389334124
633.9368286,0.0166274094720461
634.0548706,0.0163501717202938
634.1729736,0.0159289985400109
634.2910767,0.0167456774916523
634.4091797,0.016139944962805
634.5272827,0.0154295934767728
634.6453857,0.0150895558472742
634.7634888,0.0138374659315651
634.8815918,0.0127404715173611
634.9996948,0.0115010054490168
635.1177979,0.0106284654994542
635.2359009,0.00988594478800414
635.3540039,0.00853429532346329
635.4721069,0.00898819846493438
635.59021,0.00906316759230421
635.708313,0.009148773365194
635.826416,0.00991186224919085
635.944519,0.0111226311447757
636.0626221,0.0111559670791209
636.1807861,0.0108036367104293
636.2988892,0.0108481083755188
636.4169922,0.0119007924815412
636.5350952,0.0111421567519271
636.6532593,0.0106272032835463
636.7713623,0.0108450656437957
636.8894653,0.0102996137803614
637.0075684,0.00943180408946294
637.1257324,0.00761289257872472
637.2438354,0.00699750058851532
637.3619995,0.00611516211409742
637.4801025,0.00514890380719539
637.5982056,0.00524752049499078
637.7163696,0.00481591082660792
637.8344727,0.00475580149639021
637.9526367,0.00521740161395985
638.0707397,0.00518539057358105
638.1889038,0.00550505869415407
638.3070068,0.00512797943814822
638.4251709,0.00584484057841059
638.5432739,0.00639830159084365
638.661438,0.00608222378820859
638.7796021,0.00582158036653943
638.8977051,0.00580601573130689
639.0158691,0.0056980151946349
639.1340332,0.00549870433330663
639.2521362,0.00449258262300679
639.3703003,0.004005842072791
639.4884644,0.00302847722851567
639.6066284,0.00229717460501479
639.7247314,0.00178418903087911
639.8428955,0.00117627317770607
639.9610596,0.000878205351062103
640.0792236,0.000705844864508916
640.1973877,0.00131423294136759
640.3154907,0.00166890698743512
640.4336548,0.00212529025949335
640.5518188,0.00266880414493738
640.6699829,0.00349576877032885
640.788147,0.00375242137474849
640.906311,0.004201528806215
641.0244751,0.00445365769779397
641.1426392,0.00466959609408099
641.2608032,0.00462636463410092
641.3789673,0.00405780104395697
641.4971313,0.0039090068800521
641.6152954,0.00319211353831103
641.7334595,0.0027365698320245
641.8516235,0.00185416215159941
641.9698486,0.00133994807756375
642.0880127,0.000990974946052954
642.2061768,0.00112579663268867
642.3243408,0.000963169277835958
642.4425049,0.000752571029394165
642.5606689,0.00134892213507543
642.678894,0.00169864492055701
642.7970581,0.00254663595242479
642.9152222,0.00212792042548382
643.0334473,0.00278124368207838
643.1516113,0.00285096893917793
643.2697754,0.00282229937345435
643.3880005,0.00327987649581038
643.5061646,0.00266837030146517
643.6243286,0.00240062682891646
643.7425537,0.00176108255033147
643.8607178,0.00104849863463343
643.9789429,0.000475761885343346
644.0971069,0
644.215332,0
644.3334961,0
644.4517212,0
644.5698853,0
644.6881104,0
644.8062744,0
644.9244995,0.00046476064926741
645.0426636,0.000944375802715993
645.1608887,0.00148093348213168
645.2791138,0.0020542362844387
645.3972778,0.00273418423043853
645.5155029,0.00271677257850546
645.633728,0.00247227392839557
645.7518921,0.00221818360151859
645.8701172,0.00221341118560154
645.9883423,0.00184728429223278
646.1065674,0.00181313728583695
646.2247314,0.0011275246142925
646.3429565,0.000672473884198088
646.4611816,0.000120612211279237
646.5794067,0
646.6976318,0
646.8158569,0
646.934021,0
647.0522461,0
647.1704712,0
647.2886963,0
647.4069214,0
647.5251465,0
647.6433716,0.000515150290291223
647.7615967,0.0010916558754272
647.8798218,0.00137361225081744
647.9980469,0.00197400575192829
648.116272,0.00150340195212512
648.2344971,0.00110702010914042
648.3527222,0.000806400427815643
648.4710083,0
648.5892334,0
648.7074585,0
648.8256836,0
648.9439087,0
649.0621338,0
649.1804199,0
649.298645,0
649.4168701,0
649.5350952,0
649.6533813,0
649.7716064,0
649.8898315,0
650.0081177,0
650.1263428,0.000520206525593801
650.2445679,0.000469388707398239
650.362854,0.00105478239047443
650.4810791,0.00168525606584212
650.5993042,0.00119397625009301
650.7175903,0.000327464498284934
650.8358154,0
650.9541016,0
651.0723267,0
651.1906128,0
651.3088379,0
651.427124,0
651.5453491,0
651.6636353,0
651.7818604,0
651.9001465,0
652.0184326,0
652.1366577,0.000794089955420435
652.2549438,0.00173164418680248
652.37323,0.00177736990758854
652.4914551,0.00164425421431526
652.6097412,0.00183868082945887
652.7280273,0.00144591769329893
652.8462524,0.000979707961787229
652.9645386,0.000416737373154314
653.0828247,0
653.2011108,0
653.3193359,0
653.4376221,0
653.5559082,0
653.6741943,0
653.7924805,0
653.9107056,0
654.0289917,0
654.1472778,0
654.265564,0.00017634346907045
654.3838501,0.000471971084586392
654.5021362,0.00107938629001524
654.6204224,0.00141132383253962
654.7387085,0.00134639824952955
654.8569946,0.00125011763750102
654.9752808,0.00144600615954607
655.0935669,0.00136849529713095
655.211853,0.000440325940735873
655.3301392,0.00032898532838988
655.4484253,0
655.5667114,0
655.6849976,0
655.8032837,0
655.9215698,0
656.039917,0
656.1582031,0
656.2764893,0
656.3947754,0
656.5130615,0
656.6314087,0
656.7496948,0
656.867981,0
656.9862671,0
657.1046143,0
657.2229004,0.000278562751354184
657.3411865,0
657.4594727,6.87757147888176e-05
657.5778198,0
657.696106,0
657.8143921,0
657.9327393,0
658.0510254,0
658.1693726,0
658.2876587,0
658.4060059,0
658.524292,0
658.6425781,0
658.7609253,0
658.8792114,0
658.9975586,0
659.1158447,0.00021650267689507
659.2341919,0.000905525096589325
659.3525391,0.000972552042432557
659.4708252,0.000746335249126401
659.5891724,0.000541903743990002
659.7074585,0
659.8258057,0
659.9440918,0
660.062439,0
660.1807861,0
660.2990723,0
660.4174194,0
660.5357666,0
660.6540527,0
660.7723999,0
660.8907471,0
661.0090942,0
661.1273804,0
661.2457275,0
661.3640747,0.000271953240280538
661.4824219,0.000206335737154534
661.600769,0.000628868413496117
661.7190552,0.0009723974949477
661.8374023,0.000967662106893503
661.9557495,0.00102767508969345
662.0740967,0.000903067350951523
662.1924438,0.000517353013831416
662.310791,5.49684995156519e-05
662.4291382,0
662.5474854,0
662.6658325,0
662.7841797,0
662.9025269,0
663.020813,0
663.1391602,0
663.2575073,0
663.3759155,0
663.4942627,0
663.6126099,0.000128684737074969
663.730957,0.000169441324657647
663.8493042,0.000314721045527962
663.9676514,0.000514636526821451
664.0859985,0.000947385949255607
664.2043457,0.000643093686371617
664.3226929,0.00108716267362299
664.44104,0.00114141086406583
664.5593872,0.000838139249750824
664.6777954,0.000218232640486274
664.7961426,0
664.9144897,0
665.0328369,0
665.1511841,0
665.2695923,0
665.3879395,0
665.5062866,0
665.6246338,0
665.743042,0
665.8613892,0.000151278678064369
665.9797363,0.000403719509680821
666.0981445,0.000974035261464204
666.2164917,0.00150939526673361
666.3348389,0.000957003379810768
666.4532471,0.000998337643829366
666.5715942,0.000369947376917049
666.6899414,0.000121113651690188
666.8083496,0.000116674767512351
666.9266968,0
667.045105,0
667.1634521,0
667.2817993,0
667.4002075,0
667.5185547,0
667.6369629,0
667.7553101,0
667.8737183,0
667.9920654,0
668.1104736,0
668.2288208,0
668.347229,0
668.4655762,0
668.5839844,0.000245867520466976
668.7023926,0
668.8207397,0
668.9391479,0
669.0574951,0
669.1759033,0
669.2943115,0
669.4126587,0
669.5310669,0
669.6494751,0
669.7678223,0
669.8862305,0
670.0046387,0
670.1230469,0
670.241394,0
670.3598022,0.000503065425276882
670.4782104,0.000482593599547001
670.5966187,0.000445107660036955
670.7149658,0.000354770416539219
670.833374,0.00132800817678829
670.9517822,0.000482207067234049
671.0701904,7.72376523799316e-05
671.1885986,0.0004158385578047
671.3070068,0.000447265707730916
671.425354,0
671.5437622,0
671.6621704,0
671.7805786,0
671.8989868,0
672.017395,0
672.1358032,0
672.2542114,0
672.3726196,0
672.4910278,0
672.609436,0
672.7278442,0
672.8461914,0
672.9645996,0.000157439317945879
673.0830078,0.000358098110796497
673.2014771,0.000208056000447466
673.3198853,0.000584087652942238
673.4382935,0.000843138030844167
673.5567017,0.00101823499919848
673.6751099,0.000198534672269382
673.7935181,0
673.9119263,0
674.0303345,0
674.1487427,0
674.2671509,0
674.3855591,0
674.5039673,0
674.6224365,0
674.7408447,0
674.8592529,0
674.9776611,0
675.0960693,0
675.2144775,0.000269852180397301
675.3329468,0.000343447913811566
675.451355,0.000736163249498007
675.5697632,0.000680435186248973
675.6881714,0.00126063648375736
675.8066406,0.00110749791772671
675.9250488,0.000443788479260023
676.043457,0.000261095895684443
676.1618652,0
676.2803345,0
676.3987427,0
676.5171509,0
676.6356201,0
676.7540283,0
676.8724365,0
676.9909058,0
677.109314,0
677.2277222,0
677.3461914,0
677.4645996,0
677.5830688,0.00026330011139302
677.7014771,0.000973678552100888
677.8198853,0.000546907101429458
677.9383545,0
678.0567627,0
678.1752319,0
678.2936401,0
678.4121094,0
678.5305176,0
678.6489868,0
678.767395,0
678.8858643,0
679.0042725,0
679.1227417,0
679.2411499,0
679.3596191,0
679.4780273,0
679.5964966,0
679.7149658,0
679.833374,0
679.9518433,0.000209910548814172
680.0702515,0
680.1887207,0.000469035658817382
680.3071899,0.000185974155876036
680.4255981,0
680.5440674,0
680.6624756,0
680.7809448,0
680.8994141,0
681.0178223,0
681.1362915,0
681.2547607,0
681.3731689,0
681.4916382,0
681.6101074,0
681.7285767,0
681.8469849,0
681.9654541,0
682.0839233,0
682.2023926,0
682.3208008,0
682.43927,0
682.5577393,0
682.6762085,5.16388815980584e-05
682.7946777,0.000380676487505386
682.9130859,0
683.0315552,0
683.1500244,0
683.2684937,0
683.3869629,0
683.5054321,0
683.6238403,0
683.7423096,0
683.8607788,0
683.979248,0
684.0977173,0
684.2161865,0
684.3346558,0
684.453125,0.000158913326640449
684.5715942,0
684.6900635,0.000631028349355346
684.8084717,0.000403055570300894
684.9269409,0.000584542435149042
685.0454102,0.000709839435764123
685.1638794,0.00022881164517631
685.2823486,0.000434308399356987
685.4008179,0
685.5192871,0
685.6377563,0
685.7562256,0
685.8746948,0
685.9931641,0
686.1116333,0
686.2301025,0
686.3485718,0
686.467041,0
686.5855713,0.00065426169984813
686.7040405,0.00102755271999241
686.8225098,0.00184951208196894
686.940979,0.00174398542670566
687.0594482,0.00154320733045342
687.1779175,0.00105606077782583
687.2963867,0.00085798219365745
687.414856,0.0009583758061821
687.5333252,0.000215354657077056
687.6517944,0
687.7703247,0
687.8887939,0
688.0072632,0
688.1257324,0
688.2442017,0
688.3626709,0
688.4811401,0
688.5996704,0
688.7181396,0
688.8366089,0
688.9550781,0
689.0735474,0
689.1920776,0.000101368115916635
689.3105469,0.000822500162102686
689.4290161,0.000537975131642448
689.5474854,0
689.6660156,0.000171320682582571
689.7844849,0.000636719202398112
689.9029541,9.72244648847182e-05
690.0214233,0
690.1399536,0
690.2584229,0
690.3768921,0
690.4954224,0
690.6138916,0
690.7323608,0
690.8508301,0
690.9693604,0
691.0878296,0
691.2062988,0
691.3248291,0.0002276435374701
691.4432983,0.000348798064586525
691.5617676,0.000619992323811348
691.6802979,0.000365607941401826
691.7987671,8.68637918200625e-06
691.9172363,0.000224573080751431
692.0357666,2.19632756108564e-05
692.1542358,0
692.2727661,0
692.3912354,0
692.5097046,0
692.6282349,0
692.7467041,0
692.8652344,0
692.9837036,0
693.1022339,0
693.2207031,0
693.3391724,0
693.4577026,0
693.5761719,0.000339439794813474
693.6947021,0.000978044289394791
693.8131714,0.00164414138133171
693.9317017,0.00240275668534052
694.0501709,0.00224656941765939
694.1687012,0.00193751854267075
694.2871704,0.0015112232096787
694.4057007,0.000861088733973063
694.5241699,0
694.6427002,0
694.7611694,0
694.8796997,0
694.9981689,0
695.1166992,0
695.2351685,0
695.3536987,0
695.472168,0
695.5906982,0
695.7091675,0
695.8276978,0
695.946167,0
696.0646973,0.000229665108390234
696.1832275,0.000654133594109977
696.3016968,0.000305023169782186
696.4202271,0.000369082325431868
696.5386963,0
696.6572266,0
696.7757568,0
696.8942261,0
697.0127563,0
697.1312256,0
697.2497559,0
697.3682861,0
697.4867554,0
697.6052856,0
697.7238159,0
697.8422852,0
697.9608154,0
698.0792847,0.000166694466583251
698.1978149,0.000985062064973907
698.3163452,0.000691222519973161
698.4348145,0.000251605427891039
698.5533447,0.000412784714772405
698.671875,0.00080870563128029
698.7903442,0.000715412151207254
698.9088745,0.000681165066682273
699.0274048,5.58644931979368e-05
699.145874,4.06580131488775e-05
699.2644043,0
699.3829346,0
699.5014648,0
699.6199341,0
699.7384644,0
699.8569946,0
699.9754639,0
700.0939941,0
700.2125244,0
700.3310547,0
700.4495239,0
700.5680542,0.000157634064942065
700.6865845,9.92037497162028e-05
700.8051147,0.000368960095536612
700.923584,0.000612158498158263
701.0421143,0.000583570962978838
701.1606445,0.00020553658022228
701.2791748,0.000424669971354812
701.397644,0.000352418438625319
701.5161743,0.000241586121978862
701.6347046,0
701.7532349,0
701.8717651,0
701.9902344,0
702.1087646,0
702.2272949,0
702.3458252,0
702.4643555,0
702.5828247,0
702.701355,0
702.8198853,0
702.9384155,0.000238368415891736
703.0569458,0.000653066916885503
703.175415,0.000815166587610044
703.2939453,0.000801077010356561
703.4124756,0.0008647818349116
703.5310059,0.000443753409899977
703.6495361,2.13746282023066e-05
703.7680664,0
703.8865356,0
704.0050659,0
704.1235962,0
704.2421265,0
704.3606567,0
704.479187,0
704.5977173,0
704.7161865,0
704.8347168,0
704.9532471,0
705.0717773,0
705.1903076,0
705.3088379,0
705.4273682,0
705.5458984,0.000175110212669172
705.6643677,0.000830253682651356
705.7828979,0.000799499775739473
705.9014282,0.000583087570232994
706.0199585,0.000582956713058889
706.1384888,0.000345984169056917
706.257019,0
706.3755493,0
706.4940796,0
706.6126099,0
706.7311401,0
706.8496094,0
706.9681396,0
707.0866699,0
707.2052002,0
707.3237305,0.00017677253242661
707.4422607,0.000563172610457221
707.560791,0.000674105051941583
707.6793213,0.000574639599634476
707.7978516,0.000541466886982042
707.9163818,0.00020402364322753
708.0349121,0.000147740882580376
708.1534424,0
708.2719727,0
708.3905029,0
708.5090332,0
708.6275024,0
708.7460327,0
708.864563,0
708.9830933,0
709.1016235,0
709.2201538,0
709.3386841,0
709.4572144,0
709.5757446,0.000266640047203147
709.6942749,0.000634904258659102
709.8128052,0.00175469673447609
709.9313354,0.00190398399115268
710.0498657,0.00189011005292723
710.168396,0.00196324202677454
710.2869263,0.00144188038115163
710.4054565,0.00116452725409365
710.5239868,0.0006060956278879
710.6425171,0
710.7610474,0
710.8795776,0
710.9981079,0
711.1166382,0
711.2351685,0
711.3536987,0
711.472229,0
711.5907593,0
711.7092896,0
711.8278198,0
711.9463501,0
712.0648804,0.000379730349680657
712.1834106,0.000834912216741014
712.3019409,0.00101535562854733
712.4204712,0.00098393013425811
712.5390015,0.00117555689099394
712.6575317,0.0017887689386955
712.776062,0.00165021441834693
712.8945923,0.00160640515355197
713.0131226,0.0013320288639646
713.1316528,0.000551153384139201
713.2501831,0
713.3687134,0
713.4872437,0
713.6057739,0
713.7243042,0
713.8428345,0
713.9613647,0
714.079895,0
714.1984253,0.000275260776508375
714.3169556,0.000505777808814777
714.4354858,0.00107747987240804
714.5540161,0.00133560748795777
714.6725464,0.00132501332681232
714.7910767,0.00153038063444725
714.9096069,0.00100340556120727
715.0281372,0.00127873306031942
715.1466675,0.00110416371779947
715.2651978,1.48805496986504e-05
715.383728,0
715.5022583,0
715.6207886,0
715.7393188,0
715.8578491,0
715.9763794,0
716.0949097,0
716.2134399,0
716.3319702,0
716.4505005,0
716.5690308,0
716.687561,0
716.8060913,0.000519920444459107
716.9246216,0.000512817782075581
717.0431519,0.000831318960698323
717.1616821,0.000789326213551081
717.2802124,0.00044192812474701
717.3987427,0.000380283764254535
717.5172729,0
717.6358032,0
717.7543335,0
717.8728638,0
717.991394,0
718.1099243,0
718.2285156,0
718.3470459,0
718.4655762,0
718.5841064,0
718.7026367,0
718.821167,0.00018792134408517
718.9396973,0.000583394100467568
719.0582275,0.00105486050358837
719.1767578,0.00129179578636399
719.2952881,0.000458502868936841
719.4138184,2.62565426107258e-05
719.5323486,0
719.6508789,0
719.7694092,0
719.8879395,0
720.0064697,0
720.125,0
720.2435303,0
720.3620605,0
720.4805908,0
720.5991211,0
720.7176514,0
720.8361816,0
720.9547119,0
721.0732422,0
721.1917725,0
721.3103027,0.000175021606385906
721.428833,0.00073116947541469
721.5473633,0.000817460616125819
721.6658936,0.00131270184590464
721.7844238,0.00142206444439195
721.9029541,0.00146875289345772
722.0214844,0.00159183129151963
722.1400146,0.000691330304645894
722.2585449,0
722.3770752,0
722.4956055,0
722.6141357,0
722.732666,0
722.8511963,0
722.9697266,0
723.0882568,0
723.2067871,0
723.3253174,0
723.4438477,0
723.5623779,7.35613634765273e-05
723.6809082,0
723.7993774,0
723.9179077,0.000337886355589211
724.036438,0.000363220835601733
724.1549683,0.000760877405149357
724.2734985,0.000736316829218371
724.3920288,0.000718041105021475
724.5105591,0.000115912102554148
724.6290894,0
724.7476196,0
724.8661499,0
724.9846802,0
725.1032104,0
725.2217407,0
725.340271,0
725.4588013,0
725.5773315,0
725.6958618,0
725.8143921,0
725.9329224,0.000879865106084401
726.0514526,0.000598713530171912
726.1699219,0.000413649964829873
726.2884521,0.000403743783109889
726.4069824,8.81665348616095e-05
726.5255127,0
726.644043,0
726.7625732,0
726.8811035,0
726.9996338,0
727.1181641,0
727.2366943,0
727.3552246,0
727.4737549,0
727.5922241,0
727.7107544,0
727.8292847,0
727.9478149,0
728.0663452,0
728.1848755,0.000521228130115894
728.3034058,0.00104728671337624
728.421936,0.00165844771702093
728.5404663,0.00172189841711963
728.6589355,0.00149239415210744
728.7774658,0.00113792049579993
728.8959961,0.000572321000249819
729.0145264,0.000595746742371826
729.1330566,0.000210856348608139
729.2515869,0
729.3701172,0
729.4885864,0
729.6071167,0
729.725647,0
729.8441772,0
729.9627075,0
730.0812378,0
730.1997681,0
730.3182373,7.16602505767532e-05
730.4367676,0.000456465862386363
730.5552979,0.000335650346755013
730.6738281,0.000671659477979776
730.7923584,0.00102880054996513
730.9108276,0.000379311639283447
731.0293579,0.00039178135773954
731.1478882,0.000329099466943154
731.2664185,5.90505811410043e-05
731.3849487,0
731.503479,0
731.6219482,0
731.7404785,0
731.8590088,0
731.9775391,0
732.0960083,0
732.2145386,0
732.3330688,0
732.4515991,0
732.5701294,0
732.6885986,0
732.8071289,9.7114022219576e-05
732.9256592,0.000347761653570138
733.0441895,0
733.1626587,0.000554367662328662
733.281189,0.00069956271773637
733.3997192,0.000474281884288373
733.5181885,0.00012797616843338
733.6367188,0
733.755249,0
733.8737793,0
733.9922485,0
734.1107788,0
734.2293091,0
734.3477783,0
734.4663086,0
734.5848389,0
734.7033691,0
734.8218384,0
734.9403687,0
735.0588989,0
735.1773682,0
735.2958984,0
735.4144287,0.00012441121975948
735.5328979,0
735.6514282,0
735.7699585,0.000441347755016718
735.8884277,0.000293368533659606
736.006958,0.000115030262076553
736.1254272,0
736.2439575,0
736.3624878,0
736.480957,0
736.5994873,0
736.7180176,0
736.8364868,0
736.9550171,0
737.0734863,0
737.1920166,0
737.3105469,0
737.4290161,0
737.5475464,0
737.6660156,0
737.7845459,0
737.9030151,0
738.0215454,0
738.1400146,0
738.2585449,0
738.3770752,0
738.4955444,0
738.6140747,0
738.7325439,0
738.8510742,0
738.9695435,0
739.0880737,0
739.206543,0
739.3250732,0
739.4435425,0
739.5620728,0
739.680542,0
739.7990723,0
739.9175415,0
740.0360107,0.000918716581683687
740.154541,0.0012249691838384
740.2730103,0.0015667537518082
740.3915405,0.00120748291629552
740.5100098,0.000818203817234374
740.62854,0
740.7470093,0
740.8655396,0
740.9840088,0
741.102478,0
741.2210083,0
741.3394775,0
741.4580078,0
741.5764771,0
