321.5698853,0
321.6777954,0
321.7857361,0
321.8936768,0
322.0016174,0
322.1095581,0
322.2175293,0.0012775433592567
322.32547,0.00322805454577647
322.4334412,0.00557465538325061
322.5414124,0.00664092736034294
322.6494141,0.00512188746934423
322.7573853,0.00382002059336155
322.865387,0.00205595580101516
322.9733887,0.000341325711079999
323.0813904,0
323.1893921,0
323.2973938,0
323.405426,0
323.5134583,0
323.6214905,0
323.7295227,0
323.8375854,0
323.9456482,0
324.0537109,0
324.1617737,0
324.2698364,0
324.3778992,0
324.4859924,0
324.5940857,0
324.702179,0
324.8102722,0
324.918396,0.00076461533585956
325.0265198,0
325.1346436,0
325.2427673,0
325.3508911,0
325.4590149,0
325.5671692,0
325.6753235,0
325.7834778,0
325.8916321,0
325.9998169,0
326.1080017,0
326.2161865,0
326.3243713,0
326.4325562,0
326.5407715,0
326.6489563,0
326.7571716,0
326.865387,0
326.9736328,0.00133251332619389
327.0818481,0.00217528886893637
327.190094,0.00259885453146619
327.2983398,0.00128122637323724
327.4065857,0.0020180971457399
327.5148315,0.000490351810113949
327.6231079,0
327.7313538,0
327.8396301,0
327.9479065,0
328.0562134,0
328.1644897,0
328.2727966,0
328.3811035,0
328.4894104,0
328.5977173,0
328.7060242,0
328.8143616,0
328.922699,0
329.0310364,0
329.1393738,0.000647472961717967
329.2477417,0.00140613243096504
329.3561096,0.0017472835475783
329.464447,0.0005418138374078
329.5728149,0.00192188689569695
329.6812134,0.00118569711108649
329.7895813,0.000117526876693004
329.8979797,0
330.0063782,0
330.1147766,0
330.223175,0
330.3315735,0
330.4400024,0
330.5484314,0
330.6568604,0
330.7652893,0
330.8737488,0
330.9821777,0
331.0906372,0
331.1990967,0.00122998291924037
331.3075562,0.00117764248703912
331.4160461,0.00305168682838165
331.5245361,0.0017357275626318
331.6329956,0.000424300178084182
331.7414856,0
331.8500061,0
331.9584961,0
332.0670166,0
332.1755066,0
332.2840271,0
332.3925781,0
332.5010986,0
332.6096497,0
332.7181702,0
332.8267212,0
332.9353027,0
333.0438538,0
333.1524048,0
333.2609863,0
333.3695679,0.00156815596885748
333.4781494,0.00242603666722693
333.5867615,0.0044143333874837
333.695343,0.00527510364617289
333.8039551,0.00388227478483154
333.9125671,0.00237407239847342
334.0211792,0.00293648858721122
334.1297913,0.0014263331202479
334.2384338,0
334.3470764,0
334.455719,0
334.5643616,0
334.6730042,0
334.7816772,0
334.8903198,0
334.9989929,0
335.107666,0
335.2163696,0
335.3250427,0
335.4337463,0
335.54245,0
335.6511536,0.00134673508542553
335.7598572,0.00132857473388448
335.8685608,0.00364550184446583
335.9772949,0.00355033832857838
336.0860291,0.00350274282228034
336.1947632,0.00264413781332406
336.3034973,0.000224336007550515
336.412262,0
336.5209961,0
336.6297607,0
336.7385254,0
336.84729,0
336.9560852,0
337.0648499,0
337.173645,0
337.2824402,0
337.3912354,0
337.5000305,0
337.6088562,0
337.7176819,0
337.8265076,0
337.9353333,0
338.0441589,0
338.1530151,0
338.2618408,0
338.370697,0
338.4795532,0
338.5884399,0
338.6972961,0
338.8061829,0
338.9150696,0
339.0239563,0
339.132843,0
339.2417603,0
339.350647,0
339.4595642,0
339.5684814,0
339.6773987,0.000320730779669171
339.7863464,0.00179406906548652
339.8952637,0.00336598333314083
340.0042114,0.00377578569182204
340.1131592,0.00325918272631272
340.2221069,0.0015795425271698
340.3310852,0.000796842764532452
340.440033,0.000606472529348545
340.5490112,0
340.6579895,0
340.7669678,0
340.8759766,0
340.9849548,0
341.0939636,0
341.2029724,0
341.3119812,0
341.42099,0
341.5300293,0
341.6390381,0
341.7480774,0
341.8571167,0
341.9661865,0
342.0752258,0
342.1842957,0
342.293335,0
342.4024048,1.40421979628472e-05
342.5115051,0
342.620575,0
342.7296753,0.000410523284298964
342.8387451,0.000285400603194706
342.9478455,0
343.0569763,0
343.1660767,0
343.2752075,0
343.3843079,0
343.4934387,0
343.6025696,0
343.711731,0
343.8208618,0
343.9300232,0
344.0391846,0
344.1483459,0
344.2575073,0
344.3666687,0
344.4758606,0
344.5850525,0
344.6942444,0
344.8034363,0
344.9126587,0
345.0218506,0
345.131073,0
345.2402954,0
345.3495178,0
345.4587402,0
345.5679932,0
345.6772461,0
345.786499,0
345.895752,0
346.0050049,0
346.1142578,0
346.2235413,0.000705508430198352
346.3328247,0
346.4421082,0
346.5513916,0
346.6607056,0
346.769989,0
346.879303,0
346.9886169,0
347.0979309,0
347.2072754,0
347.3165894,0
347.4259338,0
347.5352783,0
347.6446228,0
347.7539673,0
347.8633423,0
347.9727173,0
348.0820618,0
348.1914673,0
348.3008423,0.000798781543121163
348.4102173,0.00220795141726768
348.5196228,0.00115368666435671
348.6290283,0.00182462615852429
348.7384338,0.00072576401062953
348.8478394,0
348.9572449,0
349.0666809,0
349.1761169,0
349.2855225,0
349.394989,0
349.504425,0
349.6138611,0
349.7233276,0
349.8327942,0
349.9422607,0
350.0517273,0
350.1612244,0
350.2706909,0
350.380188,0.000225073626854453
350.4896851,0.00114629892476325
350.5991821,0
350.7087097,0.00142921231442966
350.8182068,0.000953368887777681
350.9277344,0
351.037262,0
351.1467896,0
351.2563171,0
351.3658752,0
351.4754333,0
351.5849609,0
351.694519,0
351.8041077,0
351.9136658,0
352.0232544,0
352.132843,0
352.2424011,0
352.3520203,0
352.4616089,0
352.571228,0
352.6808167,0
352.7904358,0.000445852036276045
352.9000549,0.000177808116355156
353.0097046,0.0002169278911649
353.1193237,5.6232195065592e-05
353.2289734,0
353.3385925,0
353.4482422,0
353.5579224,0
353.667572,0
353.7772522,0
353.8869019,0
353.996582,0
354.1062622,0
354.2159729,0
354.3256531,0
354.4353638,0
354.5450745,0
354.6547852,0
354.7644958,0.000587096829805983
354.8742371,0
354.9839478,0
355.093689,0
355.2034302,0
355.3131714,0
355.4229126,0
355.5326843,0
355.6424561,0
355.7521973,0
355.8619995,0
355.9717712,0
356.081543,0
356.1913452,0
356.3011475,0
356.4109497,0
356.520752,0
356.6305542,0
356.740387,0
356.8502197,0
356.960022,0
357.0698853,0
357.179718,0
357.2895508,0
357.3994141,0
357.5092773,0
357.6191406,0
357.7290039,0
357.8388672,0
357.948761,0
358.0586548,0
358.1685181,0
358.2784424,0
358.3883362,0
358.49823,0
358.6081543,0
358.7180786,0
358.8280029,0
358.9379272,0
359.0478516,0
359.1578064,0.000303907845356488
359.2677612,0
359.3777161,0.000700588630276485
359.4876709,9.35977010690991e-05
359.5976257,0.000446932820629452
359.7076111,0
359.8175659,0
359.9275513,0
360.0375366,0
360.147522,0
360.2575378,0
360.3675232,0
360.4775391,0
360.5875549,0
360.6975708,0
360.8075867,0
360.9176331,0
361.0276489,0
361.1376953,0
361.2477417,0
361.3577881,0
361.467865,0
361.5779114,0
361.6879883,0
361.7980652,0
361.9081421,0
362.018219,0
362.1283264,0
362.2384033,0
362.3485107,0
362.4586182,0
362.5687256,0
362.6788635,0
362.7889709,0
362.8991089,0
363.0092468,0
363.1193848,0
363.2295227,0
363.3396912,0
363.4498291,5.80133140629118e-05
363.5599976,0
363.670166,0
363.7803345,0
363.8905334,0
364.0007019,0
364.1109009,0
364.2210999,0
364.3312988,0
364.4414978,0
364.5516968,0
364.6619263,0
364.7721558,0
364.8823853,0
364.9926147,0
365.1028442,0
365.2131042,0
365.3233337,0
365.4335938,0
365.5438538,0
365.6541138,0
365.7644043,0
365.8746643,0
365.9849548,0
366.0952454,0
366.2055359,0.000194289231221894
366.3158264,0.000667172852666638
366.4261475,0.00175594384603611
366.536438,0.00141503215446438
366.646759,0.000242060605410923
366.7570801,0
366.8674011,0
366.9777527,0
367.0880737,0
367.1984253,0
367.3087769,0
367.4191284,0
367.52948,0
367.6398315,0
367.7502136,0
367.8605957,0
367.9709778,0
368.0813599,0
368.1917419,0
368.302124,0
368.4125366,0
368.5229492,0.000612572004796535
368.6333618,9.45738630095004e-05
368.7437744,0.000507848130729063
368.854187,0
368.9646301,0
369.0750732,0
369.1855164,0
369.2959595,0
369.4064026,0
369.5168457,0
369.6273193,0
369.737793,0
369.8482666,0.000246005926696668
369.9587402,0
370.0692139,0
370.1796875,0
370.2901917,0
370.4006958,0
370.5112,0
370.6217041,0
370.7322083,0
370.8427429,0
370.9532776,0
371.0638123,0
371.1743469,0
371.2848816,0
371.3954163,0
371.5059814,0
371.6165466,0
371.7270813,0
371.837677,0
371.9482422,0
372.0588074,0
372.1694031,0
372.2799988,0
372.3905945,0
372.5011902,0
372.6117859,0
372.7224121,0
372.8330078,0
372.943634,0
373.0542603,0
373.164917,0
373.2755432,0
373.3861694,0
373.4968262,0
373.6074829,0
373.7181396,0
373.8287964,0
373.9394836,0
374.0501404,0
374.1608276,0
374.2715149,0
374.3822021,0
374.4929199,0
374.6036072,0
374.714325,0
374.8250122,0
374.93573,0
375.0464783,0
375.157196,0
375.2679138,0
375.3786621,0
375.4894104,0
375.6001587,0
375.710907,0
375.8216858,0
375.9324341,0
376.0432129,0
376.1539917,0
376.2647705,0
376.3755493,0
376.4863586,0
376.5971375,0
376.7079468,0
376.8187561,0
376.9295654,0
377.0403748,0
377.1512146,0
377.2620239,0
377.3728638,0
377.4837036,0
377.5945435,0
377.7053833,0
377.8162537,0
377.927124,0
378.0379639,0
378.1488342,0
378.2597351,0
378.3706055,0
378.4814758,0
378.5923767,0
378.7032776,0
378.8141785,0
378.9250793,0
379.0360107,0
379.1469116,0
379.257843,0
379.3687744,0
379.4797058,0
379.5906372,0
379.7015686,0
379.8125305,0
379.9234924,0
380.0344543,0
380.1454163,0
380.2563782,0
380.3673401,0
380.4783325,0
380.589325,0
380.7003174,0
380.8113098,0
380.9223022,0
381.0333252,0
381.1443176,0
381.2553406,6.13106595550988e-05
381.3663635,4.63920414495067e-05
381.4773865,3.51219870538259e-05
381.5884094,0
381.6994629,0
381.8105164,0
381.9215393,0
382.0325928,0
382.1436462,0
382.2547302,0
382.3657837,0
382.4768677,0
382.5879517,0
382.6990356,0.000334345594682242
382.8101196,0
382.9212036,0.0002880397288589
383.0323181,0.000579793868660364
383.1434021,0.000882899222018859
383.2545166,0.00149420369993202
383.3656311,0.000492639210727229
383.4767761,0.00108931967884163
383.5878906,0
383.6990051,0
383.8101501,0
383.9212952,0
384.0324402,0
384.1435852,0
384.2547607,0
384.3659058,0
384.4770813,0
384.5882568,0
384.6994324,0
384.8106079,0
384.9217834,0
385.0329895,0
385.1441956,0
385.2553711,0.000144415540810837
385.3665771,0.000546191475506226
385.4778137,0.000389325452663539
385.5890198,0
385.7002563,0.000321497759023091
385.8114624,0
385.922699,0
386.0339355,0
386.1451721,0
386.2564392,0
386.3676758,0
386.4789429,0
386.59021,0
386.7014771,0
386.8127441,0
386.9240417,0
387.0353088,0.00190077166215453
387.1466064,0.00111607863237443
387.2579041,0.00368001142880269
387.3692017,0.00240013907875492
387.4804993,0.00240302772814667
387.5918274,0.00164190873654308
387.703125,0.00192000844946384
387.8144531,0.00275674595608872
387.9257813,0.000515312756971356
388.0371094,0
388.1484375,0
388.2597961,0
388.3711243,0
388.4824829,0
388.5938416,0
388.7052002,0
388.8165588,0
388.9279175,0
389.0393066,0
389.1506958,7.88253799343067e-06
389.262085,0
389.3734741,0.00143653405593507
389.4848633,0.0010051804008957
389.5962524,0.000831740766324953
389.7076721,0.000514591326503863
389.8190918,0.00216872405334495
389.930481,0.00299915394265576
390.0419312,0.00248209787732931
390.1533508,0.00443836806793292
390.2647705,0.00408314466292249
390.3762207,0.00352641325016657
390.4876404,0.00228982736139996
390.5990906,0.00210219787317233
390.7105408,0.000953126642464571
390.8220215,0
390.9334717,0.000371417246375105
391.0449524,0.000475122612608265
391.1564026,0.000793149010441083
391.2678833,0.00127039496927839
391.379364,0.00265397923953075
391.4908447,0.00335908133693969
391.602356,0.00389568153892904
391.7138367,0.00426354234994415
391.8253479,0.00522974383427645
391.9368591,0.00620969219652496
392.0483704,0.00652733032364204
392.1598816,0.0064251738273571
392.2713928,0.00662972652612747
392.3829346,0.00828935566544727
392.4944763,0.00814038374066464
392.6059875,0.00670702718665618
392.7175293,0.00781524472448584
392.8291016,0.00807079288944833
392.9406433,0.00831284101868981
393.0521851,0.00932824537758266
393.1637573,0.0108397207648486
393.2753296,0.0145063115521161
393.3869019,0.0148545381383159
393.4984741,0.0177844130873437
393.6100464,0.0197376377924482
393.7216492,0.0205348788153311
393.833252,0.0213504469154729
393.9448242,0.0206537158983038
394.056427,0.022418274872114
394.1680603,0.0230779756656528
394.2796631,0.0244027532131211
394.3912659,0.0269852971230997
394.5028992,0.0289130643931588
394.6145325,0.0301132838294209
394.7261658,0.0314542152848419
394.8377991,0.0322318738334483
394.9494324,0.0333109755993386
395.0610962,0.033169129640354
395.1727295,0.0345863773125061
395.2843933,0.0364898478663944
395.3960571,0.0383912360307181
395.5077209,0.0405108429220161
395.6193848,0.0443185056133476
395.7310791,0.0494352956729549
395.8427429,0.0518328106181422
395.9544373,0.0552617099326573
396.0661316,0.0581602097826429
396.1778259,0.0622389678710183
396.2895203,0.0639847313938733
396.4012451,0.0665969287842072
396.5129395,0.0699515313552664
396.6246643,0.0731646884876529
396.7363892,0.0768083958802264
396.848114,0.0785376839518021
396.9598389,0.081677857268476
397.0715637,0.0826821703224234
397.1833191,0.0852626560289678
397.2950745,0.0881742411913248
397.4068298,0.0910677745270529
397.5185852,0.0951753885347905
397.6303406,0.0990862198031731
397.7420959,0.105115095305477
397.8538818,0.112770215038768
397.9656372,0.12072672040715
398.0774231,0.127943347795907
398.189209,0.13667810199844
398.3009949,0.145368198083823
398.4128113,0.150650467451852
398.5245972,0.156280834386079
398.6364136,0.161378299453179
398.7481995,0.168008256974959
398.8600159,0.17398305913197
398.9718628,0.18033028686873
399.0836792,0.189028921815322
399.1954956,0.195717041532839
399.3073425,0.203563829702025
399.4191895,0.213599406032107
399.5310364,0.223170113417712
399.6428833,0.233340122848416
399.7547302,0.244162175472866
399.8665771,0.256596517830858
399.9784546,0.266580714233192
400.090332,0.274751338935371
400.202179,0.285121087608918
400.3140564,0.297559025261955
400.4259644,0.309096032930687
400.5378418,0.320958067729152
400.6497498,0.335455368803353
400.7616272,0.348567248077538
400.8735352,0.3614929563883
400.9854431,0.372854173855742
401.0973511,0.386450454596243
401.2092896,0.399605768172515
401.3211975,0.412021167607513
401.433136,0.427459957883266
401.5450745,0.442067239397593
401.6569824,0.455712378364634
401.7689514,0.469151119470681
401.8808899,0.48341775203044
401.9928284,0.499663688939728
402.1047974,0.514426425258393
402.2167664,0.529378602699919
402.3287354,0.546123830708578
402.4407043,0.563566050784763
402.5526733,0.581190069410152
402.6646423,0.596554662226308
402.7766418,0.61293776760347
402.8886414,0.629857245767939
403.0006104,0.648591896538093
403.1126099,0.663794357530606
403.2246399,0.679145855169789
403.3366394,0.694854289823114
403.4486694,0.710892454682752
403.5606689,0.727019815427687
403.672699,0.740864704255827
403.784729,0.758120654447837
403.896759,0.775519941107199
404.0087891,0.793772605257477
404.1208496,0.810346840396173
404.2329102,0.828959231633087
404.3449402,0.847585667842343
404.4570007,0.863446908891544
404.5690613,0.878245160893714
404.6811523,0.892910822809549
404.7932129,0.908176841818399
404.905304,0.917076694451105
405.0173645,0.926680923044315
405.1294556,0.935371208481323
405.2415466,0.943005277681457
405.3536377,0.949441391388439
405.4657593,0.956836106853607
405.5778503,0.966927576574822
405.6899719,0.973805097600702
405.8020935,0.981099279891186
405.9142151,0.988515718750469
406.0263367,0.992859062095303
406.1384583,0.994819619762928
406.2506104,0.995593556838399
406.3627319,0.997518770467172
406.474884,0.999304045125682
406.5870361,0.999347843810139
406.6991882,1
406.8113403,0.998152447320697
406.9235229,0.997753768665383
407.035675,0.994746814185584
407.1478577,0.989684156703765
407.2600403,0.985703867341752
407.3722229,0.981049036747417
407.4844055,0.978081882977539
407.5965881,0.968550542782518
407.7088013,0.961697143072549
407.8209839,0.954811073811837
407.933197,0.94453632086641
408.0454102,0.936299392453906
408.1576233,0.925915417332941
408.2698364,0.919151218628651
408.3820801,0.910970004740388
408.4942932,0.903205180554432
408.6065369,0.896204577918207
408.7187805,0.885631614461019
408.8310242,0.876723295993621
408.9432678,0.868105049455457
409.055542,0.857654255079545
409.1677856,0.846895316011064
409.2800598,0.836474372436632
409.392334,0.827343485992467
409.5046082,0.816072921278076
409.6168823,0.805390574160423
409.7291565,0.794750968867036
409.8414612,0.783769804716819
409.9537354,0.772935216590929
410.06604,0.762782161983793
410.1783447,0.75427328872204
410.2906494,0.745345733906218
410.4029541,0.735956927469506
410.5152893,0.728324370056103
410.627594,0.722008370441031
410.7399292,0.712666644495277
410.8522644,0.705886171384142
410.9645996,0.697819677902288
411.0769348,0.690174699206691
411.18927,0.68074199087848
411.3016052,0.668384050094967
411.4139709,0.661396635327198
411.5263367,0.651748957020031
411.6387024,0.643718701962464
411.7510681,0.637577121350774
411.8634338,0.630835272319013
411.9757996,0.625585354460381
412.0881958,0.6198376675863
412.200592,0.61283434821855
412.3129883,0.604948411555384
412.4253845,0.599201033506762
412.5377808,0.592512553818917
412.650177,0.5888292792903
412.7626038,0.582986698659953
412.875,0.579047147515933
412.9874268,0.578049131455983
413.0998535,0.574279939762429
413.2122803,0.571275479016934
413.324707,0.566656748259595
413.4371643,0.563534272495985
413.5495911,0.560647372563996
413.6620483,0.556083248936202
413.7745056,0.551529047401073
413.8869629,0.550129796137666
413.9994202,0.547238023638634
414.1118774,0.542718089251456
414.2243347,0.539932270113935
414.3368225,0.534777915549247
414.4493103,0.528979181650737
414.5617981,0.521795769429532
414.6742859,0.51678821544342
414.7867737,0.513597233150089
414.8992615,0.509154623718714
415.0117798,0.506714432630069
415.1242981,0.505001786104255
415.2367859,0.503616666036098
415.3493042,0.50244834231208
415.461853,0.499199688676126
415.5743713,0.494457782129142
415.6868896,0.488888734188709
415.7994385,0.484311950793566
415.9119873,0.480412276962149
416.0245361,0.474407571965353
416.137085,0.469982480595985
416.2496338,0.466103186543271
416.3621826,0.462107134963291
416.474762,0.457064161975044
416.5873108,0.451120745863545
416.6998901,0.444672838323083
416.8124695,0.43993117680643
416.9250488,0.435104938901123
417.0376282,0.429988298042395
417.150238,0.424572717317394
417.2628174,0.419730152269883
417.3754272,0.41546593281859
417.4880371,0.411205178332811
417.600647,0.405102219089588
417.7132568,0.400697631678961
417.8258667,0.396932041203071
417.9385071,0.390940168795085
418.0511475,0.385784961652741
418.1637573,0.37869655710267
418.2763977,0.372207803238139
418.3890381,0.365739751882847
418.501709,0.356881725820841
418.6143494,0.350786383877617
418.7269897,0.344117383123545
418.8396606,0.336833511608349
418.9523315,0.330681476008316
419.0650024,0.323998572053601
419.1776733,0.319472273419926
419.2903442,0.313719186873112
419.4030457,0.307984321962419
419.5157166,0.303663526692732
419.628418,0.297418264634918
419.7411194,0.291093382074142
419.8538208,0.285173088521312
419.9665222,0.279735495401313
420.0792236,0.274437776467293
420.1919556,0.268227722412846
420.3046875,0.262551287106696
420.4173889,0.256064201043408
420.5301208,0.250520222003468
420.6428528,0.241218161719149
420.7556152,0.233740729957984
420.8683472,0.225614486083295
420.9810791,0.219803214050527
421.0938416,0.214775858996763
421.206604,0.208735351944377
421.3193665,0.205452884336524
421.4321289,0.199749282819453
421.5448914,0.19676157553524
421.6576843,0.193884419502194
421.7704468,0.189475072554208
421.8832397,0.185113433839488
421.9960327,0.179513520824447
422.1088257,0.176643196175936
422.2216187,0.172036388983754
422.3344116,0.166143669626779
422.4472351,0.161897631392325
422.5600281,0.157092369834443
422.6728516,0.155170736484138
422.785675,0.151229148476946
422.8984985,0.148570480642239
423.011322,0.144748961070726
423.124176,0.140467679441645
423.2369995,0.136157908510207
423.3498535,0.132309568380176
423.4627075,0.129518269134033
423.5755615,0.12367768082041
423.6884155,0.120680820864343
423.8012695,0.118333521454615
423.9141235,0.117030349205291
424.0270081,0.114548087519166
424.1398621,0.111634215092792
424.2527466,0.111759671675002
424.3656311,0.110036738548329
424.4785156,0.109062004352604
424.5914307,0.105267811466778
424.7043152,0.102306444792424
424.8172302,0.099317677556497
424.9301147,0.0957266319245808
425.0430298,0.0931298587275617
425.1559448,0.0890128603701739
425.2688599,0.0862766854125478
425.3818054,0.0847058503844916
425.4947205,0.0829536841898972
425.607666,0.079756238862534
425.7205811,0.0780716200021149
425.8335266,0.0773204162561437
425.9464722,0.0773755112797295
426.0594482,0.0765018925703966
426.1723938,0.076481999485125
426.2853394,0.076952228336519
426.3983154,0.0762799806747977
426.5112915,0.0750955622692587
426.6242676,0.0747942337028848
426.7372437,0.0732245891456107
426.8502197,0.0713384623671809
426.9631958,0.0715536372286373
427.0762024,0.0677268421241703
427.189209,0.0683433333193115
427.3021851,0.0653049942938894
427.4151917,0.0642501890223504
427.5281982,0.0620254915503807
427.6412354,0.0587636851299717
427.7542419,0.0594144768050259
427.8672485,0.0564275415821629
427.9802856,0.0561708998416213
428.0933228,0.0543562754452186
428.2063599,0.0544273900431474
428.319397,0.053968600971123
428.4324341,0.0534919748770783
428.5455017,0.052732045522919
428.6585388,0.052773848970203
428.7716064,0.0534475220328041
428.8846741,0.0530436398314224
428.9977417,0.0521390496662645
429.1108093,0.0532371701690536
429.223877,0.0516586681919809
429.3369751,0.0489274531358889
429.4500427,0.0476433025243011
429.5631409,0.0461183324565751
429.676239,0.0443705412772938
429.7893372,0.041226206314149
429.9024353,0.0394588372941908
430.0155334,0.0390078706749057
430.1286316,0.0357859709403349
430.2417603,0.0358471268364851
430.3548889,0.0360953840101506
430.4680176,0.0356841276261803
430.5811462,0.0359791703460954
430.6942749,0.0357242456085228
430.8074036,0.037222393962998
430.9205627,0.0347833570908331
431.0336914,0.0330630634594405
431.1468506,0.0311548137510678
431.2600098,0.0302198582131437
431.3731689,0.0295044505522623
431.4863281,0.0263488229994351
431.5994873,0.0232151209966214
431.712677,0.021553143303718
431.8258362,0.0197344015170212
431.9390259,0.0175047924504402
432.0522156,0.0152651080937879
432.1654053,0.0141212300178745
432.278595,0.0134913040468092
432.3917847,0.0113211750644586
432.5050049,0.0114155496604711
432.6181946,0.0118187497178014
432.7314148,0.0124028463081898
432.844635,0.0127040864432467
432.9578552,0.0136770877442208
433.0710754,0.0144064598409282
433.1842957,0.0136983012828831
433.2975464,0.0136571663834146
433.4107971,0.0119321159063208
433.5240173,0.0115829626684935
433.6372681,0.0094585901252663
433.7505188,0.00778719915537454
433.8637695,0.00584599265630117
433.9770508,0.00380981298573002
434.0903015,0.00252911165164877
434.2035828,0.000498059416217236
434.3168335,4.16318055433623e-05
434.4301147,0.00126445073594247
434.543396,0.00177996077982265
434.6567078,0.00181326226697067
434.769989,0.00386569484101787
434.8832703,0.00492412882946262
434.996582,0.00570109568368165
435.1098938,0.00542788220386503
435.223175,0.00549555484289517
435.3364868,0.00510388275425617
435.4498291,0.00327960350251954
435.5631409,0.00225798321321087
435.6764526,0.00259559561967226
435.7897949,0.00137555683251309
435.9031372,0
436.0164795,0
436.1298218,0
436.2431641,0
436.3565063,0
436.4698486,0
436.5832214,0
436.6965942,0
436.809967,0
436.9233398,0
437.0367126,6.4601928516408e-05
437.1500854,0.00121760604004013
437.2634583,0.00310944170577003
437.3768616,0.00265052841657989
437.4902649,0.00558910110900936
437.6036682,0.00668981783675051
437.7170715,0.00766367732845667
437.8304749,0.00710841066576293
437.9438782,0.00647640312357814
438.0572815,0.00518540256247019
438.1707153,0.00189321220976883
438.2841492,0
438.3975525,0
438.5109863,0
438.6244202,0
438.7378845,0
438.8513184,0
438.9647827,0
439.0782166,0
439.1916809,0
439.3051453,0
439.4186096,0
439.532074,0.00112631789541075
439.6455688,0.002698534385004
439.7590332,0.00459564366562037
439.8725281,0.005122169548823
439.9860229,0.00376577526058137
440.0995178,0.00276172974044967
440.2130127,0.00202621559646028
440.3265076,0
440.4400024,0
440.5535278,0
440.6670227,0
440.7805481,0
440.8940735,0
441.0075989,0
441.1211243,0
441.2346497,0
441.3482056,0
441.4617615,0
441.5752869,0
441.6888428,0
441.8023987,0.000675515725552858
441.9159546,0.00216867526305129
442.029541,0.00200943428021259
442.1430969,0.00307911812217703
442.2566833,0.00231405831720717
442.3702393,0.00260758177978356
442.4838257,0.000239964717716548
442.5974121,0
442.7109985,0
442.824585,0
442.9382019,0
443.0517883,0
443.1654053,0
443.2790222,0
443.3926392,0
443.5062561,0
443.619873,0.000127516792541225
443.73349,0.00022000220423602
443.8471375,0.00127357857142947
443.9607849,0.00320442354855584
444.0744019,0.00249027064573784
444.1880493,0.002581843024858
444.3016968,0.00207235408711869
444.4153442,0.00320109612262175
444.5290222,0.00193910521480762
444.6426697,0.00037921592181328
444.7563477,0
444.8700256,0
444.9836731,0
445.0973511,0
445.2110596,0
445.3247375,0
445.4384155,0
445.552124,0
445.665802,0
445.7795105,0
445.893219,0
446.0069275,0.00079659979976312
446.1206665,0.000753991209647988
446.234375,0.00167721750085194
446.3480835,0.00193034855432571
446.4618225,0.00167923756189598
446.5755615,0
446.6893005,0
446.8030396,0
446.9167786,0
447.0305176,0
447.1442871,0
447.2580261,0
447.3717957,0
447.4855652,0
447.5993347,0
447.7131042,0
447.8268738,0
447.9406738,0
448.0544434,8.53197533961793e-05
448.1682434,0.00167225748610392
448.2820435,0.00104706214677737
448.3958435,0.00126524781953601
448.5096436,0.00159369551857884
448.6234436,0.00328011794381244
448.7372437,0.00279050798730431
448.8510742,0.00193565161075483
448.9649048,0.00137953718819519
449.0787048,0.000296893235417307
449.1925354,0
449.306366,0
449.4201965,0
449.5340576,0
449.6478882,0
449.7617493,0
449.8755798,0
449.9894409,0
450.103302,0
450.2171631,0
450.3310242,0
450.4449158,0
450.5587769,3.33347558418613e-06
450.6726685,0.000311298751370183
450.7865601,0.00154425675528046
450.9004517,0.0017437728564958
451.0143433,0.00204424495308937
451.1282349,0.00209636945439197
451.2421265,9.38367827666646e-05
451.3560486,0
451.4699402,0
451.5838623,0
451.6977844,0
451.8117065,0
451.9256287,0
452.0395508,0
452.1534729,0
452.2674255,0
452.3813782,0
452.4953003,0.00131991687499008
452.6092529,0.00123310405407101
452.7232056,0.00129217204158222
452.8371582,0.000879433396070116
452.9511414,0
453.065094,0
453.1790771,0
453.2930298,0
453.4070129,0
453.5209961,0
453.6349792,0
453.7489929,0
453.8629761,0
453.9769592,0
454.0909729,0
454.2049866,0
454.3190002,0
454.4330139,0
454.5470276,0
454.6610413,0.000724202471182958
454.7750854,0.00126140703717407
454.8890991,0.00187966695319489
455.0031433,0.00350016226650345
455.1171875,0.0030412525742118
455.2312317,0.00343750082178913
455.3452759,0.00220433765259184
455.4593201,0.00259964784635913
455.5733643,0.0013317951395987
455.687439,0
455.8014832,0
455.9155579,0
456.0296326,0
456.1437073,0
456.257782,0
456.3718567,0.000878664035375072
456.4859619,0.00165089545399141
456.6000366,0.00209068841978869
456.7141418,0.00266823919409642
456.8282471,0.00149250211447605
456.9423523,0.00143519544299288
457.0564575,0
457.1705627,0
457.284668,0.000695975485417391
457.3987732,0.000774765098413227
457.5129089,0.00108812237220766
457.6270447,0.000684133958876223
457.7411804,0.000386156332156153
457.8553162,0
457.9694519,0
458.0835876,0
458.1977234,0
458.3118896,0
458.4260254,0
458.5401917,0
458.6543579,0
458.7685242,0
458.8826904,0
458.9968567,0
459.1110535,0
459.2252197,0
459.3394165,0
459.4536133,0.000241791847148741
459.5677795,0.000276758236155564
459.6820068,0
459.7962036,0
459.9104004,0
460.0245972,0
460.1388245,0
460.2530518,0
460.3672485,0
460.4814758,0
460.5957031,0
460.7099609,0
460.8241882,0
460.9384155,0
461.0526733,0
461.1669312,0.00144158154405518
461.281189,0.00212171871193747
461.3954163,0.0043693267060701
461.5097046,0.0041754164264963
461.6239624,0.00375795849381119
461.7382202,0.00282783220559711
461.8525085,0.000434078406826
461.9667664,0
462.0810547,0
462.195343,0
462.3096313,0
462.4239197,0
462.538208,0
462.6525269,0
462.7668152,0
462.881134,0
462.9954224,0.000596177921403675
463.1097412,0.000381035421567077
463.2240601,0
463.3384094,0
463.4527283,0.000318981001587167
463.5670471,0
463.6813965,0
463.7957153,0
463.9100647,0
464.0244141,0
464.1387634,0
464.2531128,0
464.3674622,0
464.481842,0
464.5961914,0
464.7105713,0
464.8249512,0
464.9393311,0
465.0537109,0
465.1680908,0
465.2824707,0.000169966929523737
465.3968811,0.000685694656237464
465.511261,0
465.6256714,0
465.7400818,0.000214395936290184
465.8544922,0
465.9689026,0
466.083313,0
466.1977234,0
466.3121643,0
466.4265747,0
466.5410156,0
466.6554565,0
466.7698975,0
466.8843384,0
466.9987793,0
467.1132202,0
467.2276917,0
467.3421326,0
467.456604,0
467.5710754,0
467.6855469,0
467.8000183,0.000670344076508167
467.9144897,0.000528938082913834
468.0289612,0.000691905698707576
468.1434631,0.00193896597015096
468.2579346,2.28562241213781e-05
468.3724365,0
468.4869385,0
468.6014404,0
468.7159424,0
468.8304443,0
468.9449463,0
469.0594788,0
469.1739807,0
469.2885132,0
469.4030457,0
469.5175781,0
469.6321106,0.00018737075521048
469.7466431,0.0013368952647366
469.8611755,0.00149306919922612
469.9757385,0.00109494460276891
470.090271,7.99231293674035e-05
470.204834,0
470.319397,0
470.43396,0
470.5485229,0
470.6630859,0
470.7776489,0
470.8922424,0
471.0068054,0
471.1213989,0
471.2359924,0
471.3505859,0
471.4651794,0
471.5797729,0
471.6943665,0
471.80896,0
471.923584,0
472.038208,0
472.1528015,0
472.2674255,0
472.3820496,0
472.4966736,0
472.6113281,0
472.7259521,0
472.8406067,0
472.9552307,0
473.0698853,0
473.1845398,0
473.2991943,0
473.4138489,0
473.5285034,0
473.6431885,0
473.757843,0
473.8725281,0
473.9871826,0
474.1018677,0.00119788221728031
474.2165527,0.0021381777885531
474.3312378,0.000819483093439302
474.4459534,0.000163483879981896
474.5606384,0.000398681406631105
474.6753235,0
474.7900391,0
474.9047546,0
475.0194702,0
475.1341858,0
475.2489014,0
475.3636169,0
475.4783325,0
475.5930786,0
475.7077942,0
475.8225403,0
475.9372864,0
476.0520325,0
476.1667786,0
476.2815247,0
476.3962708,0
476.5110168,0.000430244266741106
476.6257935,0
476.7405701,0.00192123657395647
476.8553162,0
476.9700928,0
477.0848694,0
477.199646,0
477.3144531,0
477.4292297,0
477.5440063,0
477.6588135,0
477.7736206,0
477.8884277,0
478.0032349,0
478.118042,0
478.2328491,0
478.3476563,0
478.4624939,0
478.577301,0
478.6921387,0.000210380751179862
478.8069763,0.00133642928069016
478.921814,0.00120739055654092
479.0366516,0.00153238754236036
479.1514893,0.00128450763795277
479.2663269,0.00121616034940351
479.3811951,0
479.4960327,0
479.6109009,0
479.7257385,0
479.8406067,0
479.9554749,0
480.070343,0
480.1852417,0
480.3001099,0
480.414978,0
480.5298767,0
480.6447754,0
480.7596741,7.60545648472998e-05
480.8745728,0
480.9894714,0
481.1043701,0
481.2192688,0
481.334198,0
481.4490967,0
481.5640259,0
481.6789246,0
481.7938538,0
481.908783,0
482.0237427,0
482.1386719,0
482.2536011,0
482.3685608,0
482.48349,0
482.5984497,0
482.7134094,0
482.8283691,0
482.9433289,0
483.0582886,0
483.1732483,0
483.2882385,0
483.4031982,0
483.5181885,0
483.6331787,0
483.7481689,0
483.8631592,0
483.9781494,0
484.0931396,0
484.2081299,0
484.3231506,0
484.4381409,0
484.5531616,0
484.6681824,0
484.7832031,0
484.8982239,0
485.0132446,0
485.1282654,0.000885093692165745
485.2433167,0.00128948270374134
485.3583374,0.00162072404377067
485.4733887,0.00151692433767334
485.5884399,0.00185898457670325
485.7034607,0.00179108775943131
485.818512,0.000676287256911999
485.9335938,0
486.048645,0
486.1636963,0
486.2787781,0
486.3938293,0
486.5089111,0
486.6239929,0
486.7390442,0
486.854126,0
486.9692383,0
487.0843201,0
487.1994019,0
487.3145142,0
487.4295959,0
487.5447083,2.51664575107175e-05
487.6598206,0
487.7749329,0.00046773079748836
487.8900452,0.0016766060291958
488.0051575,0.00189489192123959
488.1202698,0
488.2354126,0
488.3505249,0
488.4656677,0
488.5808105,0
488.6959229,0
488.8110657,0
488.926239,0
489.0413818,0
489.1565247,0
489.2716675,0
489.3868408,0
489.5020142,0
489.617157,0
489.7323303,0.000110011709148803
489.8475037,0.00128005419095709
489.962677,0.00103274598220126
490.0778809,0.00103961644382479
490.1930542,0.00043674078600745
490.3082581,0
490.4234314,0
490.5386353,0
490.6538391,0
490.7690125,0
490.8842163,0
490.9994507,0
491.1146545,0
491.2298584,0
491.3450928,0
491.4602966,0
491.575531,0
491.6907654,0
491.8059998,0.000408621208496071
491.9212341,0.00159107377606048
492.0364685,0.000902969440780114
492.1517029,0.000663049104442965
492.2669678,0.00262852793454357
492.3822021,6.92101826632748e-05
492.497467,0
492.6127014,0
492.7279663,0
492.8432312,0
492.9584961,0
493.073761,0
493.1890564,0
493.3043213,0
493.4196167,0
493.5348816,0
493.650177,0
493.7654724,0
493.8807678,0
493.9960632,0
494.1113586,0
494.2266541,0
494.34198,0
494.4572754,0
494.5726013,0
494.6878967,0
494.8032227,0
494.9185486,0
495.0338745,0
495.1492004,0
495.2645569,0
495.3798828,0
495.4952393,0
495.6105652,0
495.7259216,0
495.8412781,0
495.9566345,0
496.071991,0
496.1873474,0
496.3027039,0.00131604890400622
496.4180908,0.00202517919336461
496.5334473,0.00243646135674881
496.6488342,0.00326554429061661
496.7642212,0.00117508100185783
496.8795776,0.000625150048217466
496.9949646,0.000100864782707278
497.1103516,0
497.225769,0.000344171980700036
497.341156,0
497.456543,0
497.5719604,0
497.6873474,0
497.8027649,0
497.9181824,0
498.0335999,0
498.1490173,0
498.2644348,0
498.3798523,0
498.4953003,0
498.6107178,0
498.7261658,0
498.8415833,0.00023289755059369
498.9570313,0
499.0724792,0.00114880006384461
499.1879272,0.002519436256521
499.3033752,0.00112692394806638
499.4188538,0
499.5343018,0
499.6497498,0
499.7652283,0
499.8807068,0
499.9961548,0
500.1116333,0
500.2271118,0
500.3425903,0.0002094234738451
500.4580994,0.00114750657334859
500.5735779,0.000894296699643061
500.6890564,0.00141625560255655
500.8045654,0.00217316561927934
500.9200745,0.000383922291742941
501.035553,0
501.151062,0
501.266571,0
501.3820801,0
501.4976196,0
501.6131287,0
501.7286377,0
501.8441772,0
501.9596863,0
502.0752258,0
502.1907654,0
502.3063049,0
502.4218445,0
502.537384,0
502.6529236,0
502.7684937,0
502.8840332,0
502.9996033,0
503.1151733,0
503.2307129,0.00083122711040133
503.346283,0.00177298273773842
503.461853,0.00116461014192158
503.5774231,0.00103135788039891
503.6930237,0
503.8085938,0
503.9241638,0
504.0397644,0
504.155365,0
504.2709351,0
504.3865356,0
504.5021362,0
504.6177368,0
504.7333679,0
504.8489685,0
504.9645691,0
505.0802002,0
505.1958008,0
505.3114319,0.000274401061865131
505.427063,0.00111887166152446
505.5426941,0.00248453878119036
505.6583252,0.00163789035890964
505.7739563,0.00112262753297294
505.8895874,0
506.005249,0
506.1208801,0
506.2365417,0
506.3521729,0
506.4678345,0
506.5834961,0
506.6991577,0
506.8148193,0
506.930481,0
507.0461731,0
507.1618347,0
507.2775269,0
507.3931885,0
507.5088806,0.000214758584528243
507.6245728,0.000243124326878819
507.7402649,0
507.855957,0.000527541800533777
507.9716492,0.000467690885009373
508.0873413,0.00132300792200609
508.203064,0.000662885436093189
508.3187561,0
508.4344788,0
508.5501709,0
508.6658936,0
508.7816162,0
508.8973389,0
509.0130615,0
509.1287842,0
509.2445068,0
509.36026,0
509.4759827,0
509.5917358,0.00142381502358131
509.707489,0.00294181646839627
509.8232117,0.00296564373796504
509.9389648,0.00263864887945334
510.054718,0.00104812221887694
510.1704712,0
510.2862549,0
510.4020081,0
510.5177612,0
510.6335449,0
510.7493286,0
510.8650818,0
510.9808655,0
511.0966492,0
511.2124329,0
511.3282166,0
511.4440308,0
511.5598145,0
511.6755981,0
511.7914124,0.00131831876398064
511.9072266,0.00357631147006164
512.0230103,0.00419276983268324
512.138855,0.00525189392053876
512.2546387,0.00466954593523646
512.3704834,0.00483329397090757
512.4862671,0.00347592177310295
512.6021118,0.00121545079435219
512.7179565,0.00100580594885478
512.8337402,0
512.949585,0
513.0654297,0
513.1812744,0
513.2971191,0
513.4129639,0
513.5288086,0
513.6446533,0
513.760498,0
513.8763428,0.00082786193864416
513.9922485,0.00149827650825007
514.1080933,0.00158087131299075
514.223938,0.00299381985672316
514.3398438,0.0045600260022847
514.4556885,0.00403383406840486
514.5715942,0.00364311600997579
514.687439,0.00300904034142347
514.8033447,0.00275845821907142
514.9191895,0.00306279658210049
515.0350952,0.00199356984342919
515.151001,0.00140129902398022
515.2669067,0.00074120381053089
515.3828125,0.000733939286899393
515.4986572,0
515.614563,0
515.7304688,0
515.8463745,0
515.9623413,0
516.0782471,0.000157764613030585
516.1941528,0.00312544290046745
516.3100586,0.00580063525045469
516.4260254,0.0074727329907251
516.5419312,0.00931267627875343
516.6578369,0.00924197257821449
516.7738037,0.00884244617757168
516.8897095,0.00698733392651606
517.0056763,0.00557706517996292
517.121582,0.00535286474914588
517.2375488,0.00523919166506179
517.3535156,0.0058109093499902
517.4694824,0.00545603688201717
517.5853882,0.0059803676479244
517.701355,0.00492575550578938
517.8173218,0.00479556628328567
517.9332886,0.00523047513084325
518.0492554,0.00517272743829922
518.1652222,0.00590343079723078
518.281189,0.0081690033977448
518.3971558,0.010891345352738
518.5131836,0.0123229718017136
518.6291504,0.0122836069335701
518.7451172,0.0140952358169435
518.861145,0.0150578627444014
518.9771118,0.0133221310576516
519.0930786,0.0124202991324791
519.2091064,0.0120184561520613
519.3251343,0.0119783873477656
519.4411011,0.0112242189751508
519.5571289,0.0113830373772248
519.6730957,0.0124429844393276
519.7891235,0.0128395287435985
519.9051514,0.0132503299237766
520.0211792,0.0139160902017697
520.137207,0.013864219334156
520.2532349,0.0157677840257043
520.3692627,0.0189232391012519
520.4852905,0.0210159200444116
520.6013184,0.0238041408130923
520.7173462,0.0261373382596998
520.833374,0.0294426244202135
520.9494019,0.0287936790784811
521.0654907,0.0304381487004222
521.1815186,0.0312483493833022
521.2975464,0.030991678302915
521.4136353,0.0318407047557845
521.5296631,0.031425906786484
521.645752,0.0329982047903398
521.7618408,0.0314494253005973
521.8778687,0.0334920867571415
521.9939575,0.0337261664679215
522.1100464,0.0351883946530697
522.2260742,0.0365802637823247
522.3421631,0.0390161628993907
522.458252,0.041174189829436
522.5743408,0.0420752975235928
522.6904297,0.0457399351954221
522.8065186,0.0484393930397533
522.9226074,0.0508877410362371
523.0386963,0.0527998146993852
523.1547852,0.0557792509897265
523.2709351,0.0595367104702189
523.3870239,0.0617774634713738
523.5031128,0.0624370000937308
523.6192627,0.0648130419469504
523.7353516,0.0656906417744895
523.8514404,0.0684690014199466
523.9675903,0.0685870026510768
524.0836792,0.0684564741893726
524.1998291,0.0700541128989906
524.315979,0.0713457384669191
524.4320679,0.0730476582842503
524.5482178,0.0718578742939789
524.6643677,0.0741188507660148
524.7805176,0.0774322428899551
524.8966675,0.0785936966417647
525.0128174,0.081431707985632
525.1289673,0.0854705897022953
525.2451172,0.0923747456614704
525.3612671,0.0963975053736742
525.477417,0.100489924283263
525.5935669,0.104993005570999
525.7097168,0.107043983737596
525.8259277,0.108837949278775
525.9420776,0.109572414908045
526.0582275,0.111394395655505
526.1744385,0.112368174637467
526.2905884,0.114035233773878
526.4067993,0.115888666574446
526.5229492,0.118004779761078
526.6391602,0.120711973202402
526.7553711,0.123241895996747
526.871521,0.126663964466021
526.9877319,0.130973752793344
527.1039429,0.135928455526656
527.2201538,0.141403982081088
527.3363037,0.145088650279892
527.4525146,0.149568653856155
527.5687256,0.154552681486542
527.6849365,0.158153034336418
527.8012085,0.16274082371271
527.9174194,0.166108959819235
528.0336304,0.169863506890571
528.1498413,0.172053794108811
528.2660522,0.173583852270612
528.3823242,0.177327398947679
528.4985352,0.179602030655374
528.6147461,0.182126175314529
528.7310181,0.18611354157732
528.847229,0.189289167714737
528.963501,0.194283376694111
529.0797729,0.198514036188033
529.1959839,0.201470554626883
529.3122559,0.207042213551395
529.4285278,0.211504376127472
529.5447388,0.218129278205859
529.6610107,0.223933333431241
529.7772827,0.229568226301896
529.8935547,0.235694098353844
530.0098267,0.24007388470892
530.1260986,0.243582943551738
530.2423706,0.246778426870954
530.3586426,0.249370572765898
530.4749146,0.251271263853522
530.5912476,0.25385252731031
530.7075195,0.256129119533515
530.8237915,0.258088225344122
530.9401245,0.260952708178486
531.0563965,0.263819527690213
531.1726685,0.265909766708724
531.2890015,0.269295026797554
531.4052734,0.274535905663261
531.5216064,0.279203067896641
531.6379395,0.283265576048856
531.7542114,0.286367808081152
531.8705444,0.293234672219911
531.9868774,0.296964583464995
532.1032104,0.297650126641327
532.2194824,0.298689063139274
532.3358154,0.301420276940414
532.4521484,0.306485967351045
532.5684814,0.305250135958334
532.6848145,0.306927880237561
532.8011475,0.310324835757431
532.9175415,0.313793717002453
533.0338745,0.314376282393778
533.1502075,0.313187205360722
533.2665405,0.314484616901988
533.3829346,0.315844490843802
533.4992676,0.316003448891234
533.6156006,0.316862683412327
533.7319946,0.317425648126398
533.8483276,0.319986060188129
533.9647217,0.324383584409375
534.0810547,0.326829749919582
534.1974487,0.329653428900347
534.3138428,0.331664592966018
534.4301758,0.335264790541518
534.5465698,0.336260330461866
534.6629639,0.337215265092758
534.7793579,0.337107726992543
534.895752,0.337493027202347
535.012146,0.337094496779233
535.12854,0.336366617956694
535.2449341,0.336100576583634
535.3613281,0.335517421814634
535.4777222,0.336759431230676
535.5941162,0.336282603700748
535.7105103,0.335758731140424
535.8269653,0.336917396127952
535.9433594,0.338929454055748
536.0597534,0.339941245095574
536.1762085,0.340476972866481
536.2926025,0.342657758638531
536.4090576,0.345011319911433
536.5254517,0.345676544508927
536.6419067,0.344838883178629
536.7583618,0.344856913976207
536.8747559,0.345667038454109
536.9912109,0.344958085798368
537.107666,0.346475535508876
537.2241211,0.348529059705161
537.3405151,0.350214213484004
537.4569702,0.3489105839433
537.5734253,0.347973238266835
537.6898804,0.347203034109557
537.8063354,0.345197950461555
537.9227905,0.343209292572482
538.0393066,0.341033918530964
538.1557617,0.343909775316308
538.2722168,0.346206981999213
538.3886719,0.347830804028513
538.505127,0.349963232246097
538.6216431,0.351439856805284
538.7380981,0.355135189617826
538.8546143,0.356736959335958
538.9710693,0.35500711125014
539.0875854,0.356474973238374
539.2040405,0.356223812092136
539.3205566,0.356557620368974
539.4370728,0.355147566410099
539.5535278,0.35203199900885
539.6700439,0.350582433435846
539.7865601,0.348455072321812
539.9030762,0.347665559227246
540.0195313,0.346174837604406
540.1360474,0.346460122096476
540.2525635,0.34495288662114
540.3690796,0.347296957785428
540.4855957,0.346399747603945
540.6021729,0.34838590593948
540.718689,0.349368247683038
540.8352051,0.349768233626866
540.9517212,0.352009609212095
541.0682373,0.354273668764192
541.1848145,0.357404759687887
541.3013306,0.357353669849812
541.4179077,0.356949030503667
541.5344238,0.35707977930601
541.6509399,0.357726249305167
541.7675171,0.355307670450898
541.8840942,0.355545551322269
542.0006104,0.35594135433015
542.1171875,0.356412993629016
542.2337646,0.355013431118419
542.3502808,0.353917016463758
542.4668579,0.354075283249552
542.5834351,0.353341636398474
542.7000122,0.354674221180826
542.8165894,0.355970074090976
542.9331665,0.359298479116009
543.0497437,0.361086108821251
543.1663208,0.361785128061357
543.2828979,0.361718253043388
543.3994751,0.36015104831695
543.5160522,0.359273478053924
543.6326904,0.357435923584343
543.7492676,0.356466727105509
543.8658447,0.358298955726265
543.9824829,0.358730367311119
544.0990601,0.357849606186213
544.2156372,0.359269505487273
544.3322754,0.359615984028812
544.4488525,0.359404005167446
544.5654907,0.357630545792599
544.6821289,0.357048517328179
544.7987061,0.357765984261552
544.9153442,0.357648733211016
545.0319824,0.357634332142621
545.1486206,0.359175392568917
545.2651978,0.360437049002334
545.3818359,0.36164916158184
545.4984741,0.364473544987236
545.6151123,0.364867076653866
545.7317505,0.365460740121677
545.8483887,0.365427722329146
545.9650269,0.365465268347612
546.0817261,0.367092594298416
546.1983643,0.363819818097588
546.3150024,0.363457512876777
546.4316406,0.362166104908623
546.5483398,0.361848194675025
546.664978,0.361407609576223
546.7816162,0.358486365754493
546.8983154,0.360376301244313
547.0149536,0.359910855567474
547.1316528,0.363317056346339
547.248291,0.364432580658546
547.3649902,0.365427558976477
547.4816895,0.368413887821824
547.5983276,0.369527344595602
547.7150269,0.370532702699457
547.8317261,0.369353362133446
547.9484253,0.37092526040025
548.0650635,0.370847953406024
548.1817627,0.370943847982376
548.2984619,0.368812313582872
548.4151611,0.369403168250684
548.5318604,0.368276086987994
548.6485596,0.366404104739209
548.7652588,0.366176580407625
548.882019,0.364049005838216
548.9987183,0.364878333453161
549.1154175,0.364165366933519
549.2321167,0.365185451244045
549.348877,0.366168908679838
549.4655762,0.366666748486229
549.5822754,0.36924869254638
549.6990356,0.370048240348759
549.8157349,0.37244272178597
549.9324951,0.372504803806313
550.0491943,0.371705061643438
550.1659546,0.372345662240796
550.2827148,0.371992576628528
550.3994141,0.372004337789585
550.5161743,0.370822089609439
550.6329346,0.370889107438346
550.7496948,0.370598862758626
550.8664551,0.370023612731063
550.9831543,0.367088577997841
551.0999146,0.366569405331207
551.2166748,0.365622831442771
551.3334351,0.364614612025834
551.4502563,0.36515144031818
551.5670166,0.365266955673445
551.6837769,0.369562020956475
551.8005371,0.370581193444295
551.9172974,0.372947975716117
552.0340576,0.374637477884254
552.1508789,0.376310799155195
552.2676392,0.375671618582647
552.3844604,0.374603970828603
552.5012207,0.374049989377755
552.617981,0.37250407284859
552.7348022,0.373226153135186
552.8516235,0.371338386707232
552.9683838,0.371819826466363
553.0852051,0.371116739790611
553.2020264,0.370015834017748
553.3187866,0.370510727777993
553.4356079,0.369726583384914
553.5524292,0.368979251816499
553.6692505,0.369016102049647
553.7860718,0.368935670387691
553.902832,0.371165968135833
554.0196533,0.370657249779157
554.1364746,0.369490025368943
554.2533569,0.372402780819596
554.3701782,0.37320272897599
554.4869995,0.373370485832661
554.6038208,0.372766967118651
554.7206421,0.372382130956413
554.8374634,0.37273376856213
554.9543457,0.370750956202467
555.071167,0.370311106113084
555.1879883,0.369629109996192
555.3048706,0.368259123288699
555.4216919,0.367614506700875
555.5385742,0.367027320381186
555.6553955,0.368550773066627
555.7722778,0.36780413242024
555.8890991,0.369356515341288
556.0059814,0.37191858191128
556.1228638,0.372611173124166
556.2397461,0.374451815207149
556.3565674,0.373932370741304
556.4734497,0.373961151801097
556.590332,0.37261087530683
556.7072144,0.370939689430451
556.8240967,0.373285106091008
556.940979,0.371210643193657
557.0578613,0.369928714538438
557.1747437,0.369569199632144
557.291626,0.371076796326527
557.4085083,0.371572904682221
557.5253906,0.369777672123283
557.642334,0.371694476062094
557.7592163,0.369860364722445
557.8760986,0.37101430882045
557.992981,0.370008490719456
558.1099243,0.36896757952358
558.2268066,0.3691289558962
558.34375,0.369935332444021
558.4606323,0.373003240164633
558.5775757,0.371891812854568
558.694458,0.372523442891746
558.8114014,0.37377165014031
558.9283447,0.373904080776576
559.0452271,0.371987399166943
559.1621704,0.371566070895639
559.2791138,0.371947467841272
559.3960571,0.37133342278533
559.5129395,0.372168631849726
559.6298828,0.372453693791517
559.7468262,0.372256481100637
559.8637695,0.37240708830452
559.9807129,0.372272468599321
560.0976563,0.371210940495248
560.2145996,0.369346681599875
560.331543,0.368150736728984
560.4485474,0.368103972753005
560.5654907,0.368080176504262
560.6824341,0.368954943232076
560.7993774,0.371436620812548
560.9163818,0.373328793551409
561.0333252,0.374760871825132
561.1502686,0.377113904259485
561.2672729,0.376974055590761
561.3842163,0.377037228835966
561.5012207,0.374435482433098
561.6181641,0.372025384728865
561.7351685,0.371673812263709
561.8521729,0.368971239603054
561.9691162,0.367732572240445
562.0861206,0.366718881228215
562.203125,0.367008034466297
562.3200684,0.366402697848914
562.4370728,0.364566732524895
562.5540771,0.364208666305664
562.6710815,0.366351643621896
562.7880859,0.365572211505432
562.9050903,0.368714006981689
563.0220947,0.371233275784848
563.1390991,0.371595273045048
563.2561035,0.372741824331272
563.3731079,0.372320978932195
563.4901123,0.374172941840276
563.6071777,0.371492077328922
563.7241821,0.369203816315853
563.8411865,0.368532383092885
563.9581909,0.36752914902039
564.0752563,0.365475117431721
564.1922607,0.36394496314858
564.3093262,0.362956370316126
564.4263306,0.363373287506557
564.543396,0.362176234422145
564.6604004,0.360624555309235
564.7774658,0.361783420493031
564.8944702,0.362032616892168
565.0115356,0.364211806049159
565.1286011,0.364605722016987
565.2456055,0.367141386841343
565.3626709,0.36995100402472
565.4797363,0.369869829103036
565.5968018,0.370342333634914
565.7138672,0.369538530301759
565.8309326,0.370608437285357
565.947998,0.371041762124888
566.0650635,0.371367161462863
566.1821289,0.370207802810165
566.2991943,0.371754341344434
566.4162598,0.369532951531217
566.5333252,0.367294403494298
566.6503906,0.366558309945387
566.7674561,0.365298300977708
566.8845825,0.364034161513353
567.0016479,0.36094912195677
567.1187134,0.361684867666591
567.2358398,0.363716390551637
567.3529053,0.363204116587901
567.4699707,0.363774241000519
567.5870972,0.368147423038501
567.7041626,0.369717258421497
567.8212891,0.370485538367844
567.9384155,0.370104537790125
568.055481,0.369820231484631
568.1726074,0.369849953815782
568.2897339,0.366960250399662
568.4067993,0.367196256851185
568.5239258,0.367710252518227
568.6410522,0.367336211963115
568.7581787,0.367261640672497
568.8753052,0.365898143568967
568.9924316,0.365610099504258
569.1095581,0.36448265949667
569.2266846,0.362235725474292
569.343811,0.360807894706279
569.4609375,0.359528784938991
569.578064,0.359895248378842
569.6951904,0.360785981562461
569.8123169,0.360637149704831
569.9294434,0.36299375107685
570.0466309,0.364743685444546
570.1637573,0.36608439613205
570.2808838,0.366479174790061
570.3980713,0.364926822723591
570.5151978,0.363847085029612
570.6323853,0.362214376091956
570.7495117,0.361647678661117
570.8666992,0.361671024688358
570.9838257,0.360829258192621
571.1010132,0.361389206341112
571.2181396,0.361300030418276
571.3353271,0.362160413135468
571.4525146,0.361074036367692
571.5696411,0.358941592907207
571.6868286,0.358780395861657
571.8040161,0.359828352423236
571.9212036,0.360377067405553
572.0383911,0.35986351250615
572.1555786,0.362602653847105
572.2727661,0.36335995414194
572.3899536,0.362949380493292
572.5071411,0.361616602987958
572.6243286,0.362300753377665
572.7415161,0.360713325274074
572.8587036,0.357309754486853
572.9758911,0.356011029468072
573.0930786,0.355348246716676
573.2102661,0.355249412889723
573.3275146,0.355887903329774
573.4447021,0.357189505076835
573.5618896,0.356948371427266
573.6791382,0.358186199809817
573.7963257,0.358243382603336
573.9135742,0.356356997345467
574.0307617,0.354811147410984
574.1480103,0.353642982016636
574.2651978,0.354187449977916
574.3824463,0.354941689857953
574.4996338,0.355147728043385
574.6168823,0.355808053758153
574.7341309,0.356510357312683
574.8513794,0.35688872559381
574.9685669,0.355379136518873
575.0858154,0.354523175832976
575.203064,0.35361019573619
575.3203125,0.354931339128446
575.437561,0.354051049951605
575.5548096,0.353013277987897
575.6720581,0.353614169914314
575.7893066,0.352490477477699
575.9065552,0.352353222187703
576.0238037,0.349468579578262
576.1410522,0.347442372441467
576.2583008,0.34629387503309
576.3755493,0.344869337520696
576.4928589,0.344761475641562
576.6101074,0.344544765112215
576.727356,0.345989018513468
576.8446045,0.34701037199227
576.9619141,0.347744744819837
577.0791626,0.348519193071258
577.1964722,0.347631163555848
577.3137207,0.346202951742156
577.4310303,0.344691891330599
577.5482788,0.342859537676276
577.6655884,0.340950155204813
577.7828369,0.339320257674709
577.9001465,0.339366715236375
578.0174561,0.338006236698267
578.1347046,0.336720616228428
578.2520142,0.335103292136925
578.3693237,0.336036199719673
578.4866333,0.335899977723297
578.6039429,0.333822374656104
578.7212524,0.332187248919453
578.838501,0.333374240011426
578.9558105,0.334879206588403
579.0731201,0.333743639935588
579.1904297,0.334148595218943
579.3078003,0.333661267369974
579.4251099,0.33477860200394
579.5424194,0.33529617257887
579.659729,0.334088017610661
579.7770386,0.333163144724436
579.8943481,0.33078619047688
580.0117188,0.331753564635008
580.1290283,0.331486917998269
580.2463379,0.327789980399994
580.3637085,0.326953414077599
580.4810181,0.326501581067375
580.5983276,0.325113749346253
580.7156982,0.323300006307745
580.8330078,0.323618358687119
580.9503784,0.322902933238418
581.067749,0.323954710295958
581.1850586,0.323990713663292
581.3024292,0.326643097264787
581.4197388,0.327765368935438
581.5371094,0.327236057941392
581.65448,0.328935468437409
581.7718506,0.327445432880151
581.8891602,0.326229097356591
582.0065308,0.323878006124472
582.1239014,0.322120784039044
582.241272,0.319995603676655
582.3586426,0.317346753176188
582.4760132,0.316521401362591
582.5933838,0.314957727500676
582.7107544,0.315338085490797
582.828125,0.314599310918585
582.9454956,0.315235789744196
583.0628662,0.316085592770425
583.1802979,0.315583423447307
583.2976685,0.316294735427041
583.4150391,0.314670216928694
583.5324097,0.313887781925361
583.6498413,0.314419373173912
583.7672119,0.312832554611773
583.8845825,0.312497884136776
584.0020142,0.312120242620294
584.1193848,0.311500703937104
584.2368164,0.311952941535104
584.354187,0.310403034412753
584.4716187,0.309809005801044
584.5889893,0.307313937318264
584.7064209,0.305755511562016
584.8237915,0.306040199075846
584.9412231,0.30331790042322
585.0586548,0.301953510479408
585.1760864,0.30026423920255
585.293457,0.300942831405071
585.4108887,0.300277194053893
585.5283203,0.298516226622127
585.645752,0.298876233695868
585.7631836,0.29905711387698
585.8806152,0.299461792513023
585.9980469,0.298360329473783
586.1154785,0.297105863194702
586.2329102,0.297517267350214
586.3503418,0.297806600352972
586.4677734,0.296271037674396
586.5852051,0.295768980510414
586.7026367,0.293273207000289
586.8200684,0.292769452474869
586.937561,0.289609504294331
587.0549927,0.286472486390424
587.1724243,0.283339469081611
587.289856,0.282074279633266
587.4073486,0.284072648300567
587.5247803,0.28264027243859
587.6422729,0.283093763081526
587.7597046,0.283108417337793
587.8771973,0.283705392212396
587.9946289,0.283550466541451
588.1121216,0.28234611334782
588.2295532,0.282325953737267
588.3470459,0.282118000280909
588.4644775,0.280716787322136
588.5819702,0.280556129740626
588.6994629,0.278937679601764
588.8169556,0.276722870225717
588.9343872,0.274652068051178
589.0518799,0.273506650207625
589.1693726,0.273735914354933
589.2868652,0.272134970401172
589.4043579,0.271726347070722
589.5218506,0.270444075485116
589.6393433,0.270868053827935
589.7568359,0.269523663892984
589.8743286,0.268242429399704
589.9918213,0.268911919037735
590.109314,0.268791286127604
590.2268066,0.268527052723025
590.3442993,0.269094246809308
590.461792,0.267837439747431
590.5792847,0.266572742912489
590.6968384,0.265375298897942
590.8143311,0.2636047969255
590.9318237,0.262924962139652
591.0493774,0.260529659593197
591.1668701,0.261010981110558
591.2843628,0.25997984095807
591.4019165,0.258178674223221
591.5194092,0.256964555026676
591.6369629,0.256801167417556
591.7544556,0.255179627465505
591.8720093,0.254090942523462
591.989563,0.25308264276232
592.1070557,0.253155801323554
592.2246094,0.252858124919652
592.3421021,0.251487910187329
592.4596558,0.251177256898311
592.5772095,0.248999247138678
592.6947632,0.249734109858397
592.8123169,0.24919689768323
592.9298096,0.248839528353712
593.0473633,0.246493292234208
593.164917,0.24553628096982
593.2824707,0.244296992170586
593.4000244,0.243095167554822
593.5175781,0.241441788665061
593.6351318,0.240660013066263
593.7526855,0.240106807131065
593.8702393,0.239532213514575
593.987793,0.239054858166363
594.1053467,0.236268635573791
594.2229614,0.233100744329364
594.3405151,0.230352200135281
594.4580688,0.229573081781239
594.5756226,0.227856414526333
594.6932373,0.226381730005218
594.810791,0.225939955954923
594.9283447,0.226359850512114
595.0459595,0.22586641720098
595.1635132,0.224334935443288
595.2811279,0.222272044401133
595.3986816,0.220604140344245
595.5162964,0.217263807642525
595.6338501,0.214701636254565
595.7514648,0.212519024461105
595.8690186,0.211371071875182
595.9866333,0.210615387662828
596.104248,0.209875239131366
596.2218018,0.209978332976332
596.3394165,0.209196525520144
596.4570313,0.205952194729409
596.574585,0.204401799539396
596.6921997,0.201431242715977
596.8098145,0.198811085243141
596.9274292,0.196357529290685
597.0450439,0.195176004913326
597.1626587,0.195600060243488
597.2802734,0.194065212348284
597.3978882,0.195006192444095
597.5155029,0.193858441133804
597.6331177,0.195003314360901
597.7507324,0.191523055727618
597.8683472,0.189716244136043
597.9859619,0.187825591424428
598.1035767,0.185709468080626
598.2212524,0.183052823988177
598.3388672,0.179460940933449
598.4564819,0.178647146690896
598.5740967,0.175626528434754
598.6917725,0.17645679878258
598.8093872,0.173806724760503
598.927002,0.173440754114468
599.0446777,0.172004812257541
599.1622925,0.170631229239767
599.2799683,0.170715791895748
599.397583,0.167947221297252
599.5152588,0.167471734388314
599.6328735,0.16720938753952
599.7505493,0.166469142901163
599.8681641,0.165261232683953
599.9858398,0.164005996053233
600.1035156,0.164027081533192
600.2211304,0.162775495034008
600.3388062,0.161365575895817
600.4564819,0.160881150451557
600.5741577,0.160865003084795
600.6917725,0.160957487320614
600.8094482,0.158688348029289
600.927124,0.157629711544844
601.0447998,0.15948303715098
601.1624756,0.157179185941601
601.2801514,0.155670573218504
601.3978271,0.153379153911675
601.5155029,0.151406514613956
601.6331787,0.151166469300521
601.7508545,0.148520768544629
601.8685303,0.148952900114463
601.9862061,0.149740292808191
602.1038818,0.150106195246078
602.2216187,0.151147098453149
602.3392944,0.150202223294763
602.4569702,0.148441043765345
602.574646,0.146848288102904
602.6923828,0.144736493350108
602.8100586,0.144388813653875
602.9277344,0.141752247774466
603.0454712,0.14184352680467
603.163147,0.141121278608704
603.2808838,0.140922329625187
603.3985596,0.142754813564294
603.5162964,0.140735258780298
603.6339722,0.140665913968103
603.751709,0.138446494783431
603.8693848,0.138358786794046
603.9871216,0.139775373202094
604.1047974,0.138714535838042
604.2225342,0.14085219532156
604.340271,0.140924534161492
604.4580078,0.141234353782295
604.5756836,0.14275803139275
604.6934204,0.143170214607537
604.8111572,0.142892002149988
604.928894,0.141295629555974
605.0466309,0.142720372942181
605.1643066,0.143460482201864
605.2820435,0.140703720613251
605.3997803,0.138753241042776
605.5175171,0.138300523744982
605.6352539,0.139445527104275
605.7529907,0.138014131795635
605.8707275,0.137317578015293
605.9884644,0.139789444359176
606.1062622,0.141021428135648
606.223999,0.141322675647999
606.3417358,0.141365694791324
606.4594727,0.141595020540832
606.5772095,0.141547275025428
606.6950073,0.139643172597793
606.8127441,0.138116636125178
606.930481,0.136988964422281
607.0482178,0.136907843801972
607.1660156,0.138508174370309
607.2837524,0.138614781921084
607.4015503,0.139232789538998
607.5192871,0.140859140762591
607.6370239,0.141050371351949
607.7548218,0.140829147660327
607.8725586,0.139239890497957
607.9903564,0.13939199817009
608.1081543,0.138710728603098
608.2258911,0.138408927866169
608.343689,0.139134021267374
608.4614868,0.1386830148108
608.5792236,0.140007812386297
608.6970215,0.14005031688269
608.8148193,0.14101308084463
608.9325562,0.139262543582699
609.050354,0.139356461210023
609.1681519,0.14011411266443
609.2859497,0.13941029119435
609.4037476,0.140512858592968
609.5215454,0.141569662928418
609.6393433,0.142892708913231
609.7570801,0.142820864224589
609.8748779,0.143686350122922
609.9926758,0.144394489629011
610.1105347,0.145084231047735
610.2283325,0.144526472959154
610.3461304,0.145485772094743
610.4639282,0.147235916099903
610.5817261,0.147074137745951
610.6995239,0.148380836812587
610.8173218,0.148798405264986
610.9351196,0.148216604292621
611.0529785,0.148959252983245
611.1707764,0.149472088944859
611.2885742,0.151504317604659
611.4064331,0.152147723837412
611.524231,0.153524127789668
611.6420288,0.155642901869633
611.7598877,0.156324750074287
611.8776855,0.157068687197267
611.9955444,0.157386250420195
612.1133423,0.158718499067928
612.2312012,0.16026901424327
612.348999,0.163307111056485
612.4668579,0.164925015439205
612.5846558,0.166591431297852
612.7025146,0.167434402894144
612.8203125,0.168663342641362
612.9381714,0.17074172603739
613.0560303,0.172785492369695
613.1738892,0.175912016751783
613.291687,0.178740938070306
613.4095459,0.181121014252869
613.5274048,0.183720172702658
613.6452637,0.184321207022456
613.7630615,0.186157092427147
613.8809204,0.188181013284056
613.9987793,0.189552208417456
614.1166382,0.19265400141246
614.2344971,0.193950436269125
614.352356,0.196879773037717
614.4702148,0.197612632495889
614.5880737,0.198783937783688
614.7059326,0.201756338473963
614.8237915,0.202858000133803
614.9416504,0.20593914373208
615.0595093,0.209845474153854
615.1774292,0.214577590819458
615.2952881,0.218944274215069
615.413147,0.222360501416193
615.5310059,0.227354535872023
615.6488647,0.230930439074528
615.7667847,0.233175259602643
615.8846436,0.234615820539963
616.0025024,0.237358449161395
616.1204224,0.23972684999268
616.2382813,0.24241029400283
616.3561401,0.24713077174985
616.4740601,0.250050731792848
616.5919189,0.253878334361369
616.7098389,0.25868992146271
616.8276978,0.261477052607849
616.9456177,0.265687127584816
617.0634766,0.268122763241825
617.1813965,0.272759846502866
617.2992554,0.276058582222575
617.4171753,0.279038358676314
617.5350952,0.283793753735519
617.6529541,0.2866735421976
617.770874,0.290644428787229
617.8887939,0.294131561481153
618.0067139,0.299241822068766
618.1245728,0.3032776360862
618.2424927,0.308181021762786
618.3604126,0.312507515230642
618.4783325,0.31688755538649
618.5962524,0.320647632671705
618.7141724,0.324030822930311
618.8320313,0.327046597928905
618.9499512,0.332153179777095
619.0678711,0.334999350125743
619.185791,0.338771874377198
619.3037109,0.344540737041756
619.4216309,0.347472167111364
619.5395508,0.351560637074559
619.6575317,0.353781982914744
619.7754517,0.358998773935062
619.8933716,0.364073691154316
620.0112915,0.368436132584133
620.1292114,0.376623645476122
620.2471313,0.383289771027612
620.3651123,0.3885786224807
620.4830322,0.393186038539065
620.6009521,0.398368306435487
620.7188721,0.402622813718185
620.836853,0.406023905810145
620.9547729,0.40918343509703
621.0726929,0.415213161686069
621.1906738,0.421777140465883
621.3085938,0.426317853228698
621.4265747,0.431070184349991
621.5444946,0.435170103186255
621.6624756,0.440457710644799
621.7803955,0.444592637599865
621.8983765,0.447981150862439
622.0162964,0.454354303306933
622.1342773,0.45963027581975
622.2521973,0.467711091273511
622.3701782,0.475065477511023
622.4881592,0.481131018644216
622.6060791,0.488769964340348
622.7240601,0.496285998928584
622.842041,0.502638431016738
622.960022,0.50759492135349
623.0779419,0.513190201066279
623.1959229,0.519417695538421
623.3139038,0.525366871822985
623.4318848,0.528753163542856
623.5498657,0.53631242309545
623.6678467,0.542431979772367
623.7858276,0.547371284617871
623.9037476,0.555475663485563
624.0217285,0.563560561861698
624.1397095,0.569868786293197
624.2576904,0.575210307866478
624.3756714,0.581987192180929
624.4937134,0.589905181134397
624.6116943,0.596557038197187
624.7296753,0.601920461716425
624.8476563,0.610733014744685
624.9656372,0.618337124114609
625.0836182,0.624906385567872
625.2015991,0.633386685658139
625.3196411,0.639186449268904
625.4376221,0.647505383757419
625.555603,0.652992288945429
625.673584,0.66007854221572
625.791626,0.668552595866002
625.9096069,0.674560773819232
626.0275879,0.682064871329244
626.1456299,0.687213882927809
626.2636108,0.693975601108707
626.3815918,0.700866576803008
626.4996338,0.708702063074834
626.6176147,0.716760876036309
626.7356567,0.724841166033604
626.8536377,0.734893119462816
626.9716797,0.746157754944181
627.0896606,0.754431638084149
627.2077026,0.76158129832233
627.3257446,0.769918247694125
627.4437256,0.775975948134036
627.5617676,0.78290373909241
627.6798096,0.788771048780585
627.7977905,0.795309534894542
627.9158325,0.802957816210981
628.0338745,0.808772162735411
628.1518555,0.81568626203966
628.2698975,0.820095847466872
628.3879395,0.824388745718973
628.5059814,0.833072756104487
628.6240234,0.839416570917115
628.7420044,0.84614988927818
628.8600464,0.853709026533611
628.9780884,0.861275526552499
629.0961304,0.868886689258704
629.2141724,0.874274452160039
629.3322144,0.881347180221715
629.4502563,0.888182966851562
629.5682983,0.89434160900009
629.6863403,0.902665786718709
629.8043823,0.9103878359699
629.9224243,0.916914728518895
630.0404663,0.921319703848201
630.1585693,0.926954369663949
630.2766113,0.931708971088984
630.3946533,0.933338096656524
630.5126953,0.935024293856552
630.6307373,0.936818049839624
630.7487793,0.937781952345635
630.8668823,0.939787225999499
630.9849243,0.943015455356876
631.1029663,0.946993597882506
631.2210693,0.949662694860514
631.3391113,0.953411908135004
631.4571533,0.959296162305957
631.5752563,0.964174281702387
631.6932983,0.970485681287315
631.8113403,0.976201033665957
631.9294434,0.980922808308757
632.0474854,0.987556872230001
632.1655884,0.99054052266399
632.2836304,0.991163177319276
632.4017334,0.989858283036077
632.5197754,0.988753512202535
632.6378784,0.989571093889013
632.7559814,0.986860878652358
632.8740234,0.984186749293051
632.9921265,0.981807575239944
633.1101685,0.9783572811191
633.2282715,0.972978289769507
633.3463745,0.968948479211749
633.4644775,0.965075729161647
633.5825195,0.961482472277817
633.7006226,0.959003835191889
633.8187256,0.954997815873158
633.9368286,0.951580560035139
634.0548706,0.945559436272945
634.1729736,0.938871966459715
634.2910767,0.932791153233046
634.4091797,0.923925629874009
634.5272827,0.915483375737151
634.6453857,0.908703702444466
634.7634888,0.898777793954188
634.8815918,0.888716545622575
634.9996948,0.875417362129363
635.1177979,0.863631129437049
635.2359009,0.852090992086617
635.3540039,0.839764574262108
635.4721069,0.830640449807333
635.59021,0.81671363675064
635.708313,0.808138669414404
635.826416,0.796325810339014
635.944519,0.785324477402092
636.0626221,0.772209437118771
636.1807861,0.757707268484986
636.2988892,0.747587869947306
636.4169922,0.735505753091748
636.5350952,0.723069820225682
636.6532593,0.710547523721013
636.7713623,0.695978113165608
636.8894653,0.678302602137991
637.0075684,0.665642082312068
637.1257324,0.649826685296826
637.2438354,0.636049571355179
637.3619995,0.62402493334162
637.4801025,0.611142977646903
637.5982056,0.603039194835972
637.7163696,0.587538315840997
637.8344727,0.574599879202794
637.9526367,0.563838962493751
638.0707397,0.54962429097821
638.1889038,0.538402637398596
638.3070068,0.526457236627414
638.4251709,0.516184112618729
638.5432739,0.505155318670879
638.661438,0.492159053125392
638.7796021,0.481049636446806
638.8977051,0.470378302277246
639.0158691,0.459449445350519
639.1340332,0.448917876209164
639.2521362,0.438084905916206
639.3703003,0.426065363820662
639.4884644,0.411478117090748
639.6066284,0.398149731391283
639.7247314,0.386135274295655
639.8428955,0.373054912072701
639.9610596,0.362360118391152
640.0792236,0.351805491198719
640.1973877,0.343339360100273
640.3154907,0.33620733673885
640.4336548,0.327989269752358
640.5518188,0.322042441166541
640.6699829,0.315283041908341
640.788147,0.308570987857432
640.906311,0.303314234504229
641.0244751,0.295251737964269
641.1426392,0.289491642753699
641.2608032,0.280313813632667
641.3789673,0.271460422594161
641.4971313,0.26272511849528
641.6152954,0.254045706465971
641.7334595,0.248389967160537
641.8516235,0.240372566030738
641.9698486,0.235533902386211
642.0880127,0.229752475926146
642.2061768,0.224605893845086
642.3243408,0.218177409431698
642.4425049,0.210722755448414
642.5606689,0.205393252045063
642.678894,0.199434845997951
642.7970581,0.194320895350106
642.9152222,0.191068272837717
643.0334473,0.18903481630838
643.1516113,0.187342093107749
643.2697754,0.183541629274962
643.3880005,0.180020006033017
643.5061646,0.176921670692459
643.6243286,0.174430379477817
643.7425537,0.169958945646141
643.8607178,0.165228367845785
643.9789429,0.16074084089605
644.0971069,0.155493598776934
644.215332,0.151550100464459
644.3334961,0.146219688081727
644.4517212,0.141750354474726
644.5698853,0.137813818877784
644.6881104,0.132531041329514
644.8062744,0.129925023155451
644.9244995,0.126835158952644
645.0426636,0.125043103974564
645.1608887,0.123008501709215
645.2791138,0.12100473757619
645.3972778,0.12041693153965
645.5155029,0.118258604198868
645.633728,0.115297604289492
645.7518921,0.112488839078308
645.8701172,0.111730266291663
645.9883423,0.109671188505592
646.1065674,0.107824092486561
646.2247314,0.104076543295247
646.3429565,0.101213679879797
646.4611816,0.098617923307089
646.5794067,0.0945427623185309
646.6976318,0.0910185235551799
646.8158569,0.0880929709035694
646.934021,0.086759772273459
647.0522461,0.0841888849638894
647.1704712,0.0826448416888917
647.2886963,0.0812788159002184
647.4069214,0.0804822300654922
647.5251465,0.078679980932662
647.6433716,0.0760091165039541
647.7615967,0.0753025244723296
647.8798218,0.0730405665977246
647.9980469,0.0712600386758497
648.116272,0.0699350645666921
648.2344971,0.0682408134562867
648.3527222,0.0676737323689735
648.4710083,0.0655329219909502
648.5892334,0.0634206889629338
648.7074585,0.061130140153843
648.8256836,0.0581055204639465
648.9439087,0.0571679224876128
649.0621338,0.0539290453726507
649.1804199,0.0527863062148014
649.298645,0.0507251530379112
649.4168701,0.0471603580116705
649.5350952,0.0471534923531954
649.6533813,0.0456455710105282
649.7716064,0.046365374024697
649.8898315,0.0463984000525473
650.0081177,0.0473383854356776
650.1263428,0.0487052591195251
650.2445679,0.0484036095517539
650.362854,0.0476218887850628
650.4810791,0.0476233152807916
650.5993042,0.0465641637976624
650.7175903,0.0447159492395029
650.8358154,0.0433881196944339
650.9541016,0.0418771069357992
651.0723267,0.0393109574866107
651.1906128,0.0371122230106556
651.3088379,0.0354483765407061
651.427124,0.0343670600233996
651.5453491,0.0352674373587081
651.6636353,0.0338416710216116
651.7818604,0.0335453566253994
651.9001465,0.0333338130519788
652.0184326,0.0324156341260878
652.1366577,0.0313649998121209
652.2549438,0.0286198535014854
652.37323,0.0275379070692797
652.4914551,0.0277842537389803
652.6097412,0.0275635722812417
652.7280273,0.0271527653976611
652.8462524,0.0267229437693388
652.9645386,0.0271047104010172
653.0828247,0.0258072439536647
653.2011108,0.0245635692144071
653.3193359,0.0245718280137766
653.4376221,0.0251439774604143
653.5559082,0.0251940428405405
653.6741943,0.0254221757327512
653.7924805,0.0252924335888934
653.9107056,0.026001781172068
654.0289917,0.0242291982481878
654.1472778,0.0222831187881413
654.265564,0.0213208900900797
654.3838501,0.0199233342824536
654.5021362,0.0203933221509605
654.6204224,0.0196072306461045
654.7387085,0.0213336776906249
654.8569946,0.0213257747280146
654.9752808,0.0211811778070915
655.0935669,0.021246571072727
655.211853,0.0196272629147481
655.3301392,0.0191213341682444
655.4484253,0.0177253367560806
655.5667114,0.0159962628662113
655.6849976,0.0145286681825692
655.8032837,0.0128646347553191
655.9215698,0.0103231963772824
656.039917,0.00974691621961304
656.1582031,0.0084286222580571
656.2764893,0.00814321291763129
656.3947754,0.00910062034169305
656.5130615,0.00857249819935118
656.6314087,0.0101449302135383
656.7496948,0.0107255332055339
656.867981,0.0124944207188937
656.9862671,0.0134836118990749
657.1046143,0.0129704016929737
657.2229004,0.0146662436532721
657.3411865,0.0156978487592906
657.4594727,0.0160692307917016
657.5778198,0.0141217960976122
657.696106,0.0132232844097813
657.8143921,0.0132599227625742
657.9327393,0.0128707904438908
658.0510254,0.0130074116638611
658.1693726,0.0114290822153587
658.2876587,0.0114370471206498
658.4060059,0.0116223059574758
658.524292,0.0096341304516174
658.6425781,0.0080750396159168
658.7609253,0.00645193198443421
658.8792114,0.00482092115961101
658.9975586,0.00533654561854527
659.1158447,0.0059056758721128
659.2341919,0.00752499590583751
659.3525391,0.00823981148596682
659.4708252,0.00984927489234091
659.5891724,0.0122311760610509
659.7074585,0.0110210208052213
659.8258057,0.0106823394506235
659.9440918,0.0113408081931387
660.062439,0.0110649303967983
660.1807861,0.0101399607215797
660.2990723,0.00881283054851904
660.4174194,0.00830508646949442
660.5357666,0.00746225721085158
660.6540527,0.00548805898746746
660.7723999,0.00489364544625925
660.8907471,0.00484629670505114
661.0090942,0.00374085987024205
661.1273804,0.00500741286399319
661.2457275,0.00540495478566951
661.3640747,0.00605891427987992
661.4824219,0.00812273844773673
661.600769,0.00824030425051481
661.7190552,0.00978284896419717
661.8374023,0.00906286420003622
661.9557495,0.00829689255984069
662.0740967,0.0083290811161346
662.1924438,0.00752648712048708
662.310791,0.0071499867747248
662.4291382,0.00556653083432921
662.5474854,0.00391411552243705
662.6658325,0.00400365149677302
662.7841797,0.00423856123641487
662.9025269,0.00351125358826453
663.020813,0.00292331662793388
663.1391602,0.00302269495054607
663.2575073,0.00381986932577235
663.3759155,0.00400601445073905
663.4942627,0.00230722904756743
663.6126099,0.00334148547951824
663.730957,0.00305448019454765
663.8493042,0.00380054637344123
663.9676514,0.00323100346090542
664.0859985,0.00313001277744078
664.2043457,0.00394354299200986
664.3226929,0.00264030120171169
664.44104,0.00390227345890217
664.5593872,0.00409194345270716
664.6777954,0.00428983426038777
664.7961426,0.00389735830696658
664.9144897,0.00407034384288943
665.0328369,0.00318928685232213
665.1511841,0.00127954816852978
665.2695923,0
665.3879395,0
665.5062866,0.000667205237127108
665.6246338,0.000258472431926568
665.743042,0.000495262098709144
665.8613892,0.00183853772479181
665.9797363,0.00340799082110006
666.0981445,0.00324733311201749
666.2164917,0.00229314440381967
666.3348389,0.00263596853558967
666.4532471,0.00206755808139403
666.5715942,0.00141749874763435
666.6899414,0.00104248231259828
666.8083496,0.00116002592568742
666.9266968,0.000656957262541171
667.045105,0.000584726353340713
667.1634521,0.00181506235052596
667.2817993,0.000786750780886686
667.4002075,0.000925828539234616
667.5185547,0.000116626756600463
667.6369629,0
667.7553101,0
667.8737183,0
667.9920654,0
668.1104736,0
668.2288208,0
668.347229,0
668.4655762,0.00114703880873045
668.5839844,0.00266369261913292
668.7023926,0.00471371400713156
668.8207397,0.00447395927037193
668.9391479,0.00373448643924088
669.0574951,0.00221552956032018
669.1759033,0.00175753258673337
669.2943115,0.00127173005029474
669.4126587,0.000360919009871129
669.5310669,0.00168568482667335
669.6494751,0.00110345519525895
669.7678223,0.000315202798639492
669.8862305,0
670.0046387,0
670.1230469,0
670.241394,0
670.3598022,0
670.4782104,0
670.5966187,0.000529162750807243
670.7149658,0
670.833374,0.00262229195085621
670.9517822,0.002387717850433
671.0701904,0.00415125868244919
671.1885986,0.00420239579780105
671.3070068,0.00393852208219584
671.425354,0.00531959293061024
671.5437622,0.00296274803058257
671.6621704,0.00270161362742737
671.7805786,0
671.8989868,0
672.017395,0
672.1358032,0
672.2542114,0.000283881488261907
672.3726196,1.04246296785134e-05
672.4910278,0.000630449254634641
672.609436,0
672.7278442,0.000727019187377096
672.8461914,0.000483030331479617
672.9645996,3.08147976915845e-05
673.0830078,0.000856223972095859
673.2014771,5.87341670958839e-05
673.3198853,0
673.4382935,0
673.5567017,0
673.6751099,0
673.7935181,0
673.9119263,0
674.0303345,0
674.1487427,0
674.2671509,0
674.3855591,0
674.5039673,0
674.6224365,0
674.7408447,0
674.8592529,0
674.9776611,0
675.0960693,0
675.2144775,0
675.3329468,0
675.451355,0.00196278518945915
675.5697632,0.00210568710711367
675.6881714,0.00357055541017298
675.8066406,0.00354144357810275
675.9250488,0.00255267720765939
676.043457,0
676.1618652,0
676.2803345,0
676.3987427,0
676.5171509,0
676.6356201,0
676.7540283,0
676.8724365,0
676.9909058,0
677.109314,0
677.2277222,0
677.3461914,0
677.4645996,0
677.5830688,0
677.7014771,0.00133736857012287
677.8198853,0.00252188824810515
677.9383545,0.00198402885206
678.0567627,0.00103512230578782
678.1752319,0.000877276296420492
678.2936401,0
678.4121094,0
678.5305176,0
678.6489868,0
678.767395,0
678.8858643,0
679.0042725,0
679.1227417,0
679.2411499,0
679.3596191,0
679.4780273,0
679.5964966,0
679.7149658,0
679.833374,0.000630746337721713
679.9518433,0.00247099098692054
680.0702515,0.00332445569044441
680.1887207,0.00375784545273648
680.3071899,0.00278241121103276
680.4255981,0.00279890829414192
680.5440674,0.00280760690863298
680.6624756,0.000510072238243042
680.7809448,0
680.8994141,0
681.0178223,0
681.1362915,0
681.2547607,0
681.3731689,0
681.4916382,0
681.6101074,0
681.7285767,0
681.8469849,0
681.9654541,0
682.0839233,0
682.2023926,0.000664448988987537
682.3208008,0.000922085932765226
682.43927,0.000756723741536447
682.5577393,0.00230146324914972
682.6762085,0.00196745055732603
682.7946777,0.0012807003605286
682.9130859,0
683.0315552,0
683.1500244,0
683.2684937,0
683.3869629,0
683.5054321,0
683.6238403,0
683.7423096,0
683.8607788,0
683.979248,0
684.0977173,0
684.2161865,0
684.3346558,0
684.453125,0.000872419107125239
684.5715942,6.28253944835406e-05
684.6900635,0
684.8084717,0
684.9269409,0.000454718796264787
685.0454102,0.000554170066076835
685.1638794,0
685.2823486,0
685.4008179,0.000327300236769199
685.5192871,0
685.6377563,0
685.7562256,0
685.8746948,0
685.9931641,0
686.1116333,0
686.2301025,0
686.3485718,0
686.467041,0
686.5855713,0
686.7040405,0.00117262376228573
686.8225098,0.00199403683428122
686.940979,0.00299908411550502
687.0594482,0.00243307578216382
687.1779175,0.00141745339195186
687.2963867,0.00115912757070417
687.414856,0
687.5333252,0.000322682626286122
687.6517944,0
687.7703247,0
687.8887939,0
688.0072632,0
688.1257324,0
688.2442017,0
688.3626709,0
688.4811401,0
688.5996704,0
688.7181396,0
688.8366089,0
688.9550781,0
689.0735474,0
689.1920776,0
689.3105469,0
689.4290161,0
689.5474854,0
689.6660156,0
689.7844849,0
689.9029541,0
690.0214233,0
690.1399536,0
690.2584229,0
690.3768921,0
690.4954224,0
690.6138916,0
690.7323608,0
690.8508301,0
690.9693604,0
691.0878296,0
691.2062988,0
691.3248291,0
691.4432983,0
691.5617676,0.000169095247948646
691.6802979,0
691.7987671,0
691.9172363,0.000441533025350587
692.0357666,0.00067583485936212
692.1542358,0.000185666436680337
692.2727661,0.000672891446764927
692.3912354,0
692.5097046,0
692.6282349,0
692.7467041,0
692.8652344,0
692.9837036,0
693.1022339,0
693.2207031,0
693.3391724,0
693.4577026,0
693.5761719,0
693.6947021,0
693.8131714,0
693.9317017,0
694.0501709,0.000353449767567771
694.1687012,0.000241004893837732
694.2871704,0.000497196717238723
694.4057007,0.00118139246941813
694.5241699,0
694.6427002,0
694.7611694,0
694.8796997,0
694.9981689,0
695.1166992,0
695.2351685,0
695.3536987,0
695.472168,0
695.5906982,0
695.7091675,0
695.8276978,0
695.946167,0
696.0646973,0
696.1832275,0
696.3016968,0.00189169283399158
696.4202271,0.000390091176198541
696.5386963,0.00113769803131193
696.6572266,0.000375051942587119
696.7757568,0
696.8942261,0
697.0127563,0
697.1312256,0
697.2497559,0
697.3682861,0
697.4867554,0
697.6052856,0
697.7238159,0
697.8422852,0.000724541682133719
697.9608154,0
698.0792847,0
698.1978149,0
698.3163452,0
698.4348145,0
698.5533447,0
698.671875,0
698.7903442,0
698.9088745,0
699.0274048,0
699.145874,0
699.2644043,0
699.3829346,0
699.5014648,0
699.6199341,0
699.7384644,0
699.8569946,0
699.9754639,0
700.0939941,0
700.2125244,0
700.3310547,0
700.4495239,0
700.5680542,0
700.6865845,0
700.8051147,0
700.923584,0
701.0421143,0
701.1606445,0
701.2791748,0
701.397644,0
701.5161743,0
701.6347046,0
701.7532349,0
701.8717651,0
701.9902344,0
702.1087646,0
702.2272949,0
702.3458252,0
702.4643555,0
702.5828247,0
702.701355,0
702.8198853,0
702.9384155,0
703.0569458,0
703.175415,0
703.2939453,0
703.4124756,0
703.5310059,0
703.6495361,0
703.7680664,0
703.8865356,0
704.0050659,0
704.1235962,0
704.2421265,0
704.3606567,0
704.479187,0
704.5977173,4.80643133616426e-05
704.7161865,0.000122664865366169
704.8347168,0.000904565882542827
704.9532471,0.00126827929155482
705.0717773,0.000708956077363771
705.1903076,0.00125546634795522
705.3088379,0.00124844505497957
705.4273682,0.00100918983934993
705.5458984,0.000917780078017724
705.6643677,0
705.7828979,0
705.9014282,0
706.0199585,0
706.1384888,0
706.257019,0
706.3755493,0
706.4940796,0
706.6126099,0
706.7311401,0
706.8496094,0
706.9681396,0
707.0866699,0
707.2052002,0.00071445834875095
707.3237305,0.00152627380010385
707.4422607,0.00226273102453763
707.560791,0.00107791891119189
707.6793213,0.000553505319302907
707.7978516,0.00147342222441634
707.9163818,0.00244701646532842
708.0349121,0.00189206686868892
708.1534424,0.000578147599707407
708.2719727,0.000349985210798745
708.3905029,0
708.5090332,0
708.6275024,0
708.7460327,0
708.864563,0
708.9830933,0
709.1016235,0
709.2201538,0
709.3386841,0
709.4572144,0
709.5757446,0
709.6942749,0.00191531857374648
709.8128052,0.00267361494925415
709.9313354,0.0026860041128568
710.0498657,0.00233785403465733
710.168396,0.0019152212060978
710.2869263,0
710.4054565,0
710.5239868,0
710.6425171,0
710.7610474,0
710.8795776,0
710.9981079,0
711.1166382,0
711.2351685,0
711.3536987,0
711.472229,0
711.5907593,0
711.7092896,0
711.8278198,0
711.9463501,0.00127911755269419
712.0648804,0.00170947465595334
712.1834106,0.00164562112487154
712.3019409,0.000372054854128634
712.4204712,0
712.5390015,0
712.6575317,0
712.776062,0
712.8945923,0
713.0131226,0
713.1316528,0
713.2501831,0
713.3687134,0
713.4872437,0
713.6057739,0
713.7243042,0
713.8428345,8.53057928546978e-05
713.9613647,0.00022472130864094
714.079895,0.00137201529899071
714.1984253,0.00219551134056987
714.3169556,0.00270839298172864
714.4354858,0.00197733077640022
714.5540161,0.000871978578471189
714.6725464,0.000359246808205082
714.7910767,0
714.9096069,0
715.0281372,0
715.1466675,0
715.2651978,0
715.383728,0
715.5022583,0
715.6207886,0
715.7393188,0
715.8578491,0
715.9763794,0
716.0949097,0
716.2134399,0
716.3319702,0
716.4505005,0
716.5690308,0
716.687561,0.00115718610646049
716.8060913,0.00141158560739794
716.9246216,0.00392681270100172
717.0431519,0.00153410513868971
717.1616821,0.00147645434825397
717.2802124,0.000739197410737383
717.3987427,0
717.5172729,0
717.6358032,0
717.7543335,0
717.8728638,0
717.991394,0
718.1099243,0
718.2285156,0
718.3470459,0
718.4655762,0
718.5841064,0
718.7026367,0
718.821167,0
718.9396973,0
719.0582275,0
719.1767578,0
719.2952881,0
719.4138184,0
719.5323486,0
719.6508789,0
719.7694092,4.48752362103391e-05
719.8879395,0
720.0064697,0
720.125,0
720.2435303,0
720.3620605,0
720.4805908,0
720.5991211,0
720.7176514,0
720.8361816,0
720.9547119,0
721.0732422,0
721.1917725,0
721.3103027,0
721.428833,0
721.5473633,0
721.6658936,0
721.7844238,0
721.9029541,0
722.0214844,0
722.1400146,0
722.2585449,0
722.3770752,0
722.4956055,0
722.6141357,0
722.732666,0
722.8511963,0
722.9697266,0
723.0882568,0
723.2067871,0
723.3253174,0
723.4438477,0
723.5623779,0
723.6809082,0
723.7993774,0
723.9179077,0
724.036438,0
724.1549683,0
724.2734985,0
724.3920288,0
724.5105591,0
724.6290894,0
724.7476196,0
724.8661499,0
724.9846802,0
725.1032104,0
725.2217407,0
725.340271,0
725.4588013,0
725.5773315,0
725.6958618,0
725.8143921,0
725.9329224,0
726.0514526,0
726.1699219,0
726.2884521,0
726.4069824,0
726.5255127,0
726.644043,0
726.7625732,0
726.8811035,0
726.9996338,0
727.1181641,0
727.2366943,0
727.3552246,0
727.4737549,0
727.5922241,0
727.7107544,0
727.8292847,0
727.9478149,0
728.0663452,0
728.1848755,0
728.3034058,0
728.421936,0
728.5404663,0
728.6589355,0
728.7774658,0
728.8959961,0
729.0145264,0
729.1330566,0
729.2515869,0
729.3701172,0
729.4885864,0
729.6071167,0
729.725647,0
729.8441772,0
729.9627075,0
730.0812378,0
730.1997681,0
730.3182373,0
730.4367676,0
730.5552979,0
730.6738281,0.000799143445504129
730.7923584,0
730.9108276,0
731.0293579,0
731.1478882,0
731.2664185,0
731.3849487,0
731.503479,0
731.6219482,0
731.7404785,0
731.8590088,0.000574493931138254
731.9775391,0.000467370056845078
732.0960083,0.00131041846621123
732.2145386,0.00119080110847415
732.3330688,0.000594517086391137
732.4515991,0
732.5701294,0
732.6885986,0
732.8071289,0
732.9256592,0
733.0441895,0
733.1626587,0
733.281189,0
733.3997192,0
733.5181885,0
733.6367188,0
733.755249,0
733.8737793,0
733.9922485,0
734.1107788,0
734.2293091,0
734.3477783,0
734.4663086,0
734.5848389,0
734.7033691,0
734.8218384,0
734.9403687,0
735.0588989,0
735.1773682,0
735.2958984,0
735.4144287,0
735.5328979,0
735.6514282,0
735.7699585,0
735.8884277,0
736.006958,0
736.1254272,0
736.2439575,0
736.3624878,0
736.480957,0
736.5994873,0
736.7180176,0
736.8364868,0
736.9550171,0
737.0734863,0
737.1920166,0
737.3105469,0
737.4290161,0
737.5475464,0
737.6660156,0
737.7845459,0
737.9030151,0
738.0215454,0
738.1400146,0
738.2585449,0
738.3770752,0
738.4955444,0
738.6140747,0
738.7325439,0
738.8510742,0
738.9695435,0
739.0880737,0
739.206543,0
739.3250732,0
739.4435425,0
739.5620728,0
739.680542,0
739.7990723,0
739.9175415,0
740.0360107,0
740.154541,0
740.2730103,0
740.3915405,0
740.5100098,0
740.62854,0
740.7470093,0
740.8655396,0
740.9840088,0
741.102478,0
741.2210083,0
741.3394775,0
741.4580078,0
741.5764771,0
