321.5698853,0
321.6777954,0
321.7857361,0
321.8936768,0
322.0016174,0
322.1095581,0
322.2175293,0
322.32547,0
322.4334412,0
322.5414124,0
322.6494141,0
322.7573853,0
322.865387,0
322.9733887,0
323.0813904,0
323.1893921,0
323.2973938,0
323.405426,0
323.5134583,0
323.6214905,0
323.7295227,0
323.8375854,0
323.9456482,0
324.0537109,0
324.1617737,0
324.2698364,0
324.3778992,0
324.4859924,0
324.5940857,0
324.702179,0
324.8102722,0
324.918396,0.000130472156250048
325.0265198,0
325.1346436,0
325.2427673,0
325.3508911,0
325.4590149,0
325.5671692,0
325.6753235,0
325.7834778,0
325.8916321,0
325.9998169,0
326.1080017,0
326.2161865,0
326.3243713,0
326.4325562,0
326.5407715,0
326.6489563,0
326.7571716,0
326.865387,0
326.9736328,0
327.0818481,0
327.190094,0
327.2983398,0
327.4065857,0
327.5148315,0
327.6231079,0
327.7313538,0
327.8396301,0
327.9479065,0
328.0562134,0
328.1644897,0
328.2727966,0
328.3811035,0
328.4894104,0
328.5977173,0
328.7060242,0
328.8143616,0
328.922699,0
329.0310364,0
329.1393738,0
329.2477417,0
329.3561096,0
329.464447,0
329.5728149,0
329.6812134,0
329.7895813,0
329.8979797,0
330.0063782,0
330.1147766,0
330.223175,0
330.3315735,0
330.4400024,0
330.5484314,0
330.6568604,0
330.7652893,0
330.8737488,0
330.9821777,0
331.0906372,0
331.1990967,0
331.3075562,0
331.4160461,0
331.5245361,0
331.6329956,0
331.7414856,0
331.8500061,0
331.9584961,0
332.0670166,0
332.1755066,0
332.2840271,0
332.3925781,0
332.5010986,0
332.6096497,0
332.7181702,0
332.8267212,0
332.9353027,0
333.0438538,0
333.1524048,0
333.2609863,0
333.3695679,0
333.4781494,0
333.5867615,0
333.695343,0
333.8039551,0
333.9125671,0
334.0211792,0
334.1297913,0
334.2384338,0
334.3470764,0
334.455719,0
334.5643616,0
334.6730042,0
334.7816772,0
334.8903198,0
334.9989929,0
335.107666,0
335.2163696,0
335.3250427,0
335.4337463,0
335.54245,0
335.6511536,0
335.7598572,0
335.8685608,0
335.9772949,0
336.0860291,0
336.1947632,0
336.3034973,0
336.412262,0
336.5209961,0
336.6297607,0
336.7385254,0
336.84729,0
336.9560852,0
337.0648499,0
337.173645,0
337.2824402,0
337.3912354,0
337.5000305,0
337.6088562,0
337.7176819,0
337.8265076,0
337.9353333,0
338.0441589,0
338.1530151,0
338.2618408,0
338.370697,0
338.4795532,0
338.5884399,0
338.6972961,0
338.8061829,0
338.9150696,0
339.0239563,0
339.132843,0
339.2417603,0
339.350647,0
339.4595642,0
339.5684814,0
339.6773987,0
339.7863464,0
339.8952637,0
340.0042114,0
340.1131592,0
340.2221069,0
340.3310852,0
340.440033,0
340.5490112,0
340.6579895,0
340.7669678,0
340.8759766,0
340.9849548,0
341.0939636,0
341.2029724,0
341.3119812,0
341.42099,0
341.5300293,0
341.6390381,0
341.7480774,0
341.8571167,0
341.9661865,0
342.0752258,0
342.1842957,0
342.293335,0
342.4024048,0
342.5115051,0
342.620575,0
342.7296753,0
342.8387451,0
342.9478455,0
343.0569763,0
343.1660767,0
343.2752075,0
343.3843079,0
343.4934387,0
343.6025696,0
343.711731,0
343.8208618,0
343.9300232,0
344.0391846,0
344.1483459,0
344.2575073,0
344.3666687,0
344.4758606,0
344.5850525,0
344.6942444,0
344.8034363,0
344.9126587,0
345.0218506,0
345.131073,0
345.2402954,0
345.3495178,0
345.4587402,0
345.5679932,0
345.6772461,0
345.786499,0
345.895752,0
346.0050049,0
346.1142578,0
346.2235413,0
346.3328247,0
346.4421082,0
346.5513916,0
346.6607056,0
346.769989,0
346.879303,0
346.9886169,0
347.0979309,0
347.2072754,0
347.3165894,0
347.4259338,0
347.5352783,0
347.6446228,0
347.7539673,0
347.8633423,0
347.9727173,0
348.0820618,0
348.1914673,0
348.3008423,0
348.4102173,0
348.5196228,0
348.6290283,0
348.7384338,0
348.8478394,0
348.9572449,0
349.0666809,0
349.1761169,0
349.2855225,0
349.394989,0
349.504425,0
349.6138611,0
349.7233276,0
349.8327942,0
349.9422607,0
350.0517273,0
350.1612244,0
350.2706909,0
350.380188,0
350.4896851,0
350.5991821,0
350.7087097,0.000725892802840324
350.8182068,6.24867939384314e-07
350.9277344,0
351.037262,0
351.1467896,0
351.2563171,0
351.3658752,0
351.4754333,0
351.5849609,0
351.694519,0
351.8041077,0
351.9136658,0
352.0232544,0
352.132843,0
352.2424011,0
352.3520203,0
352.4616089,0
352.571228,0
352.6808167,0
352.7904358,0
352.9000549,0
353.0097046,0
353.1193237,0
353.2289734,0
353.3385925,0
353.4482422,0
353.5579224,0
353.667572,0
353.7772522,0
353.8869019,0
353.996582,0
354.1062622,0
354.2159729,0
354.3256531,0
354.4353638,0
354.5450745,0
354.6547852,0
354.7644958,0
354.8742371,0
354.9839478,0
355.093689,0
355.2034302,0
355.3131714,0
355.4229126,0
355.5326843,0
355.6424561,0
355.7521973,0
355.8619995,0
355.9717712,0
356.081543,0
356.1913452,0
356.3011475,0
356.4109497,0
356.520752,0
356.6305542,0
356.740387,0
356.8502197,0
356.960022,0
357.0698853,0
357.179718,0
357.2895508,0
357.3994141,0
357.5092773,0
357.6191406,0
357.7290039,0
357.8388672,0
357.948761,0
358.0586548,0
358.1685181,0
358.2784424,0
358.3883362,0
358.49823,0
358.6081543,0
358.7180786,0
358.8280029,0
358.9379272,0
359.0478516,0
359.1578064,0
359.2677612,0
359.3777161,0
359.4876709,0
359.5976257,0
359.7076111,0
359.8175659,0
359.9275513,0
360.0375366,0
360.147522,0
360.2575378,0
360.3675232,0
360.4775391,0
360.5875549,0
360.6975708,0
360.8075867,0
360.9176331,0
361.0276489,0
361.1376953,0
361.2477417,0
361.3577881,0
361.467865,0
361.5779114,0
361.6879883,0
361.7980652,0
361.9081421,0
362.018219,0
362.1283264,0
362.2384033,0
362.3485107,0
362.4586182,0
362.5687256,0
362.6788635,0
362.7889709,0
362.8991089,0
363.0092468,0
363.1193848,0
363.2295227,0
363.3396912,0
363.4498291,0
363.5599976,0
363.670166,0
363.7803345,0
363.8905334,0
364.0007019,0
364.1109009,0
364.2210999,0
364.3312988,0
364.4414978,0
364.5516968,0
364.6619263,0
364.7721558,0
364.8823853,0
364.9926147,0
365.1028442,0
365.2131042,0
365.3233337,0
365.4335938,0
365.5438538,0
365.6541138,0
365.7644043,0
365.8746643,0
365.9849548,0
366.0952454,0
366.2055359,0
366.3158264,0
366.4261475,0
366.536438,0
366.646759,0
366.7570801,0
366.8674011,0
366.9777527,0
367.0880737,0
367.1984253,0
367.3087769,0
367.4191284,0
367.52948,0
367.6398315,0
367.7502136,0
367.8605957,0
367.9709778,0
368.0813599,0
368.1917419,0
368.302124,0
368.4125366,0
368.5229492,0
368.6333618,0
368.7437744,0
368.854187,0
368.9646301,0
369.0750732,0
369.1855164,0
369.2959595,0
369.4064026,0
369.5168457,0
369.6273193,0
369.737793,0
369.8482666,0
369.9587402,0
370.0692139,0
370.1796875,0
370.2901917,0
370.4006958,0
370.5112,0
370.6217041,0
370.7322083,0
370.8427429,0
370.9532776,0
371.0638123,0
371.1743469,0
371.2848816,0
371.3954163,0
371.5059814,0
371.6165466,0
371.7270813,0
371.837677,0
371.9482422,0
372.0588074,0
372.1694031,0
372.2799988,0
372.3905945,0
372.5011902,0
372.6117859,0
372.7224121,0
372.8330078,0
372.943634,0
373.0542603,0
373.164917,0
373.2755432,0
373.3861694,0
373.4968262,0
373.6074829,0
373.7181396,0
373.8287964,0
373.9394836,0
374.0501404,0
374.1608276,0
374.2715149,0
374.3822021,0
374.4929199,0
374.6036072,0
374.714325,0
374.8250122,0
374.93573,0
375.0464783,0
375.157196,0
375.2679138,0
375.3786621,0
375.4894104,0
375.6001587,0
375.710907,0
375.8216858,0
375.9324341,0
376.0432129,0
376.1539917,0
376.2647705,0
376.3755493,0
376.4863586,0
376.5971375,0
376.7079468,0
376.8187561,0
376.9295654,0
377.0403748,0
377.1512146,0
377.2620239,0
377.3728638,0
377.4837036,0
377.5945435,0
377.7053833,0
377.8162537,0
377.927124,0
378.0379639,0
378.1488342,0
378.2597351,0
378.3706055,0
378.4814758,0.000433037205072654
378.5923767,0.000355655514770582
378.7032776,0.000414872629274699
378.8141785,0.000347884734322722
378.9250793,0
379.0360107,0
379.1469116,0
379.257843,0
379.3687744,0
379.4797058,0
379.5906372,0
379.7015686,0
379.8125305,0
379.9234924,0
380.0344543,0
380.1454163,0
380.2563782,0
380.3673401,0
380.4783325,0
380.589325,0
380.7003174,0
380.8113098,0
380.9223022,0
381.0333252,0
381.1443176,0
381.2553406,0
381.3663635,0
381.4773865,0
381.5884094,0
381.6994629,0
381.8105164,0
381.9215393,0
382.0325928,0
382.1436462,0
382.2547302,0
382.3657837,0
382.4768677,0
382.5879517,0
382.6990356,0
382.8101196,0
382.9212036,0
383.0323181,0
383.1434021,0
383.2545166,0
383.3656311,0
383.4767761,0
383.5878906,0
383.6990051,0
383.8101501,0
383.9212952,0
384.0324402,0
384.1435852,0
384.2547607,0
384.3659058,0
384.4770813,0
384.5882568,0
384.6994324,0
384.8106079,0
384.9217834,0
385.0329895,0
385.1441956,0
385.2553711,0
385.3665771,0
385.4778137,0
385.5890198,0
385.7002563,0
385.8114624,0
385.922699,0
386.0339355,0
386.1451721,0
386.2564392,0
386.3676758,0
386.4789429,0
386.59021,0
386.7014771,0
386.8127441,0
386.9240417,0
387.0353088,0
387.1466064,0
387.2579041,0
387.3692017,0.00034076902014155
387.4804993,0.000231187562195346
387.5918274,0
387.703125,0
387.8144531,0
387.9257813,0
388.0371094,0
388.1484375,0
388.2597961,0
388.3711243,0
388.4824829,0
388.5938416,0
388.7052002,0
388.8165588,0
388.9279175,0.000141138093323449
389.0393066,0.00120622908759863
389.1506958,0.00194092027012689
389.262085,0.0020678183402053
389.3734741,0.00179251420065808
389.4848633,0.00130664456573953
389.5962524,0.000939265938518027
389.7076721,0.000528071233238366
389.8190918,1.52408080556105e-06
389.930481,0
390.0419312,0
390.1533508,0
390.2647705,0
390.3762207,0
390.4876404,0
390.5990906,0.000707160423096942
390.7105408,0.00199455251222372
390.8220215,0.00252606676635147
390.9334717,0.00384688259149753
391.0449524,0.00470183654438138
391.1564026,0.00519263590251009
391.2678833,0.00552959395910423
391.379364,0.00579723503487465
391.4908447,0.00615269739222151
391.602356,0.006039598614017
391.7138367,0.00602380810126784
391.8253479,0.00572446761843439
391.9368591,0.00579080357653314
392.0483704,0.00526167117482974
392.1598816,0.00543715650540527
392.2713928,0.00532461129202048
392.3829346,0.00591292901644532
392.4944763,0.0063810628914123
392.6059875,0.00745848956981898
392.7175293,0.00828640528374159
392.8291016,0.00903586867372467
392.9406433,0.00986876535379773
393.0521851,0.0109140206722052
393.1637573,0.0124806473121339
393.2753296,0.0138383900755338
393.3869019,0.0152044218882695
393.4984741,0.0161574531051632
393.6100464,0.0175531141441231
393.7216492,0.0185907836958116
393.833252,0.0188532534615353
393.9448242,0.0193726748120909
394.056427,0.019886456912476
394.1680603,0.0206917848446078
394.2796631,0.0217306537532208
394.3912659,0.0226358078087802
394.5028992,0.0239132889534295
394.6145325,0.0246227567260293
394.7261658,0.0257833788124246
394.8377991,0.0271765464744689
394.9494324,0.0283177403672603
395.0610962,0.0305240076057611
395.1727295,0.0328767458623263
395.2843933,0.0358894829013345
395.3960571,0.0388678700764729
395.5077209,0.0414249779651039
395.6193848,0.0439932266245477
395.7310791,0.0451294674827361
395.8427429,0.0471406418206135
395.9544373,0.0482504724577408
396.0661316,0.0499860397687646
396.1778259,0.0525938903539486
396.2895203,0.0539638034180752
396.4012451,0.0572604576591585
396.5129395,0.0600579918533537
396.6246643,0.0632259281536482
396.7363892,0.0664721761008552
396.848114,0.0696857570220821
396.9598389,0.0738916909487982
397.0715637,0.0773987428876169
397.1833191,0.0809708127917135
397.2950745,0.0850875717948502
397.4068298,0.0892637850818748
397.5185852,0.0928263860836328
397.6303406,0.0979059229036565
397.7420959,0.103003120168398
397.8538818,0.108005540634798
397.9656372,0.112502316911062
398.0774231,0.117479305491274
398.189209,0.122711586391003
398.3009949,0.127590720149239
398.4128113,0.132545731892841
398.5245972,0.138489384017219
398.6364136,0.144785629095311
398.7481995,0.150893893709551
398.8600159,0.158392079363876
398.9718628,0.165843706251689
399.0836792,0.173427600404892
399.1954956,0.181179618986243
399.3073425,0.188378581432979
399.4191895,0.197100149823489
399.5310364,0.205720790234714
399.6428833,0.214603569704183
399.7547302,0.224035807257125
399.8665771,0.232965644406288
399.9784546,0.244101615112789
400.090332,0.252572114938757
400.202179,0.261471412354191
400.3140564,0.270636573652212
400.4259644,0.28023875903414
400.5378418,0.291155010212312
400.6497498,0.302117847771393
400.7616272,0.313512990013712
400.8735352,0.324621928080256
400.9854431,0.336749321400852
401.0973511,0.348710953243669
401.2092896,0.359779850980848
401.3211975,0.369000575977874
401.433136,0.381256739242009
401.5450745,0.39348687419262
401.6569824,0.405900182435822
401.7689514,0.419365518168129
401.8808899,0.433140521937157
401.9928284,0.448099820460679
402.1047974,0.463230682211748
402.2167664,0.477967615459851
402.3287354,0.491611320539529
402.4407043,0.505790166183494
402.5526733,0.519512131727478
402.6646423,0.532773284301237
402.7766418,0.54650737991596
402.8886414,0.560277956787522
403.0006104,0.575795778441763
403.1126099,0.589714444973442
403.2246399,0.604579758117189
403.3366394,0.620797301963326
403.4486694,0.635930705460347
403.5606689,0.652593727387322
403.672699,0.665819198300245
403.784729,0.680562222594909
403.896759,0.695931363038932
404.0087891,0.709886270281191
404.1208496,0.7252745679182
404.2329102,0.739131563454134
404.3449402,0.755144631616709
404.4570007,0.768984153608966
404.5690613,0.781568115004313
404.6811523,0.794022623905023
404.7932129,0.804545187104675
404.905304,0.813899375467437
405.0173645,0.8221240234286
405.1294556,0.831078426244398
405.2415466,0.84079181052512
405.3536377,0.8489673271312
405.4657593,0.856958084296447
405.5778503,0.862463995627729
405.6899719,0.869586873672577
405.8020935,0.87475102362915
405.9142151,0.877066477412028
406.0263367,0.881500885514108
406.1384583,0.884623919089345
406.2506104,0.890620325027935
406.3627319,0.892369461484013
406.474884,0.894356623108457
406.5870361,0.894193861653461
406.6991882,0.893171047752691
406.8113403,0.890821582936332
406.9235229,0.885866218515882
407.035675,0.882935914101292
407.1478577,0.878978024341069
407.2600403,0.875541168878258
407.3722229,0.870668049771115
407.4844055,0.864948750460698
407.5965881,0.859560174553457
407.7088013,0.853048818842132
407.8209839,0.845715062041933
407.933197,0.838848774808335
408.0454102,0.830857952620564
408.1576233,0.823813588564609
408.2698364,0.817633268281689
408.3820801,0.810409033231047
408.4942932,0.803063913433943
408.6065369,0.795752830648794
408.7187805,0.788290648452451
408.8310242,0.78129102135447
408.9432678,0.772065063407527
409.055542,0.762686094853968
409.1677856,0.753519929207702
409.2800598,0.743864621099805
409.392334,0.734677289564062
409.5046082,0.722584277802817
409.6168823,0.71364990975505
409.7291565,0.7036439214768
409.8414612,0.694476351706099
409.9537354,0.685967784496865
410.06604,0.678039822905111
410.1783447,0.670410406833997
410.2906494,0.662531706620563
410.4029541,0.655171336456809
410.5152893,0.647352376543482
410.627594,0.640791960999669
410.7399292,0.633752914394555
410.8522644,0.626081049543206
410.9645996,0.617746788831489
411.0769348,0.611371009183531
411.18927,0.604370959559111
411.3016052,0.594898031647873
411.4139709,0.58518129309049
411.5263367,0.579770465716449
411.6387024,0.573079141509369
411.7510681,0.565578703405884
411.8634338,0.558754676428645
411.9757996,0.553599562268997
412.0881958,0.548874090773506
412.200592,0.543102110785584
412.3129883,0.53835811916952
412.4253845,0.533670299030929
412.5377808,0.530107020346583
412.650177,0.527209738845595
412.7626038,0.523823945433504
412.875,0.52012089131263
412.9874268,0.516260822257735
413.0998535,0.512921241450649
413.2122803,0.508085032626854
413.324707,0.502635539797562
413.4371643,0.499791485045495
413.5495911,0.496010463007142
413.6620483,0.491633676007468
413.7745056,0.485630054444567
413.8869629,0.482522830285726
413.9994202,0.479560985061011
414.1118774,0.475375152528055
414.2243347,0.471190373115691
414.3368225,0.46854542455215
414.4493103,0.467173588130051
414.5617981,0.462791314655872
414.6742859,0.460160693361626
414.7867737,0.4578693957409
414.8992615,0.456241085530643
415.0117798,0.452633654916541
415.1242981,0.44924721795378
415.2367859,0.448416203594419
415.3493042,0.444585796654582
415.461853,0.441037306766396
415.5743713,0.437094647850797
415.6868896,0.434258738320467
415.7994385,0.431840373883911
415.9119873,0.427725189642983
416.0245361,0.424844042583762
416.137085,0.420065480884471
416.2496338,0.415567263110544
416.3621826,0.410272041988925
416.474762,0.404248268613088
416.5873108,0.398953957588683
416.6998901,0.394383739420675
416.8124695,0.38950737003801
416.9250488,0.384935533221405
417.0376282,0.381595328363862
417.150238,0.378410376811988
417.2628174,0.374148019486417
417.3754272,0.367946604836616
417.4880371,0.36330081095182
417.600647,0.358434692966639
417.7132568,0.353293425027394
417.8258667,0.347733942421607
417.9385071,0.341858268477806
418.0511475,0.33818200974429
418.1637573,0.332847869664644
418.2763977,0.326943040611337
418.3890381,0.32056835631262
418.501709,0.315610307166465
418.6143494,0.3107865632107
418.7269897,0.304403431393311
418.8396606,0.298565759810252
418.9523315,0.294070490058538
419.0650024,0.289314491873087
419.1776733,0.282477154953129
419.2903442,0.277239931981669
419.4030457,0.27218137740448
419.5157166,0.267389921832462
419.628418,0.261166557969171
419.7411194,0.255803558576882
419.8538208,0.25234895004552
419.9665222,0.246607298517201
420.0792236,0.240676476922573
420.1919556,0.236074493670172
420.3046875,0.229974933325234
420.4173889,0.224538812189337
420.5301208,0.217615427130875
420.6428528,0.212339434724838
420.7556152,0.20800393940548
420.8683472,0.202661582603314
420.9810791,0.198229504951248
421.0938416,0.193655399435305
421.206604,0.189841533213496
421.3193665,0.186245663870281
421.4321289,0.181202375888108
421.5448914,0.176002739251023
421.6576843,0.172209613142215
421.7704468,0.168374717554236
421.8832397,0.163569368603581
421.9960327,0.158798267939005
422.1088257,0.15487419582424
422.2216187,0.15161762904022
422.3344116,0.147449182321794
422.4472351,0.142928609058117
422.5600281,0.13936735043448
422.6728516,0.135540174304852
422.785675,0.131864611135663
422.8984985,0.128406809186953
423.011322,0.125690289247115
423.124176,0.122782146908077
423.2369995,0.119822165714008
423.3498535,0.116993262169786
423.4627075,0.114652956675697
423.5755615,0.112619315936788
423.6884155,0.110606935336206
423.8012695,0.108369436479388
423.9141235,0.107479773910401
424.0270081,0.105111964471027
424.1398621,0.103783108242699
424.2527466,0.100834607068626
424.3656311,0.097852018489598
424.4785156,0.0956762994959916
424.5914307,0.0914255895890624
424.7043152,0.0892245573464734
424.8172302,0.0857897422647285
424.9301147,0.0837309979194002
425.0430298,0.0819965218939832
425.1559448,0.080193307133856
425.2688599,0.0795777105469963
425.3818054,0.0782473331842271
425.4947205,0.0774996139803724
425.607666,0.0767352646737868
425.7205811,0.0756863867047395
425.8335266,0.0737487643737389
425.9464722,0.072276896249283
426.0594482,0.0715205475291263
426.1723938,0.070399829237884
426.2853394,0.0692713736327264
426.3983154,0.0681676080353312
426.5112915,0.0678681897994317
426.6242676,0.0664315588683601
426.7372437,0.0648975687850009
426.8502197,0.0634158132801343
426.9631958,0.0617046507633472
427.0762024,0.0601500652241064
427.189209,0.0589767353197062
427.3021851,0.0581013748333282
427.4151917,0.0570444255841248
427.5281982,0.0557867970004778
427.6412354,0.0550964746465735
427.7542419,0.0548557907549674
427.8672485,0.0539454254701993
427.9802856,0.0539024972813599
428.0933228,0.0534206118896277
428.2063599,0.0534533162953796
428.319397,0.0530309851359452
428.4324341,0.0521177742247166
428.5455017,0.0511683583445739
428.6585388,0.0497786802740951
428.7716064,0.0484838220682003
428.8846741,0.0466292673705846
428.9977417,0.0443626573015538
429.1108093,0.0430741095305277
429.223877,0.041457789225046
429.3369751,0.0404907437777051
429.4500427,0.0390411023477977
429.5631409,0.0383584567720788
429.676239,0.0386054535349897
429.7893372,0.0375250997696164
429.9024353,0.0374708987647264
430.0155334,0.0366102937780027
430.1286316,0.0364188013845888
430.2417603,0.0355048286846497
430.3548889,0.034681056785295
430.4680176,0.0334713756494732
430.5811462,0.0333058611896689
430.6942749,0.0314849278855303
430.8074036,0.0302815925314408
430.9205627,0.0295749025380822
431.0336914,0.0284687150686986
431.1468506,0.0273239166050627
431.2600098,0.0254055940825353
431.3731689,0.024964666801863
431.4863281,0.0238233823072406
431.5994873,0.0222659031980612
431.712677,0.020113873327768
431.8258362,0.0188524770498459
431.9390259,0.0170274591467879
432.0522156,0.016515842957367
432.1654053,0.0156936838107384
432.278595,0.0160313571336376
432.3917847,0.0159294439180618
432.5050049,0.0162191196160762
432.6181946,0.0164355126762706
432.7314148,0.015193264865752
432.844635,0.0143084850433498
432.9578552,0.0126251791268841
433.0710754,0.0118179625737705
433.1842957,0.0107705675484106
433.2975464,0.00919097814656135
433.4107971,0.00870588279130879
433.5240173,0.00799423691858444
433.6372681,0.00690614604258665
433.7505188,0.00627199497922346
433.8637695,0.00545839800663265
433.9770508,0.00485602034535411
434.0903015,0.00409820097057077
434.2035828,0.00385267150842427
434.3168335,0.0037101412627717
434.4301147,0.0033553397297076
434.543396,0.00344157791764103
434.6567078,0.00444168062993307
434.769989,0.00435755980223092
434.8832703,0.0044924516657058
434.996582,0.00413009930541936
435.1098938,0.00395131269710213
435.223175,0.00364362562468875
435.3364868,0.00327230774886416
435.4498291,0.00270305733627289
435.5631409,0.00158554108718909
435.6764526,0.00164898185050601
435.7897949,0.000985378903800063
435.9031372,0
436.0164795,0
436.1298218,0
436.2431641,0
436.3565063,0
436.4698486,0.000431047977407132
436.5832214,0.00100536218755917
436.6965942,0.00174184047023101
436.809967,0.00262811608595782
436.9233398,0.0027523037833184
437.0367126,0.00256061454375576
437.1500854,0.00204887200012752
437.2634583,0.0017059435184447
437.3768616,0.000985601498017587
437.4902649,0.000550772164909053
437.6036682,0
437.7170715,0
437.8304749,0
437.9438782,0
438.0572815,0
438.1707153,0
438.2841492,0
438.3975525,0
438.5109863,0
438.6244202,0
438.7378845,0
438.8513184,0
438.9647827,0.000367346632719496
439.0782166,0.0011060043356847
439.1916809,0.00078769582720549
439.3051453,0.00118621486273731
439.4186096,0.00135243991708408
439.532074,0.00117646338640359
439.6455688,0.000326015958820878
439.7590332,0
439.8725281,0
439.9860229,0
440.0995178,0
440.2130127,0
440.3265076,0
440.4400024,0
440.5535278,0
440.6670227,0
440.7805481,0
440.8940735,0
441.0075989,0
441.1211243,0
441.2346497,0
441.3482056,0.000792678951549699
441.4617615,0.00114112967398588
441.5752869,0.00109216331037649
441.6888428,0.000823649684464719
441.8023987,0.00034108897067358
441.9159546,8.52733600486247e-05
442.029541,0
442.1430969,0
442.2566833,0
442.3702393,0
442.4838257,0
442.5974121,0
442.7109985,0
442.824585,0
442.9382019,0
443.0517883,0
443.1654053,0
443.2790222,0.000397367011235708
443.3926392,0.00102144319483645
443.5062561,0.00127492629160918
443.619873,0.000723013021472231
443.73349,0.000690044021074752
443.8471375,0.00114833759571193
443.9607849,6.39830282427704e-05
444.0744019,0
444.1880493,0
444.3016968,0
444.4153442,0
444.5290222,0
444.6426697,0
444.7563477,0
444.8700256,0
444.9836731,0
445.0973511,0
445.2110596,0
445.3247375,0
445.4384155,0
445.552124,0
445.665802,0.000515882383293501
445.7795105,0.00121085610240699
445.893219,0.000981308310614505
446.0069275,0.000562269477669429
446.1206665,0
446.234375,0
446.3480835,0
446.4618225,0
446.5755615,0
446.6893005,0
446.8030396,0
446.9167786,0
447.0305176,0
447.1442871,0
447.2580261,0
447.3717957,0
447.4855652,0
447.5993347,0
447.7131042,0
447.8268738,0
447.9406738,0
448.0544434,0.000224749806659043
448.1682434,0.000247670234347223
448.2820435,0.000206416958567227
448.3958435,0
448.5096436,0
448.6234436,0
448.7372437,0
448.8510742,0
448.9649048,0
449.0787048,0
449.1925354,0
449.306366,0
449.4201965,0
449.5340576,0
449.6478882,0
449.7617493,0
449.8755798,0
449.9894409,0
450.103302,0
450.2171631,0.000546290549952827
450.3310242,0.000324148744493034
450.4449158,0.000198174099260684
450.5587769,0
450.6726685,0
450.7865601,0
450.9004517,0
451.0143433,0
451.1282349,0
451.2421265,0
451.3560486,0
451.4699402,0
451.5838623,0
451.6977844,0
451.8117065,0
451.9256287,0
452.0395508,0
452.1534729,0
452.2674255,0.000110986496862731
452.3813782,0.000662831612597373
452.4953003,0.000619057839314516
452.6092529,0
452.7232056,0
452.8371582,0
452.9511414,0
453.065094,0
453.1790771,0
453.2930298,0
453.4070129,0
453.5209961,0
453.6349792,0
453.7489929,0
453.8629761,0
453.9769592,0
454.0909729,0
454.2049866,0
454.3190002,0
454.4330139,0.00102488494629247
454.5470276,0.00161677803918505
454.6610413,0.00191768635471587
454.7750854,0.0014479127597325
454.8890991,0.000788618477273597
455.0031433,0
455.1171875,0
455.2312317,0
455.3452759,0
455.4593201,0
455.5733643,0
455.687439,0
455.8014832,0
455.9155579,0
456.0296326,0
456.1437073,0
456.257782,0
456.3718567,0
456.4859619,0
456.6000366,0.000196581381411626
456.7141418,0.000650151143709567
456.8282471,0.000534855525653513
456.9423523,6.67457738248352e-05
457.0564575,0
457.1705627,0
457.284668,0
457.3987732,0
457.5129089,0
457.6270447,0
457.7411804,0
457.8553162,0
457.9694519,0
458.0835876,0
458.1977234,0
458.3118896,0
458.4260254,0
458.5401917,0
458.6543579,0
458.7685242,0.0003715687195761
458.8826904,0.000397824654642536
458.9968567,0.000699766435095119
459.1110535,0.000588660223601255
459.2252197,0.000492517084997578
459.3394165,9.54279732896647e-05
459.4536133,0
459.5677795,0
459.6820068,0
459.7962036,0
459.9104004,0
460.0245972,0
460.1388245,0
460.2530518,0
460.3672485,0
460.4814758,0
460.5957031,0
460.7099609,0
460.8241882,0
460.9384155,0
461.0526733,0.00081863898339624
461.1669312,0.00140352856705604
461.281189,0.00101792313226792
461.3954163,0.000477759910309718
461.5097046,0.000108785289421412
461.6239624,0
461.7382202,0
461.8525085,0
461.9667664,0
462.0810547,0
462.195343,0
462.3096313,0
462.4239197,0
462.538208,0
462.6525269,0
462.7668152,0
462.881134,0
462.9954224,0
463.1097412,0
463.2240601,0
463.3384094,0
463.4527283,0
463.5670471,0
463.6813965,0
463.7957153,0
463.9100647,0
464.0244141,0
464.1387634,0
464.2531128,0
464.3674622,0
464.481842,0
464.5961914,0
464.7105713,0
464.8249512,0
464.9393311,0
465.0537109,0
465.1680908,0
465.2824707,0
465.3968811,0.000355491102079386
465.511261,1.96382453015314e-05
465.6256714,0
465.7400818,0
465.8544922,0
465.9689026,0
466.083313,0
466.1977234,0
466.3121643,0
466.4265747,0
466.5410156,0
466.6554565,0
466.7698975,0
466.8843384,0
466.9987793,0
467.1132202,0
467.2276917,0
467.3421326,0
467.456604,0
467.5710754,0
467.6855469,0
467.8000183,0
467.9144897,0
468.0289612,0
468.1434631,0
468.2579346,0
468.3724365,0
468.4869385,0
468.6014404,0
468.7159424,0
468.8304443,0
468.9449463,0
469.0594788,0
469.1739807,0
469.2885132,0
469.4030457,0
469.5175781,0
469.6321106,0.000189777917365919
469.7466431,0.000373679769344153
469.8611755,0
469.9757385,0
470.090271,0
470.204834,0
470.319397,0
470.43396,0
470.5485229,0
470.6630859,0
470.7776489,0
470.8922424,0
471.0068054,0
471.1213989,0
471.2359924,0
471.3505859,0
471.4651794,0
471.5797729,0
471.6943665,0
471.80896,0
471.923584,0
472.038208,0
472.1528015,0
472.2674255,0
472.3820496,0
472.4966736,0
472.6113281,0
472.7259521,0
472.8406067,0
472.9552307,0
473.0698853,0
473.1845398,0
473.2991943,0
473.4138489,0
473.5285034,0
473.6431885,0
473.757843,0
473.8725281,0
473.9871826,0
474.1018677,0
474.2165527,0
474.3312378,0
474.4459534,0
474.5606384,0
474.6753235,0
474.7900391,0
474.9047546,0
475.0194702,0
475.1341858,0
475.2489014,0
475.3636169,0
475.4783325,0
475.5930786,0
475.7077942,0
475.8225403,0
475.9372864,0
476.0520325,0
476.1667786,0
476.2815247,0
476.3962708,0.000336820401631334
476.5110168,0.000507317249923782
476.6257935,0
476.7405701,0
476.8553162,0
476.9700928,0
477.0848694,0
477.199646,0
477.3144531,0
477.4292297,0
477.5440063,0
477.6588135,0
477.7736206,0
477.8884277,0
478.0032349,0
478.118042,0
478.2328491,0
478.3476563,0
478.4624939,0
478.577301,0
478.6921387,0
478.8069763,0
478.921814,0
479.0366516,0
479.1514893,0
479.2663269,0
479.3811951,0
479.4960327,0
479.6109009,0
479.7257385,0
479.8406067,0
479.9554749,0
480.070343,0
480.1852417,0
480.3001099,0
480.414978,0
480.5298767,0
480.6447754,0
480.7596741,0
480.8745728,0
480.9894714,0.000387455280882164
481.1043701,0.000687802616887925
481.2192688,0
481.334198,0
481.4490967,0
481.5640259,0
481.6789246,0
481.7938538,0
481.908783,0
482.0237427,0
482.1386719,0
482.2536011,0
482.3685608,0
482.48349,0
482.5984497,0
482.7134094,0
482.8283691,0
482.9433289,0
483.0582886,0
483.1732483,0
483.2882385,0
483.4031982,0
483.5181885,0
483.6331787,0
483.7481689,0
483.8631592,0
483.9781494,0
484.0931396,0
484.2081299,0
484.3231506,0
484.4381409,0
484.5531616,0
484.6681824,0
484.7832031,0
484.8982239,0
485.0132446,0
485.1282654,0
485.2433167,0
485.3583374,0
485.4733887,0
485.5884399,0
485.7034607,0
485.818512,0
485.9335938,0
486.048645,0
486.1636963,0
486.2787781,0
486.3938293,0
486.5089111,0
486.6239929,0
486.7390442,0
486.854126,0
486.9692383,0
487.0843201,0
487.1994019,7.14923636567652e-05
487.3145142,0.000569728230489295
487.4295959,0.000728312363748035
487.5447083,0.000750097602472766
487.6598206,0.000417104492011414
487.7749329,0
487.8900452,0
488.0051575,0
488.1202698,0
488.2354126,0
488.3505249,0
488.4656677,0
488.5808105,0
488.6959229,0
488.8110657,0
488.926239,0
489.0413818,0
489.1565247,0
489.2716675,0
489.3868408,0
489.5020142,3.93775291948001e-05
489.617157,0
489.7323303,0
489.8475037,0
489.962677,0
490.0778809,0
490.1930542,0
490.3082581,0
490.4234314,0
490.5386353,0
490.6538391,0
490.7690125,0
490.8842163,0
490.9994507,0
491.1146545,0
491.2298584,0
491.3450928,0
491.4602966,0
491.575531,0
491.6907654,0
491.8059998,0
491.9212341,0
492.0364685,0
492.1517029,0
492.2669678,0
492.3822021,0
492.497467,0
492.6127014,0
492.7279663,0
492.8432312,0
492.9584961,0
493.073761,0
493.1890564,0
493.3043213,0
493.4196167,0
493.5348816,0
493.650177,0
493.7654724,0
493.8807678,0.000676167573094277
493.9960632,0.00142810727686991
494.1113586,0.00129024302413875
494.2266541,0.00127212174954647
494.34198,0.000960989040990242
494.4572754,0.000600808686139128
494.5726013,0
494.6878967,0
494.8032227,0
494.9185486,0
495.0338745,0
495.1492004,0
495.2645569,0
495.3798828,0
495.4952393,0
495.6105652,0
495.7259216,0
495.8412781,0
495.9566345,0
496.071991,0
496.1873474,0.0001929683807164
496.3027039,0
496.4180908,0
496.5334473,0
496.6488342,0
496.7642212,0
496.8795776,0
496.9949646,0
497.1103516,0
497.225769,0
497.341156,0
497.456543,0
497.5719604,0
497.6873474,0
497.8027649,0
497.9181824,0
498.0335999,0
498.1490173,0
498.2644348,0
498.3798523,0
498.4953003,0
498.6107178,0
498.7261658,0
498.8415833,0
498.9570313,0
499.0724792,0
499.1879272,0
499.3033752,0
499.4188538,0
499.5343018,0
499.6497498,0
499.7652283,0
499.8807068,0
499.9961548,0
500.1116333,0
500.2271118,0
500.3425903,0
500.4580994,0.000374894260266533
500.5735779,0.000119690973534214
500.6890564,0
500.8045654,0
500.9200745,0
501.035553,0
501.151062,0
501.266571,0
501.3820801,0
501.4976196,0
501.6131287,0
501.7286377,0
501.8441772,0
501.9596863,0
502.0752258,0
502.1907654,0
502.3063049,0
502.4218445,0
502.537384,0.000316923364912477
502.6529236,0
502.7684937,3.9917952984217e-05
502.8840332,0.000273021154448716
502.9996033,0
503.1151733,0
503.2307129,0
503.346283,0
503.461853,0
503.5774231,0
503.6930237,0
503.8085938,0
503.9241638,0
504.0397644,0
504.155365,0
504.2709351,0
504.3865356,0
504.5021362,0
504.6177368,0.000323929400594656
504.7333679,0
504.8489685,0.000302108103663021
504.9645691,0.000968955854270829
505.0802002,0.000713397422822628
505.1958008,0.000149758684809642
505.3114319,0
505.427063,0.000433093729626141
505.5426941,0
505.6583252,0
505.7739563,0
505.8895874,0
506.005249,0
506.1208801,0
506.2365417,0
506.3521729,0
506.4678345,0
506.5834961,0
506.6991577,0
506.8148193,0
506.930481,0
507.0461731,0
507.1618347,0
507.2775269,0.00105596088181898
507.3931885,0.000912216704184725
507.5088806,0.000569957324996116
507.6245728,0.00047504190696639
507.7402649,0
507.855957,0
507.9716492,0
508.0873413,0
508.203064,0
508.3187561,0
508.4344788,0
508.5501709,0
508.6658936,0
508.7816162,0
508.8973389,0
509.0130615,0.000123143694567492
509.1287842,0.000607493044852925
509.2445068,0.000634416050857764
509.36026,0.00121283664563759
509.4759827,0.0010937956791243
509.5917358,0.00116937147203671
509.707489,0.00156813417766045
509.8232117,0.00220062087738338
509.9389648,0.00116503826559308
510.054718,0.000604837165079993
510.1704712,0.000561517937150075
510.2862549,0
510.4020081,0
510.5177612,0
510.6335449,0
510.7493286,0
510.8650818,0
510.9808655,0
511.0966492,0
511.2124329,3.65734691603575e-05
511.3282166,0.00168936069686066
511.4440308,0.00210366760448119
511.5598145,0.00237737935643967
511.6755981,0.00235493692435449
511.7914124,0.0028775000860349
511.9072266,0.00203290785091232
512.0230103,0.00127562853196856
512.138855,0.000778996784284427
512.2546387,0
512.3704834,0
512.4862671,0
512.6021118,0
512.7179565,0
512.8337402,0
512.949585,0
513.0654297,0
513.1812744,0
513.2971191,0
513.4129639,0
513.5288086,0
513.6446533,0.000455445864598441
513.760498,0.00107892135413356
513.8763428,0.000845710791560609
513.9922485,0.00155645968611271
514.1080933,0.00165630470049215
514.223938,0.000937089971529255
514.3398438,0.000377672673177364
514.4556885,0
514.5715942,0
514.687439,0
514.8033447,0
514.9191895,0
515.0350952,0
515.151001,0
515.2669067,0
515.3828125,0
515.4986572,0
515.614563,0
515.7304688,0
515.8463745,0.00019854626993145
515.9623413,0.00159850977798164
516.0782471,0.00183951143527354
516.1941528,0.00203402634389699
516.3100586,0.00249144914596598
516.4260254,0.00232721328091403
516.5419312,0.0016346682385782
516.6578369,0.000892146043608661
516.7738037,0.000140233053162442
516.8897095,0
517.0056763,0
517.121582,0
517.2375488,0
517.3535156,0
517.4694824,0
517.5853882,0
517.701355,0
517.8173218,0
517.9332886,0
518.0492554,0
518.1652222,0.000494894874441196
518.281189,0.000561527421408287
518.3971558,0.000823979715725921
518.5131836,0.00169849583699103
518.6291504,0.00224988377911912
518.7451172,0.00237324057050575
518.861145,0.00183014614664326
518.9771118,0.00131920870959573
519.0930786,0.00126475905787575
519.2091064,0.000210751117053155
519.3251343,0
519.4411011,0
519.5571289,0
519.6730957,0
519.7891235,0
519.9051514,0
520.0211792,0
520.137207,0
520.2532349,0
520.3692627,0.000237438159960865
520.4852905,0.000805096032495285
520.6013184,0.000801448751384432
520.7173462,0.0011817259470451
520.833374,0.00141266046943117
520.9494019,0.000879236429391984
521.0654907,0.000527136089483793
521.1815186,0.000336586012718388
521.2975464,0
521.4136353,0
521.5296631,0
521.645752,0
521.7618408,0
521.8778687,0
521.9939575,0
522.1100464,0
522.2260742,0
522.3421631,0
522.458252,0
522.5743408,0.000350665642017581
522.6904297,0.00137127193844702
522.8065186,0.00147922327482253
522.9226074,0.00153035455937207
523.0386963,0.000993268421440668
523.1547852,0.000589526882605946
523.2709351,0.0003628513305285
523.3870239,0
523.5031128,0
523.6192627,0
523.7353516,0
523.8514404,0
523.9675903,0
524.0836792,0
524.1998291,0
524.315979,0
524.4320679,0
524.5482178,0
524.6643677,0
524.7805176,0
524.8966675,0.000212192366448388
525.0128174,0.000295969780928884
525.1289673,0.000431571324726514
525.2451172,0
525.3612671,7.3487406290322e-05
525.477417,0
525.5935669,0
525.7097168,0
525.8259277,0
525.9420776,0
526.0582275,0
526.1744385,0
526.2905884,0
526.4067993,0
526.5229492,0
526.6391602,0
526.7553711,0
526.871521,0
526.9877319,0
527.1039429,0
527.2201538,0
527.3363037,0
527.4525146,0
527.5687256,9.41963170098678e-05
527.6849365,0.000134346221282186
527.8012085,0
527.9174194,0
528.0336304,0
528.1498413,0
528.2660522,0
528.3823242,0
528.4985352,0
528.6147461,0
528.7310181,0
528.847229,0
528.963501,0
529.0797729,0
529.1959839,0
529.3122559,0
529.4285278,0
529.5447388,0
529.6610107,0.000610599876359044
529.7772827,0.00104193083198716
529.8935547,0.00176210815435251
530.0098267,0.000454206133049015
530.1260986,9.93822543543331e-05
530.2423706,0
530.3586426,0
530.4749146,0
530.5912476,0
530.7075195,0
530.8237915,0
530.9401245,0
531.0563965,0
531.1726685,0
531.2890015,0
531.4052734,0
531.5216064,0
531.6379395,0
531.7542114,0
531.8705444,0.000165114649081538
531.9868774,0.000470799746688143
532.1032104,0.000437649847368614
532.2194824,0
532.3358154,0
532.4521484,0.000403586693135864
532.5684814,0
532.6848145,0
532.8011475,0
532.9175415,0
533.0338745,0
533.1502075,0
533.2665405,0
533.3829346,0
533.4992676,0
533.6156006,0
533.7319946,0
533.8483276,0
533.9647217,0
534.0810547,0
534.1974487,0
534.3138428,0
534.4301758,2.14626986057899e-05
534.5465698,0
534.6629639,0
534.7793579,0
534.895752,0
535.012146,0
535.12854,0
535.2449341,0
535.3613281,0
535.4777222,0
535.5941162,0
535.7105103,0
535.8269653,0
535.9433594,0
536.0597534,0
536.1762085,0
536.2926025,0
536.4090576,0.000296576162883975
536.5254517,0.000491723862248329
536.6419067,0.000359053571068624
536.7583618,0
536.8747559,0
536.9912109,0
537.107666,0
537.2241211,0
537.3405151,0
537.4569702,0
537.5734253,0
537.6898804,0
537.8063354,0
537.9227905,0
538.0393066,0
538.1557617,0
538.2722168,0
538.3886719,0
538.505127,0
538.6216431,0
538.7380981,0
538.8546143,0
538.9710693,0
539.0875854,0
539.2040405,0
539.3205566,0
539.4370728,0
539.5535278,0
539.6700439,0
539.7865601,0
539.9030762,0
540.0195313,0
540.1360474,0
540.2525635,0
540.3690796,0
540.4855957,0
540.6021729,0
540.718689,0
540.8352051,0
540.9517212,0
541.0682373,0
541.1848145,0
541.3013306,0
541.4179077,0
541.5344238,0
541.6509399,0
541.7675171,0
541.8840942,0
542.0006104,0
542.1171875,0
542.2337646,0
542.3502808,0
542.4668579,0
542.5834351,0
542.7000122,0
542.8165894,0
542.9331665,0
543.0497437,0
543.1663208,0
543.2828979,0
543.3994751,0
543.5160522,3.19533106837765e-05
543.6326904,0
543.7492676,0
543.8658447,0
543.9824829,0
544.0990601,0
544.2156372,0
544.3322754,0
544.4488525,0
544.5654907,0
544.6821289,0
544.7987061,0
544.9153442,0
545.0319824,0
545.1486206,0
545.2651978,0
545.3818359,0
545.4984741,0
545.6151123,0.000109640978858003
545.7317505,6.81799891375103e-05
545.8483887,9.82136740235832e-05
545.9650269,0
546.0817261,0
546.1983643,0
546.3150024,0
546.4316406,0
546.5483398,0
546.664978,0
546.7816162,0
546.8983154,0
547.0149536,0
547.1316528,0
547.248291,0
547.3649902,0
547.4816895,0
547.5983276,0
547.7150269,0
547.8317261,0
547.9484253,0
548.0650635,0
548.1817627,0
548.2984619,0
548.4151611,0
548.5318604,0
548.6485596,0
548.7652588,0
548.882019,0
548.9987183,0
549.1154175,0
549.2321167,0
549.348877,0
549.4655762,0
549.5822754,0
549.6990356,0
549.8157349,0
549.9324951,0
550.0491943,0
550.1659546,0
550.2827148,0
550.3994141,0
550.5161743,0
550.6329346,0
550.7496948,0
550.8664551,0
550.9831543,0
551.0999146,0
551.2166748,0
551.3334351,0
551.4502563,0
551.5670166,0
551.6837769,0
551.8005371,0
551.9172974,0
552.0340576,0
552.1508789,0
552.2676392,0
552.3844604,0
552.5012207,0
552.617981,0
552.7348022,0
552.8516235,0
552.9683838,0
553.0852051,0
553.2020264,0
553.3187866,0
553.4356079,0
553.5524292,0
553.6692505,0
553.7860718,0
553.902832,0
554.0196533,0
554.1364746,0
554.2533569,0
554.3701782,0
554.4869995,0
554.6038208,0
554.7206421,0
554.8374634,0
554.9543457,0
555.071167,0
555.1879883,0
555.3048706,0
555.4216919,0
555.5385742,0
555.6553955,0
555.7722778,0
555.8890991,0
556.0059814,0
556.1228638,0
556.2397461,0
556.3565674,0
556.4734497,0
556.590332,0
556.7072144,0
556.8240967,0
556.940979,0
557.0578613,0
557.1747437,0
557.291626,0
557.4085083,0
557.5253906,0
557.642334,0
557.7592163,0
557.8760986,0
557.992981,0
558.1099243,0
558.2268066,0
558.34375,0
558.4606323,0
558.5775757,0
558.694458,0
558.8114014,0
558.9283447,0
559.0452271,0
559.1621704,0
559.2791138,0
559.3960571,0
559.5129395,0
559.6298828,0
559.7468262,0
559.8637695,0
559.9807129,0
560.0976563,0
560.2145996,0
560.331543,0
560.4485474,0
560.5654907,0
560.6824341,0
560.7993774,0
560.9163818,0
561.0333252,0
561.1502686,0
561.2672729,0
561.3842163,0
561.5012207,0
561.6181641,0
561.7351685,0
561.8521729,0
561.9691162,0
562.0861206,0
562.203125,0
562.3200684,0
562.4370728,0
562.5540771,0
562.6710815,0
562.7880859,0
562.9050903,0
563.0220947,0
563.1390991,0
563.2561035,0
563.3731079,0
563.4901123,0
563.6071777,0
563.7241821,0
563.8411865,0
563.9581909,0
564.0752563,0
564.1922607,0
564.3093262,0
564.4263306,0
564.543396,0
564.6604004,0
564.7774658,0
564.8944702,0
565.0115356,0
565.1286011,0
565.2456055,0
565.3626709,0
565.4797363,0
565.5968018,0
565.7138672,0
565.8309326,0
565.947998,0
566.0650635,0
566.1821289,0
566.2991943,0
566.4162598,0
566.5333252,0
566.6503906,0
566.7674561,0
566.8845825,0
567.0016479,0
567.1187134,0
567.2358398,0
567.3529053,0
567.4699707,0
567.5870972,0
567.7041626,0
567.8212891,0
567.9384155,0
568.055481,0
568.1726074,0
568.2897339,0
568.4067993,0
568.5239258,0
568.6410522,0
568.7581787,0
568.8753052,0
568.9924316,0
569.1095581,0
569.2266846,0
569.343811,0
569.4609375,0
569.578064,0
569.6951904,0
569.8123169,0
569.9294434,0
570.0466309,0
570.1637573,0
570.2808838,0
570.3980713,0
570.5151978,0
570.6323853,0
570.7495117,0
570.8666992,0
570.9838257,0
571.1010132,0
571.2181396,0
571.3353271,0
571.4525146,0
571.5696411,0
571.6868286,0
571.8040161,0
571.9212036,0
572.0383911,0
572.1555786,0
572.2727661,0
572.3899536,0
572.5071411,0
572.6243286,0
572.7415161,0
572.8587036,0
572.9758911,0
573.0930786,0
573.2102661,0
573.3275146,0
573.4447021,0
573.5618896,0
573.6791382,0
573.7963257,0
573.9135742,0
574.0307617,0
574.1480103,0
574.2651978,0
574.3824463,0
574.4996338,0
574.6168823,0
574.7341309,0
574.8513794,0
574.9685669,0
575.0858154,0
575.203064,0
575.3203125,0
575.437561,0
575.5548096,0
575.6720581,0
575.7893066,0
575.9065552,0
576.0238037,0
576.1410522,0
576.2583008,0
576.3755493,0
576.4928589,0
576.6101074,0
576.727356,0
576.8446045,0
576.9619141,0
577.0791626,7.0865870459652e-05
577.1964722,0
577.3137207,0
577.4310303,0
577.5482788,0
577.6655884,0
577.7828369,0
577.9001465,0
578.0174561,0
578.1347046,0
578.2520142,0
578.3693237,0
578.4866333,0
578.6039429,0
578.7212524,0
578.838501,0
578.9558105,0
579.0731201,0
579.1904297,0
579.3078003,0
579.4251099,0
579.5424194,0
579.659729,0
579.7770386,0
579.8943481,0
580.0117188,0
580.1290283,0
580.2463379,0
580.3637085,0
580.4810181,0
580.5983276,0
580.7156982,0
580.8330078,0
580.9503784,0
581.067749,0
581.1850586,0
581.3024292,0
581.4197388,0
581.5371094,0
581.65448,0
581.7718506,0
581.8891602,0
582.0065308,0
582.1239014,0
582.241272,0
582.3586426,0
582.4760132,0
582.5933838,0
582.7107544,0
582.828125,0
582.9454956,0
583.0628662,0
583.1802979,0
583.2976685,0
583.4150391,0
583.5324097,0
583.6498413,0
583.7672119,0
583.8845825,0
584.0020142,0
584.1193848,0
584.2368164,0
584.354187,0
584.4716187,0
584.5889893,0
584.7064209,0
584.8237915,0
584.9412231,0
585.0586548,0
585.1760864,0
585.293457,0
585.4108887,0
585.5283203,0
585.645752,0
585.7631836,0
585.8806152,0
585.9980469,0
586.1154785,0
586.2329102,0
586.3503418,0
586.4677734,0
586.5852051,0
586.7026367,0
586.8200684,0
586.937561,0
587.0549927,0
587.1724243,0
587.289856,0
587.4073486,0
587.5247803,0
587.6422729,0
587.7597046,0
587.8771973,0
587.9946289,0
588.1121216,0
588.2295532,0
588.3470459,0
588.4644775,0
588.5819702,0.000415939771545076
588.6994629,0
588.8169556,0
588.9343872,0
589.0518799,0
589.1693726,0
589.2868652,0
589.4043579,0
589.5218506,0
589.6393433,0
589.7568359,0
589.8743286,0
589.9918213,0
590.109314,0
590.2268066,0
590.3442993,0
590.461792,0
590.5792847,0
590.6968384,0
590.8143311,0
590.9318237,0
591.0493774,0
591.1668701,0
591.2843628,0
591.4019165,0
591.5194092,0
591.6369629,0
591.7544556,0
591.8720093,0
591.989563,0
592.1070557,0
592.2246094,0
592.3421021,0
592.4596558,0
592.5772095,0
592.6947632,0
592.8123169,0
592.9298096,0
593.0473633,0
593.164917,0
593.2824707,0
593.4000244,0
593.5175781,0
593.6351318,0
593.7526855,0
593.8702393,0
593.987793,0
594.1053467,0
594.2229614,0
594.3405151,0
594.4580688,0
594.5756226,0
594.6932373,0
594.810791,0
594.9283447,0
595.0459595,0
595.1635132,0
595.2811279,0
595.3986816,0
595.5162964,4.08548582319035e-05
595.6338501,0.000122898008709271
595.7514648,0
595.8690186,0
595.9866333,0
596.104248,0
596.2218018,0
596.3394165,0
596.4570313,0
596.574585,0
596.6921997,0
596.8098145,0
596.9274292,0
597.0450439,0
597.1626587,0
597.2802734,0
597.3978882,0
597.5155029,0
597.6331177,0
597.7507324,0
597.8683472,0
597.9859619,0.000434591512845095
598.1035767,0
598.2212524,0
598.3388672,0
598.4564819,0
598.5740967,0
598.6917725,0
598.8093872,0
598.927002,0
599.0446777,0
599.1622925,0
599.2799683,0
599.397583,0
599.5152588,0
599.6328735,0
599.7505493,0
599.8681641,0
599.9858398,0
600.1035156,0.000442892461804477
600.2211304,1.40280182978311e-05
600.3388062,0
600.4564819,0
600.5741577,0
600.6917725,0
600.8094482,0
600.927124,0
601.0447998,0
601.1624756,0
601.2801514,0
601.3978271,0
601.5155029,0
601.6331787,0
601.7508545,0
601.8685303,0
601.9862061,0
602.1038818,0.000235414867906746
602.2216187,0.000507156792490994
602.3392944,0.000350474586077772
602.4569702,0.00115162645659234
602.574646,0.000429701342085975
602.6923828,0.00030630691834316
602.8100586,0
602.9277344,0
603.0454712,0
603.163147,0
603.2808838,0
603.3985596,0
603.5162964,0
603.6339722,0
603.751709,0
603.8693848,0
603.9871216,0
604.1047974,0
604.2225342,6.80520090398678e-05
604.340271,0.000303595161720915
604.4580078,0.000185258822214064
604.5756836,0.000420093564289289
604.6934204,0.000277335239885993
604.8111572,0
604.928894,0
605.0466309,0
605.1643066,0
605.2820435,0
605.3997803,0
605.5175171,0
605.6352539,0
605.7529907,0
605.8707275,0
605.9884644,0
606.1062622,0
606.223999,0
606.3417358,0
606.4594727,0.000289556808528041
606.5772095,0.000926414245451185
606.6950073,0.00236047633072703
606.8127441,0.00229354155767215
606.930481,0.00286138855645193
607.0482178,0.00199453539768901
607.1660156,0.00179176815793383
607.2837524,0.00160637432158537
607.4015503,0.000864518943724275
607.5192871,0.000408582437896115
607.6370239,0
607.7548218,0
607.8725586,0
607.9903564,0
608.1081543,0
608.2258911,0
608.343689,0
608.4614868,0
608.5792236,0
608.6970215,0
608.8148193,0
608.9325562,0
609.050354,0
609.1681519,0.000184750075995834
609.2859497,0.000512148931437098
609.4037476,0.000758220201519553
609.5215454,0.000359013628196701
609.6393433,0.000319996906677945
609.7570801,0
609.8748779,0
609.9926758,0
610.1105347,0
610.2283325,0
610.3461304,0
610.4639282,0
610.5817261,0
610.6995239,0
610.8173218,0.000426988544245248
610.9351196,0.000455573666794807
611.0529785,0.00141497562722087
611.1707764,0.001814690820076
611.2885742,0.00244546270038137
611.4064331,0.00344942899063249
611.524231,0.00358377287572803
611.6420288,0.00410682728809617
611.7598877,0.00364126200463685
611.8776855,0.00309086550207103
611.9955444,0.00200727932315302
612.1133423,0.000693287479396448
612.2312012,9.53304650239988e-06
612.348999,0
612.4668579,0
612.5846558,0
612.7025146,0
612.8203125,0
612.9381714,0
613.0560303,0
613.1738892,9.74469105774764e-05
613.291687,0.00101944337842412
613.4095459,0.00211939587920155
613.5274048,0.00317685428072486
613.6452637,0.00409958366352953
613.7630615,0.00458426917751596
613.8809204,0.00479542023262782
613.9987793,0.00436039842163656
614.1166382,0.00416773429856375
614.2344971,0.00395728378229702
614.352356,0.00346010202478679
614.4702148,0.00275919571601569
614.5880737,0.0021327418445513
614.7059326,0.00247410790222851
614.8237915,0.00249144717755685
614.9416504,0.00227946282967981
615.0595093,0.0027154762327887
615.1774292,0.00338009519951229
615.2952881,0.00386399129970394
615.413147,0.00486307504666083
615.5310059,0.0056583056526267
615.6488647,0.00624747322580338
615.7667847,0.00683027932350214
615.8846436,0.00732557225673985
616.0025024,0.00741025223583296
616.1204224,0.00665556441277182
616.2382813,0.00633508989146484
616.3561401,0.00650408165290132
616.4740601,0.00542665304475874
616.5919189,0.00420392006943029
616.7098389,0.00431081384304804
616.8276978,0.00374158252596452
616.9456177,0.00408188350459864
617.0634766,0.00403605961170332
617.1813965,0.0043514926302574
617.2992554,0.00552948771535365
617.4171753,0.00585926649328706
617.5350952,0.0071897322230842
617.6529541,0.006603737845928
617.770874,0.0069867406119964
617.8887939,0.0075077231175823
618.0067139,0.00758471392887453
618.1245728,0.0075996447402472
618.2424927,0.0076899155208595
618.3604126,0.00798434151603887
618.4783325,0.0077787823796732
618.5962524,0.00820889127757629
618.7141724,0.0075737863560338
618.8320313,0.0070920754656922
618.9499512,0.00640942054470317
619.0678711,0.00588318750236411
619.185791,0.00489189896401685
619.3037109,0.00416586609397841
619.4216309,0.00437151735554745
619.5395508,0.0048202875837079
619.6575317,0.00548532959556704
619.7754517,0.00674780283712706
619.8933716,0.00866018342538101
620.0112915,0.00947489687222699
620.1292114,0.0103348617550625
620.2471313,0.010948940659717
620.3651123,0.0117017772398231
620.4830322,0.011990510354228
620.6009521,0.0120700416718781
620.7188721,0.0123476643845443
620.836853,0.0122021747509339
620.9547729,0.0120219277469782
621.0726929,0.011840024314835
621.1906738,0.0112685207409114
621.3085938,0.0103470719725518
621.4265747,0.0101768080278733
621.5444946,0.00997573357918707
621.6624756,0.0101767986832575
621.7803955,0.0094540902493184
621.8983765,0.00997300821211378
622.0162964,0.0113596009459402
622.1342773,0.0120584579478259
622.2521973,0.0134006511253597
622.3701782,0.0135362322533281
622.4881592,0.0149030475879149
622.6060791,0.0160085151183583
622.7240601,0.0160407642813739
622.842041,0.0158728643128988
622.960022,0.0155588100259682
623.0779419,0.0157907587659545
623.1959229,0.0148408628601363
623.3139038,0.0142922795095631
623.4318848,0.0134267428189398
623.5498657,0.0142445293109781
623.6678467,0.0135388763625317
623.7858276,0.0136889708430904
623.9037476,0.013992642285175
624.0217285,0.0138449580986257
624.1397095,0.0144930124763558
624.2576904,0.014183984153518
624.3756714,0.0155665597336433
624.4937134,0.0167549447735292
624.6116943,0.0183387219683808
624.7296753,0.0195773944620833
624.8476563,0.020304928558677
624.9656372,0.0208352660044309
625.0836182,0.0210056380219538
625.2015991,0.0202767530229843
625.3196411,0.0206407540923839
625.4376221,0.0199474388330574
625.555603,0.0201949609260493
625.673584,0.0203042325908215
625.791626,0.0202856340309663
625.9096069,0.0196985786371588
626.0275879,0.0185593546236549
626.1456299,0.0184410560941023
626.2636108,0.0181663337552914
626.3815918,0.0186709313510828
626.4996338,0.0186659259058388
626.6176147,0.0202774126275222
626.7356567,0.0213842385762123
626.8536377,0.0222678450441559
626.9716797,0.0233432000693922
627.0896606,0.0238556316752919
627.2077026,0.0248371437508355
627.3257446,0.0250934485284174
627.4437256,0.0251508372532788
627.5617676,0.0254711325006597
627.6798096,0.0252698876163993
627.7977905,0.0248499892961874
627.9158325,0.024429451076687
628.0338745,0.0239096604130272
628.1518555,0.0236816875894616
628.2698975,0.0235861429102296
628.3879395,0.0236445229722881
628.5059814,0.0242551376799337
628.6240234,0.0244083010425853
628.7420044,0.0255238152154351
628.8600464,0.0262397299353044
628.9780884,0.0269388386317245
629.0961304,0.0274783313295706
629.2141724,0.0276841111804336
629.3322144,0.0280882927277137
629.4502563,0.0281404212656157
629.5682983,0.02894480803761
629.6863403,0.0297803240430751
629.8043823,0.0295265390508021
629.9224243,0.0295113118531975
630.0404663,0.0303602487083004
630.1585693,0.0305432627251545
630.2766113,0.0302390629082071
630.3946533,0.0294918284046262
630.5126953,0.02940618166733
630.6307373,0.0297330169024286
630.7487793,0.0294504879803198
630.8668823,0.0294873840398546
630.9849243,0.0292088615042316
631.1029663,0.0293488721669937
631.2210693,0.0302623447278994
631.3391113,0.030589288442206
631.4571533,0.0307668606627295
631.5752563,0.0307719583348223
631.6932983,0.0312697949252074
631.8113403,0.0318240366204555
631.9294434,0.0325107767480552
632.0474854,0.0327349195115623
632.1655884,0.032317278112036
632.2836304,0.0325589277440824
632.4017334,0.0322773365292209
632.5197754,0.0322612951344462
632.6378784,0.0309403602680218
632.7559814,0.0299158777488136
632.8740234,0.029886046597006
632.9921265,0.0293776185354469
633.1101685,0.0295279565832698
633.2282715,0.0287607405228111
633.3463745,0.0290315891245752
633.4644775,0.0302534007433889
633.5825195,0.0300491148051925
633.7006226,0.0308363916492354
633.8187256,0.0309016225092942
633.9368286,0.0307751627063183
634.0548706,0.0308159282364104
634.1729736,0.0292149163837853
634.2910767,0.0294537463918371
634.4091797,0.028437637430088
634.5272827,0.0270537814406406
634.6453857,0.0271266204158846
634.7634888,0.0257712052653704
634.8815918,0.0251192391661843
634.9996948,0.0239130764687203
635.1177979,0.0229900582152056
635.2359009,0.0225598394157133
635.3540039,0.0215947222013986
635.4721069,0.0215719019238406
635.59021,0.022064365378714
635.708313,0.0215513954447721
635.826416,0.0218736981518856
635.944519,0.0220540339300181
636.0626221,0.0218272828100981
636.1807861,0.0213629416666769
636.2988892,0.0205917009344649
636.4169922,0.0172607788977745
636.5350952,0.0166347009439666
636.6532593,0.016165273097868
636.7713623,0.015640481050418
636.8894653,0.0149913175114491
637.0075684,0.0138351375540625
637.1257324,0.0161860828697557
637.2438354,0.0150783994550156
637.3619995,0.0149026782759012
637.4801025,0.0140089022629472
637.5982056,0.0135360845693116
637.7163696,0.0133112375071699
637.8344727,0.0133447711437969
637.9526367,0.0140309164688603
638.0707397,0.0130555787232387
638.1889038,0.0128762025935838
638.3070068,0.0127614887265538
638.4251709,0.0127646886359037
638.5432739,0.0130210897048418
638.661438,0.0118579029357501
638.7796021,0.0118498999117945
638.8977051,0.01162659429987
639.0158691,0.0112752386824736
639.1340332,0.01121099509794
639.2521362,0.0103335738279065
639.3703003,0.00983256922279929
639.4884644,0.00886526456614368
639.6066284,0.00822088382796738
639.7247314,0.00791671905294733
639.8428955,0.0070968306383468
639.9610596,0.00611769452356736
640.0792236,0.00595913832255406
640.1973877,0.00635544198140989
640.3154907,0.00645838076294679
640.4336548,0.00638816314731179
640.5518188,0.00655742295597858
640.6699829,0.00764938777013279
640.788147,0.00725061546582341
640.906311,0.007148148687391
641.0244751,0.00711777524576962
641.1426392,0.00761773356255797
641.2608032,0.00703035456227086
641.3789673,0.0062432474440293
641.4971313,0.00627722845241728
641.6152954,0.00509227127381523
641.7334595,0.00446520512923728
641.8516235,0.00273430502957103
641.9698486,0.00235719356440278
642.0880127,0.0015791853250338
642.2061768,0.00140910197436296
642.3243408,0.00166317410978846
642.4425049,0.00143856889005822
642.5606689,0.00188349930833695
642.678894,0.001930069345711
642.7970581,0.00280005608773011
642.9152222,0.00240836113525064
643.0334473,0.00298998110606915
643.1516113,0.00333896873569299
643.2697754,0.00369955161855398
643.3880005,0.00423698713723043
643.5061646,0.00371887544937085
643.6243286,0.00357107221958008
643.7425537,0.00304485207661046
643.8607178,0.00180052809253638
643.9789429,0.000782067393040012
644.0971069,0
644.215332,0
644.3334961,0
644.4517212,0
644.5698853,0
644.6881104,0
644.8062744,0
644.9244995,0.00113046819309735
645.0426636,0.00178471233913835
645.1608887,0.00210762691322003
645.2791138,0.00237054034228323
645.3972778,0.00309255753117026
645.5155029,0.00331826195793472
645.633728,0.00232451234148186
645.7518921,0.00185435663447054
645.8701172,0.00197222836031957
645.9883423,0.00189775540547277
646.1065674,0.00177386993409091
646.2247314,0.00128374648370374
646.3429565,0.00048511038749602
646.4611816,0
646.5794067,0
646.6976318,0
646.8158569,0
646.934021,0
647.0522461,0
647.1704712,0
647.2886963,0
647.4069214,0
647.5251465,0
647.6433716,0.000130002007011654
647.7615967,0.000856374938503502
647.8798218,0.000652353849066113
647.9980469,0.00132008913160683
648.116272,0.00121554846555003
648.2344971,0.00102571018935424
648.3527222,0.000428035289740308
648.4710083,0
648.5892334,0
648.7074585,0
648.8256836,0
648.9439087,0
649.0621338,0
649.1804199,0
649.298645,0
649.4168701,0
649.5350952,0
649.6533813,0
649.7716064,0
649.8898315,0
650.0081177,0
650.1263428,0
650.2445679,0
650.362854,0.000589006836428414
650.4810791,0.00121844548866228
650.5993042,0.00111871166971348
650.7175903,4.38762841603467e-05
650.8358154,0.00031167054887709
650.9541016,0
651.0723267,0
651.1906128,0
651.3088379,0
651.427124,0
651.5453491,0
651.6636353,0
651.7818604,0
651.9001465,0
652.0184326,0
652.1366577,0
652.2549438,0
652.37323,0
652.4914551,0
652.6097412,0
652.7280273,0
652.8462524,0
652.9645386,0
653.0828247,0
653.2011108,0
653.3193359,0
653.4376221,0
653.5559082,0
653.6741943,0
653.7924805,0
653.9107056,0
654.0289917,0
654.1472778,0
654.265564,0
654.3838501,0
654.5021362,0
654.6204224,0
654.7387085,0
654.8569946,0
654.9752808,0
655.0935669,0
655.211853,0
655.3301392,0
655.4484253,0
655.5667114,0
655.6849976,0
655.8032837,0
655.9215698,0
656.039917,0
656.1582031,0
656.2764893,0
656.3947754,0
656.5130615,0
656.6314087,0
656.7496948,0
656.867981,0
656.9862671,0
657.1046143,0
657.2229004,0
657.3411865,0
657.4594727,0
657.5778198,0
657.696106,0
657.8143921,0
657.9327393,0
658.0510254,0
658.1693726,0
658.2876587,0
658.4060059,0
658.524292,0
658.6425781,0
658.7609253,0
658.8792114,0
658.9975586,0
659.1158447,0
659.2341919,0
659.3525391,0
659.4708252,0
659.5891724,0
659.7074585,0
659.8258057,0
659.9440918,0
660.062439,0
660.1807861,0
660.2990723,0
660.4174194,0
660.5357666,0
660.6540527,0
660.7723999,0
660.8907471,0
661.0090942,0
661.1273804,0
661.2457275,0
661.3640747,0
661.4824219,0
661.600769,0
661.7190552,0
661.8374023,0
661.9557495,1.03413018877273e-05
662.0740967,2.24181564569559e-05
662.1924438,0
662.310791,0
662.4291382,0
662.5474854,0
662.6658325,0
662.7841797,0
662.9025269,0
663.020813,0
663.1391602,0
663.2575073,0
663.3759155,0
663.4942627,0
663.6126099,0
663.730957,0
663.8493042,0
663.9676514,0
664.0859985,0
664.2043457,0
664.3226929,0
664.44104,0
664.5593872,0
664.6777954,0
664.7961426,0
664.9144897,0
665.0328369,0
665.1511841,0
665.2695923,0
665.3879395,0
665.5062866,0
665.6246338,0
665.743042,0
665.8613892,0
665.9797363,0
666.0981445,0
666.2164917,0
666.3348389,0
666.4532471,0.000841347735917663
666.5715942,0.000525551243591736
666.6899414,0.000270903096070533
666.8083496,0.000499641057999046
666.9266968,0
667.045105,0
667.1634521,0
667.2817993,0
667.4002075,0
667.5185547,0
667.6369629,0
667.7553101,0
667.8737183,0
667.9920654,0
668.1104736,0
668.2288208,0
668.347229,0
668.4655762,0
668.5839844,0
668.7023926,0
668.8207397,0
668.9391479,0
669.0574951,0
669.1759033,0
669.2943115,0
669.4126587,0
669.5310669,0
669.6494751,0
669.7678223,0
669.8862305,0
670.0046387,0
670.1230469,0
670.241394,0
670.3598022,0
670.4782104,0
670.5966187,0
670.7149658,0
670.833374,0.000194912154821639
670.9517822,0
671.0701904,0
671.1885986,0
671.3070068,0
671.425354,0
671.5437622,0
671.6621704,0
671.7805786,0
671.8989868,0
672.017395,0
672.1358032,0
672.2542114,0
672.3726196,0
672.4910278,0
672.609436,0
672.7278442,0
672.8461914,0
672.9645996,0
673.0830078,0
673.2014771,0
673.3198853,0
673.4382935,6.3596142337891e-05
673.5567017,0
673.6751099,0
673.7935181,0
673.9119263,0
674.0303345,0
674.1487427,0
674.2671509,0
674.3855591,0
674.5039673,0
674.6224365,0
674.7408447,0
674.8592529,0
674.9776611,0
675.0960693,0
675.2144775,0
675.3329468,0
675.451355,6.54505081844459e-05
675.5697632,3.05419741034942e-05
675.6881714,0.000106749008733126
675.8066406,0
675.9250488,0
676.043457,0
676.1618652,0
676.2803345,0
676.3987427,0
676.5171509,0
676.6356201,0
676.7540283,0
676.8724365,0
676.9909058,0
677.109314,0
677.2277222,0
677.3461914,0
677.4645996,0
677.5830688,0
677.7014771,0
677.8198853,0
677.9383545,0
678.0567627,0
678.1752319,0
678.2936401,0
678.4121094,0
678.5305176,0
678.6489868,0
678.767395,0
678.8858643,0
679.0042725,0
679.1227417,0
679.2411499,0
679.3596191,0
679.4780273,0
679.5964966,0
679.7149658,0
679.833374,0
679.9518433,0
680.0702515,0
680.1887207,0
680.3071899,0
680.4255981,0
680.5440674,0
680.6624756,0
680.7809448,0
680.8994141,0
681.0178223,0
681.1362915,0
681.2547607,0
681.3731689,0
681.4916382,0
681.6101074,0
681.7285767,0
681.8469849,0
681.9654541,0
682.0839233,0
682.2023926,0
682.3208008,0
682.43927,0
682.5577393,0
682.6762085,0
682.7946777,0
682.9130859,0
683.0315552,0
683.1500244,0
683.2684937,0
683.3869629,0
683.5054321,0
683.6238403,0
683.7423096,0
683.8607788,0
683.979248,0
684.0977173,0
684.2161865,0
684.3346558,0
684.453125,0
684.5715942,0
684.6900635,0
684.8084717,0
684.9269409,0
685.0454102,0
685.1638794,0
685.2823486,0
685.4008179,0
685.5192871,0
685.6377563,0
685.7562256,0
685.8746948,0
685.9931641,0
686.1116333,0
686.2301025,0
686.3485718,0
686.467041,0
686.5855713,0
686.7040405,0
686.8225098,0
686.940979,0
687.0594482,0
687.1779175,0
687.2963867,0
687.414856,0
687.5333252,0
687.6517944,0
687.7703247,0
687.8887939,0
688.0072632,0
688.1257324,0
688.2442017,0
688.3626709,0
688.4811401,0
688.5996704,0
688.7181396,0
688.8366089,0
688.9550781,0
689.0735474,0
689.1920776,0
689.3105469,0
689.4290161,0
689.5474854,0
689.6660156,0
689.7844849,0
689.9029541,0
690.0214233,0
690.1399536,0
690.2584229,0
690.3768921,0
690.4954224,0
690.6138916,0
690.7323608,0
690.8508301,0
690.9693604,0
691.0878296,0
691.2062988,0
691.3248291,0
691.4432983,0
691.5617676,0
691.6802979,0
691.7987671,0
691.9172363,0
692.0357666,0
692.1542358,0
692.2727661,0
692.3912354,0
692.5097046,0
692.6282349,0
692.7467041,0
692.8652344,0
692.9837036,0
693.1022339,0
693.2207031,0
693.3391724,0
693.4577026,0
693.5761719,0
693.6947021,0
693.8131714,0.000367837756271946
693.9317017,0.000787152647850498
694.0501709,0.000915101132567124
694.1687012,0.000117792944449832
694.2871704,0.000277259713652633
694.4057007,0
694.5241699,0
694.6427002,0
694.7611694,0
694.8796997,0
694.9981689,0
695.1166992,0
695.2351685,0
695.3536987,0
695.472168,0
695.5906982,0
695.7091675,0
695.8276978,0
695.946167,0
696.0646973,0
696.1832275,0.000322884356581348
696.3016968,0
696.4202271,0
696.5386963,0
696.6572266,0
696.7757568,0
696.8942261,0
697.0127563,0
697.1312256,0
697.2497559,0
697.3682861,0
697.4867554,0
697.6052856,0
697.7238159,0
697.8422852,0
697.9608154,0
698.0792847,0
698.1978149,0
698.3163452,0
698.4348145,0
698.5533447,0
698.671875,0
698.7903442,0
698.9088745,0
699.0274048,0
699.145874,0
699.2644043,0
699.3829346,0
699.5014648,0
699.6199341,0
699.7384644,0
699.8569946,0
699.9754639,0
700.0939941,0
700.2125244,0
700.3310547,0
700.4495239,0
700.5680542,0
700.6865845,0
700.8051147,0
700.923584,0
701.0421143,0
701.1606445,0
701.2791748,0
701.397644,0
701.5161743,0
701.6347046,0
701.7532349,0
701.8717651,0
701.9902344,0
702.1087646,0
702.2272949,0
702.3458252,0
702.4643555,0
702.5828247,0
702.701355,0
702.8198853,0
702.9384155,0
703.0569458,0
703.175415,0
703.2939453,0
703.4124756,0
703.5310059,0
703.6495361,0
703.7680664,0
703.8865356,0
704.0050659,0
704.1235962,0
704.2421265,0
704.3606567,0
704.479187,0
704.5977173,0
704.7161865,0
704.8347168,0
704.9532471,0
705.0717773,0
705.1903076,0
705.3088379,0
705.4273682,0
705.5458984,0
705.6643677,0
705.7828979,0
705.9014282,0
706.0199585,0
706.1384888,0
706.257019,0
706.3755493,0
706.4940796,0
706.6126099,0
706.7311401,0
706.8496094,0
706.9681396,0
707.0866699,0
707.2052002,0
707.3237305,0
707.4422607,0
707.560791,0
707.6793213,0
707.7978516,0
707.9163818,0
708.0349121,0
708.1534424,0
708.2719727,0
708.3905029,0
708.5090332,0
708.6275024,0
708.7460327,0
708.864563,0
708.9830933,0
709.1016235,0
709.2201538,0
709.3386841,0
709.4572144,0
709.5757446,0
709.6942749,0
709.8128052,0
709.9313354,0.000139391056865869
710.0498657,0.000594891078142204
710.168396,0.000889502289097943
710.2869263,0
710.4054565,0
710.5239868,0
710.6425171,0
710.7610474,0
710.8795776,0
710.9981079,0
711.1166382,0
711.2351685,0
711.3536987,0
711.472229,0
711.5907593,0
711.7092896,0
711.8278198,0
711.9463501,0
712.0648804,0
712.1834106,0
712.3019409,0
712.4204712,0
712.5390015,0
712.6575317,0
712.776062,0
712.8945923,0
713.0131226,0
713.1316528,0
713.2501831,0
713.3687134,0
713.4872437,0
713.6057739,0
713.7243042,0
713.8428345,0
713.9613647,0
714.079895,0
714.1984253,0
714.3169556,0
714.4354858,0
714.5540161,0
714.6725464,0
714.7910767,0
714.9096069,0
715.0281372,0
715.1466675,0
715.2651978,0
715.383728,0
715.5022583,0
715.6207886,0
715.7393188,0
715.8578491,0
715.9763794,0
716.0949097,0
716.2134399,0
716.3319702,0
716.4505005,0
716.5690308,0
716.687561,0
716.8060913,0
716.9246216,0
717.0431519,0
717.1616821,0
717.2802124,0
717.3987427,0
717.5172729,0
717.6358032,0
717.7543335,0
717.8728638,0
717.991394,0
718.1099243,0
718.2285156,0
718.3470459,0
718.4655762,0
718.5841064,0
718.7026367,0
718.821167,0
718.9396973,0
719.0582275,0
719.1767578,0
719.2952881,0
719.4138184,0
719.5323486,0
719.6508789,0
719.7694092,0
719.8879395,0
720.0064697,0
720.125,0
720.2435303,0
720.3620605,0
720.4805908,0
720.5991211,0
720.7176514,0
720.8361816,0
720.9547119,0
721.0732422,0
721.1917725,0
721.3103027,0
721.428833,0
721.5473633,0
721.6658936,0
721.7844238,0
721.9029541,0
722.0214844,0
722.1400146,0
722.2585449,0
722.3770752,0
722.4956055,0
722.6141357,0
722.732666,0
722.8511963,0
722.9697266,0
723.0882568,0
723.2067871,0
723.3253174,0
723.4438477,0
723.5623779,0
723.6809082,0
723.7993774,0
723.9179077,0
724.036438,0
724.1549683,0
724.2734985,0
724.3920288,0
724.5105591,0
724.6290894,0
724.7476196,0
724.8661499,0
724.9846802,0
725.1032104,0
725.2217407,0
725.340271,0
725.4588013,0
725.5773315,0
725.6958618,0
725.8143921,0
725.9329224,0
726.0514526,0
726.1699219,0
726.2884521,0
726.4069824,0
726.5255127,0
726.644043,0
726.7625732,0
726.8811035,0
726.9996338,0
727.1181641,0
727.2366943,0
727.3552246,0
727.4737549,0
727.5922241,0
727.7107544,0
727.8292847,0
727.9478149,0
728.0663452,0
728.1848755,0.000496644012424136
728.3034058,0
728.421936,0.000466710832445601
728.5404663,0
728.6589355,0
728.7774658,0
728.8959961,0
729.0145264,0
729.1330566,0
729.2515869,0
729.3701172,0
729.4885864,0
729.6071167,0
729.725647,0
729.8441772,0
729.9627075,0
730.0812378,0
730.1997681,0
730.3182373,0
730.4367676,0
730.5552979,0
730.6738281,0
730.7923584,0
730.9108276,0
731.0293579,0
731.1478882,0
731.2664185,0
731.3849487,0
731.503479,0
731.6219482,0
731.7404785,0
731.8590088,0
731.9775391,0
732.0960083,0
732.2145386,0
732.3330688,0
732.4515991,0
732.5701294,0
732.6885986,0
732.8071289,0
732.9256592,0
733.0441895,0
733.1626587,0
733.281189,0
733.3997192,0
733.5181885,0
733.6367188,0
733.755249,0
733.8737793,0
733.9922485,0
734.1107788,0
734.2293091,0
734.3477783,0
734.4663086,0
734.5848389,0
734.7033691,0
734.8218384,0
734.9403687,0
735.0588989,0
735.1773682,0
735.2958984,0
735.4144287,0
735.5328979,0
735.6514282,0
735.7699585,0
735.8884277,0
736.006958,0
736.1254272,0
736.2439575,0
736.3624878,0
736.480957,0
736.5994873,0
736.7180176,0
736.8364868,0
736.9550171,0
737.0734863,0
737.1920166,0
737.3105469,0
737.4290161,0
737.5475464,0
737.6660156,0
737.7845459,0
737.9030151,0
738.0215454,0
738.1400146,0
738.2585449,0
738.3770752,0
738.4955444,0
738.6140747,0
738.7325439,0
738.8510742,0
738.9695435,0
739.0880737,0
739.206543,0
739.3250732,0
739.4435425,0
739.5620728,0
739.680542,0
739.7990723,0
739.9175415,0
740.0360107,0
740.154541,0
740.2730103,0
740.3915405,0
740.5100098,0
740.62854,0
740.7470093,0
740.8655396,0
740.9840088,0
741.102478,0
741.2210083,0
741.3394775,0
741.4580078,0
741.5764771,0
