321.5698853,0
321.6777954,0
321.7857361,0
321.8936768,0
322.0016174,0
322.1095581,0
322.2175293,0
322.32547,0
322.4334412,0
322.5414124,0
322.6494141,0
322.7573853,0
322.865387,0.000230649994030062
322.9733887,0
323.0813904,0.000281827284712853
323.1893921,0
323.2973938,0
323.405426,0
323.5134583,0
323.6214905,0
323.7295227,0
323.8375854,0
323.9456482,0
324.0537109,0
324.1617737,0
324.2698364,0
324.3778992,0
324.4859924,0
324.5940857,0
324.702179,0.000259094026529901
324.8102722,0.00032726996321316
324.918396,0.000500059174836766
325.0265198,0.000335819760321148
325.1346436,0.000611382152771289
325.2427673,0.000255647506934916
325.3508911,0
325.4590149,0
325.5671692,0
325.6753235,0
325.7834778,0
325.8916321,0
325.9998169,0
326.1080017,0
326.2161865,0
326.3243713,0
326.4325562,0
326.5407715,0
326.6489563,0
326.7571716,0
326.865387,0
326.9736328,0
327.0818481,0
327.190094,0
327.2983398,0
327.4065857,0.000198308237979469
327.5148315,0.000278455307481201
327.6231079,0.00012315814912609
327.7313538,0
327.8396301,0
327.9479065,0
328.0562134,0
328.1644897,0
328.2727966,0
328.3811035,0
328.4894104,0
328.5977173,0
328.7060242,0
328.8143616,0
328.922699,0.000201966944151076
329.0310364,0.00105546781970274
329.1393738,0.00103812764940664
329.2477417,0.000246289201753381
329.3561096,0.000337646713770289
329.464447,0.000360714660167014
329.5728149,0.000251272014230868
329.6812134,0
329.7895813,1.22200105931813e-05
329.8979797,0
330.0063782,0
330.1147766,0
330.223175,0
330.3315735,0
330.4400024,0
330.5484314,0
330.6568604,0
330.7652893,0
330.8737488,0
330.9821777,3.90336424962377e-05
331.0906372,0
331.1990967,0
331.3075562,0
331.4160461,0
331.5245361,0
331.6329956,0.000109504915247982
331.7414856,0.000215970681762372
331.8500061,8.41250028362937e-05
331.9584961,0
332.0670166,0
332.1755066,0
332.2840271,0
332.3925781,0
332.5010986,0
332.6096497,0
332.7181702,0
332.8267212,0
332.9353027,0
333.0438538,0
333.1524048,0
333.2609863,0.0004521386562817
333.3695679,0.000142216195394315
333.4781494,0.000346377049102173
333.5867615,0.000392082547550058
333.695343,0.000749121482035558
333.8039551,0.000556546581125861
333.9125671,0
334.0211792,0.000136914616225017
334.1297913,0
334.2384338,0
334.3470764,0
334.455719,0
334.5643616,0
334.6730042,0
334.7816772,0
334.8903198,0
334.9989929,0
335.107666,0
335.2163696,0
335.3250427,0
335.4337463,0
335.54245,0
335.6511536,0
335.7598572,0
335.8685608,0
335.9772949,0.000227844762375383
336.0860291,0.000583756333618333
336.1947632,0.000412142161160151
336.3034973,1.05093647739453e-05
336.412262,0
336.5209961,0
336.6297607,0
336.7385254,0
336.84729,0
336.9560852,0
337.0648499,0
337.173645,0
337.2824402,0
337.3912354,0
337.5000305,0
337.6088562,9.51063099581531e-05
337.7176819,0
337.8265076,0
337.9353333,0.000734475517911342
338.0441589,0.00131528125414467
338.1530151,0.000740276331271188
338.2618408,0.000877527707835449
338.370697,0.000949901875493629
338.4795532,0.000517813694229272
338.5884399,0
338.6972961,0
338.8061829,0
338.9150696,0
339.0239563,0
339.132843,0
339.2417603,0
339.350647,0
339.4595642,0
339.5684814,0
339.6773987,0
339.7863464,0.000332368990384438
339.8952637,0.000871092814849952
340.0042114,0.00106124734535243
340.1131592,0.00132567934564066
340.2221069,0.000871643815841087
340.3310852,0.00070426770465614
340.440033,6.96012243740387e-08
340.5490112,0
340.6579895,0
340.7669678,0
340.8759766,0
340.9849548,0
341.0939636,0
341.2029724,0
341.3119812,0
341.42099,0
341.5300293,0
341.6390381,0
341.7480774,0
341.8571167,0
341.9661865,0
342.0752258,0
342.1842957,0
342.293335,0
342.4024048,0.000187668295803324
342.5115051,0.000610011627992971
342.620575,0.000349285956599422
342.7296753,0.000185531696490919
342.8387451,0
342.9478455,0
343.0569763,0
343.1660767,0
343.2752075,0
343.3843079,0
343.4934387,0
343.6025696,0
343.711731,0
343.8208618,0
343.9300232,0
344.0391846,0.000250829506106138
344.1483459,0.000627401316047837
344.2575073,0.000420672547885768
344.3666687,0.000286402123998256
344.4758606,0.000826733790585558
344.5850525,0.000428458466764161
344.6942444,0.00020105562813718
344.8034363,0
344.9126587,0
345.0218506,0
345.131073,0
345.2402954,0
345.3495178,0
345.4587402,0
345.5679932,0
345.6772461,0
345.786499,0
345.895752,0
346.0050049,0
346.1142578,0
346.2235413,0.000406130489765912
346.3328247,0
346.4421082,0
346.5513916,0.00051575813701973
346.6607056,0.0002815191974745
346.769989,0.000178124528899909
346.879303,0
346.9886169,0.000495093222747465
347.0979309,0.000112952639140761
347.2072754,0
347.3165894,0
347.4259338,0
347.5352783,0
347.6446228,0
347.7539673,0
347.8633423,0
347.9727173,0
348.0820618,0
348.1914673,0
348.3008423,0
348.4102173,0
348.5196228,0
348.6290283,3.08083500979067e-05
348.7384338,0.000518425299562494
348.8478394,0.000452596607715868
348.9572449,0.000266133246233248
349.0666809,0.000139859210003917
349.1761169,0
349.2855225,0
349.394989,0
349.504425,0
349.6138611,0
349.7233276,0
349.8327942,0
349.9422607,0
350.0517273,0
350.1612244,0
350.2706909,0
350.380188,0
350.4896851,0
350.5991821,0.000223418299469715
350.7087097,0.000974022022695974
350.8182068,0.00105186222672638
350.9277344,0.000482639627383216
351.037262,0.00087343981157804
351.1467896,0.00086418032961838
351.2563171,0.000294104592406393
351.3658752,0
351.4754333,0
351.5849609,0
351.694519,0
351.8041077,0
351.9136658,0
352.0232544,0
352.132843,0
352.2424011,0
352.3520203,0
352.4616089,0.000166377395045207
352.571228,0.000790820887936482
352.6808167,0.000662927710354962
352.7904358,0.000533316922480856
352.9000549,0.000904463270233101
353.0097046,0.000855059903941124
353.1193237,0.000515638057154133
353.2289734,0.000132248139870118
353.3385925,0.000299758069613794
353.4482422,5.29177959311369e-05
353.5579224,0
353.667572,0
353.7772522,0
353.8869019,0
353.996582,0
354.1062622,0
354.2159729,0
354.3256531,0
354.4353638,0
354.5450745,0
354.6547852,0
354.7644958,0
354.8742371,0
354.9839478,0.000162557295535089
355.093689,0.000140677104334539
355.2034302,9.41396848963382e-05
355.3131714,0
355.4229126,0
355.5326843,0
355.6424561,0
355.7521973,0
355.8619995,0
355.9717712,0
356.081543,0
356.1913452,0
356.3011475,0
356.4109497,0
356.520752,0
356.6305542,0
356.740387,0
356.8502197,0.000407054114406866
356.960022,0.000837136433406065
357.0698853,0.00109330380680399
357.179718,0.00128262220130049
357.2895508,0.000968747575563003
357.3994141,0.000695352527362584
357.5092773,0.000253137664315933
357.6191406,0
357.7290039,0
357.8388672,0
357.948761,0
358.0586548,0
358.1685181,0
358.2784424,0
358.3883362,0
358.49823,0
358.6081543,0
358.7180786,0
358.8280029,0
358.9379272,0.000193500455971747
359.0478516,0.000280225233976056
359.1578064,0.000575576273237954
359.2677612,0.00110733271077747
359.3777161,0.000986984521942459
359.4876709,0.000774835781682793
359.5976257,0.000677448533888402
359.7076111,0.000565147047356836
359.8175659,0
359.9275513,0
360.0375366,0
360.147522,0
360.2575378,0
360.3675232,0
360.4775391,0
360.5875549,0
360.6975708,0
360.8075867,0
360.9176331,0
361.0276489,0
361.1376953,0
361.2477417,0.00017699319840035
361.3577881,2.70822918198097e-05
361.467865,0.000322583797329817
361.5779114,0.000492743108650895
361.6879883,0.000650497102903885
361.7980652,0.000398869821211639
361.9081421,0
362.018219,0
362.1283264,0
362.2384033,0
362.3485107,0
362.4586182,0
362.5687256,0
362.6788635,0
362.7889709,0
362.8991089,0
363.0092468,0
363.1193848,0
363.2295227,0
363.3396912,0.000122143511640858
363.4498291,0.00056646539784568
363.5599976,0.000350884554080276
363.670166,0.000611299534624651
363.7803345,0.000517593361001182
363.8905334,0.000787691009847992
364.0007019,0.00049164983776488
364.1109009,0
364.2210999,0
364.3312988,0
364.4414978,0
364.5516968,0
364.6619263,0
364.7721558,0
364.8823853,0
364.9926147,0
365.1028442,0
365.2131042,0
365.3233337,0
365.4335938,2.30259375687677e-05
365.5438538,0.000547484762934498
365.6541138,0.000961726508925464
365.7644043,0.000700150604186728
365.8746643,0.00058624972316611
365.9849548,0.000712899004120588
366.0952454,0.000252707252171179
366.2055359,0
366.3158264,0
366.4261475,0
366.536438,0
366.646759,0
366.7570801,0
366.8674011,0
366.9777527,0
367.0880737,0
367.1984253,0
367.3087769,0
367.4191284,0
367.52948,0
367.6398315,0
367.7502136,0.000118591456650369
367.8605957,0
367.9709778,0
368.0813599,7.51360445146783e-05
368.1917419,0.000363517182159643
368.302124,0
368.4125366,0
368.5229492,0
368.6333618,0
368.7437744,0
368.854187,0
368.9646301,0
369.0750732,0
369.1855164,0
369.2959595,0
369.4064026,0
369.5168457,0
369.6273193,0
369.737793,0
369.8482666,0
369.9587402,0
370.0692139,0
370.1796875,0
370.2901917,0
370.4006958,0
370.5112,0
370.6217041,0
370.7322083,0
370.8427429,0
370.9532776,0
371.0638123,0
371.1743469,0
371.2848816,0
371.3954163,0
371.5059814,0
371.6165466,0
371.7270813,0.000163910570580859
371.837677,0.000849621871754908
371.9482422,0.00117349430181232
372.0588074,0.000812918702506823
372.1694031,0.00138754423669934
372.2799988,0.00156793610176113
372.3905945,0.000817478417287589
372.5011902,0.000257227366810855
372.6117859,0
372.7224121,0
372.8330078,0
372.943634,0
373.0542603,0
373.164917,0
373.2755432,0
373.3861694,0
373.4968262,0
373.6074829,0
373.7181396,0
373.8287964,0
373.9394836,0
374.0501404,0.00013766066041115
374.1608276,0
374.2715149,0
374.3822021,0
374.4929199,0
374.6036072,0
374.714325,0
374.8250122,0
374.93573,0
375.0464783,0
375.157196,0
375.2679138,0
375.3786621,0
375.4894104,0
375.6001587,0
375.710907,0
375.8216858,0
375.9324341,0
376.0432129,0
376.1539917,0.00036545441718278
376.2647705,0.00078749263735244
376.3755493,0.000669152931812275
376.4863586,0.000728510513169587
376.5971375,5.84036721087033e-05
376.7079468,0
376.8187561,0
376.9295654,0
377.0403748,0
377.1512146,0
377.2620239,0
377.3728638,0
377.4837036,0
377.5945435,0
377.7053833,0
377.8162537,0
377.927124,0
378.0379639,0
378.1488342,0
378.2597351,0.000361341744573875
378.3706055,0.000487202636276905
378.4814758,0.000909478492495952
378.5923767,0.00120185968328562
378.7032776,0.00121633391107885
378.8141785,0.00103292737297621
378.9250793,0.000742150039449901
379.0360107,0.000498525662688329
379.1469116,0
379.257843,0
379.3687744,0
379.4797058,0
379.5906372,0
379.7015686,0
379.8125305,0
379.9234924,0
380.0344543,0
380.1454163,0
380.2563782,0
380.3673401,0
380.4783325,0
380.589325,0
380.7003174,0
380.8113098,0.000176416960241241
380.9223022,0.00015690650589288
381.0333252,0.000319252146354952
381.1443176,0.000573900228786462
381.2553406,0
381.3663635,0
381.4773865,0
381.5884094,0
381.6994629,0
381.8105164,0
381.9215393,0
382.0325928,0
382.1436462,0
382.2547302,0
382.3657837,0
382.4768677,0
382.5879517,0
382.6990356,0.000385395974284486
382.8101196,0.000687556814669772
382.9212036,0.00134821570118521
383.0323181,0.00137475659091956
383.1434021,0.00147012398538748
383.2545166,0.00109961180605907
383.3656311,0.000624160146711818
383.4767761,0.000198319891415282
383.5878906,0
383.6990051,0
383.8101501,0
383.9212952,0
384.0324402,0
384.1435852,0
384.2547607,0
384.3659058,0
384.4770813,0
384.5882568,0
384.6994324,0
384.8106079,0
384.9217834,0.000192755456887144
385.0329895,0.00092648284099195
385.1441956,0.00106483607806838
385.2553711,0.00109966546803227
385.3665771,0.000960241009144156
385.4778137,0.000451562187799545
385.5890198,0.000145989858611507
385.7002563,0
385.8114624,0
385.922699,0
386.0339355,0
386.1451721,0
386.2564392,0
386.3676758,0
386.4789429,0
386.59021,0
386.7014771,0
386.8127441,0
386.9240417,0
387.0353088,0
387.1466064,0.000104187308287948
387.2579041,0.00106771119447181
387.3692017,0.00165846597874152
387.4804993,0.00130051022030544
387.5918274,0.00107857621625078
387.703125,0.000739388994802922
387.8144531,9.54828653015922e-05
387.9257813,0
388.0371094,0
388.1484375,0
388.2597961,0
388.3711243,0
388.4824829,0
388.5938416,0
388.7052002,0
388.8165588,0
388.9279175,0
389.0393066,0
389.1506958,0.000333826915249047
389.262085,0.000555568214085628
389.3734741,0.000680516674100202
389.4848633,0.000913186131837016
389.5962524,0.000864624714933978
389.7076721,0.00085097819300891
389.8190918,0.000395574865762953
389.930481,0
390.0419312,0
390.1533508,0
390.2647705,0
390.3762207,0
390.4876404,0
390.5990906,0
390.7105408,0
390.8220215,0
390.9334717,0
391.0449524,0
391.1564026,0.000260742708580943
391.2678833,0
391.379364,0
391.4908447,5.30569497500626e-05
391.602356,0
391.7138367,2.83065303058342e-05
391.8253479,0
391.9368591,0
392.0483704,0.000244146226983915
392.1598816,0
392.2713928,0
392.3829346,0
392.4944763,0
392.6059875,0
392.7175293,0
392.8291016,0
392.9406433,0
393.0521851,0
393.1637573,0
393.2753296,0.00016996294018172
393.3869019,0.000602559741910432
393.4984741,0.000706345027656009
393.6100464,0.000402816318794916
393.7216492,0.000646728770498615
393.833252,0.000385159949928982
393.9448242,0.000960827023516263
394.056427,0.000881118583573944
394.1680603,0.00111937512720893
394.2796631,0.00111612423491905
394.3912659,0.000725384566557172
394.5028992,0.000544734273648671
394.6145325,0
394.7261658,0
394.8377991,0
394.9494324,0
395.0610962,0
395.1727295,0
395.2843933,3.59516179878423e-06
395.3960571,0.00125197251750734
395.5077209,0.00167692031815099
395.6193848,0.0022207911112472
395.7310791,0.00263092209715989
395.8427429,0.00315066404706906
395.9544373,0.00381250785505826
396.0661316,0.00349297730368411
396.1778259,0.00384171395940414
396.2895203,0.00368885132199527
396.4012451,0.00340639447346352
396.5129395,0.00268645954360647
396.6246643,0.00219781380595029
396.7363892,0.00240521017953262
396.848114,0.00214257010175069
396.9598389,0.00189016257752692
397.0715637,0.00208567523591155
397.1833191,0.00258194459589758
397.2950745,0.00258731101228467
397.4068298,0.00276860496622956
397.5185852,0.00292384871043097
397.6303406,0.00369559736626609
397.7420959,0.00425028516869199
397.8538818,0.00501153037498705
397.9656372,0.00571259284420903
398.0774231,0.00635528468866859
398.189209,0.00701334463231377
398.3009949,0.00756915993982808
398.4128113,0.00800038488842032
398.5245972,0.00767505649916331
398.6364136,0.00731904362533362
398.7481995,0.00672714398009131
398.8600159,0.00672099342508203
398.9718628,0.00681262636668679
399.0836792,0.00649702146785619
399.1954956,0.00692394091457479
399.3073425,0.00715959029803134
399.4191895,0.00799565398680609
399.5310364,0.00888933653540602
399.6428833,0.009409023513352
399.7547302,0.0108037274346852
399.8665771,0.0117887972490527
399.9784546,0.013043576503509
400.090332,0.0140032114322343
400.202179,0.0145796416050551
400.3140564,0.015128076415392
400.4259644,0.0154476451508979
400.5378418,0.0155916121447729
400.6497498,0.0163127007202637
400.7616272,0.0163592480573196
400.8735352,0.0165819029387981
400.9854431,0.0168671551727158
401.0973511,0.0172175499322617
401.2092896,0.0174524314002215
401.3211975,0.0175751112483438
401.433136,0.0179545938786024
401.5450745,0.0187848668144849
401.6569824,0.0202352853207976
401.7689514,0.0212123155338106
401.8808899,0.0225735495028334
401.9928284,0.0239416904675131
402.1047974,0.0253753222134359
402.2167664,0.0265406021146462
402.3287354,0.0266738695708823
402.4407043,0.0272720062688104
402.5526733,0.0286111979287149
402.6646423,0.0292649090863541
402.7766418,0.0300368492965146
402.8886414,0.0300200826537739
403.0006104,0.0307234947055965
403.1126099,0.0316536854329427
403.2246399,0.0318402544896241
403.3366394,0.0325548682003351
403.4486694,0.0333224760586192
403.5606689,0.0343221311802034
403.672699,0.0359736847807367
403.784729,0.0375142317078059
403.896759,0.0388179158872947
404.0087891,0.0404294936423369
404.1208496,0.0419488262482048
404.2329102,0.0436423313054922
404.3449402,0.0449343170902389
404.4570007,0.045465185748623
404.5690613,0.0462407844698183
404.6811523,0.0464445639152303
404.7932129,0.0473842240979356
404.905304,0.0481211504479151
405.0173645,0.0483461187114833
405.1294556,0.048794187872297
405.2415466,0.0493805918869399
405.3536377,0.0498434141061036
405.4657593,0.0501423885194594
405.5778503,0.0507407992306009
405.6899719,0.0514241652711829
405.8020935,0.0527600939956523
405.9142151,0.0533407916278478
406.0263367,0.0542709494860222
406.1384583,0.0547049042919002
406.2506104,0.0555746812699786
406.3627319,0.0559195090618992
406.474884,0.0562551365952437
406.5870361,0.0569650390975475
406.6991882,0.0573875788717964
406.8113403,0.0577980892822014
406.9235229,0.0572933411078075
407.035675,0.0569896866559261
407.1478577,0.0567891171560856
407.2600403,0.0567629139302002
407.3722229,0.0565052919441236
407.4844055,0.0556662061087322
407.5965881,0.055340855618053
407.7088013,0.0547832974811968
407.8209839,0.0538780518431936
407.933197,0.052716783523542
408.0454102,0.0521986243026029
408.1576233,0.0526043203605735
408.2698364,0.0523134926580155
408.3820801,0.0527235717879491
408.4942932,0.0532276557574048
408.6065369,0.0539309558812237
408.7187805,0.0537271197628847
408.8310242,0.0527407005696732
408.9432678,0.0525553613138314
409.055542,0.0520125250654436
409.1677856,0.0505979214893762
409.2800598,0.0493527547881642
409.392334,0.0484246054134672
409.5046082,0.0476439514802787
409.6168823,0.0466372729015649
409.7291565,0.0458871383929926
409.8414612,0.0450513010422234
409.9537354,0.0436627046042925
410.06604,0.042781344842539
410.1783447,0.0427205593199054
410.2906494,0.0423534001858746
410.4029541,0.041609367069426
410.5152893,0.042092182311488
410.627594,0.0426360800427463
410.7399292,0.0429115862583954
410.8522644,0.0424898036312851
410.9645996,0.0421621352220046
411.0769348,0.0419063715368338
411.18927,0.0410699017169311
411.3016052,0.0401961831461451
411.4139709,0.0392980363395189
411.5263367,0.0384277646078387
411.6387024,0.0376346273614684
411.7510681,0.0368687327193892
411.8634338,0.0363725041625262
411.9757996,0.0361740190863333
412.0881958,0.0357650450761917
412.200592,0.0351054458991692
412.3129883,0.0344911838131319
412.4253845,0.0341395632218138
412.5377808,0.0334984002683369
412.650177,0.0329852259860571
412.7626038,0.0326327842055043
412.875,0.0327747653862897
412.9874268,0.0328404973100531
413.0998535,0.0328420229410456
413.2122803,0.0327501824344088
413.324707,0.0323828464798725
413.4371643,0.0322610991815442
413.5495911,0.0321387998907642
413.6620483,0.0317677258004385
413.7745056,0.0309962780771452
413.8869629,0.0302633939142043
413.9994202,0.0298339485621485
414.1118774,0.0295412211884978
414.2243347,0.0287296839908983
414.3368225,0.0286625460162767
414.4493103,0.028692316793248
414.5617981,0.0287359925199607
414.6742859,0.0289797002063964
414.7867737,0.0284736369410931
414.8992615,0.0286550493410444
415.0117798,0.0283495742769022
415.1242981,0.0287408332273674
415.2367859,0.0290646705556154
415.3493042,0.0290589483045052
415.461853,0.0288007219020363
415.5743713,0.0283842228794383
415.6868896,0.0284183991157988
415.7994385,0.0277626072175752
415.9119873,0.0270111102965875
416.0245361,0.0263592996604468
416.137085,0.0264684460492321
416.2496338,0.026479708631555
416.3621826,0.0256974233721296
416.474762,0.0249045717571282
416.5873108,0.0247458386688978
416.6998901,0.0245389875578476
416.8124695,0.0239559722915335
416.9250488,0.0240210867644205
417.0376282,0.0240505551924756
417.150238,0.0248539609789747
417.2628174,0.024908619324999
417.3754272,0.0248798221865685
417.4880371,0.0252532878689313
417.600647,0.02503295062005
417.7132568,0.0246860514374445
417.8258667,0.0240221797001341
417.9385071,0.0236293588478814
418.0511475,0.0228659504408513
418.1637573,0.0220848221561929
418.2763977,0.021239795313076
418.3890381,0.0208393856922751
418.501709,0.0202223112200387
418.6143494,0.019776776181703
418.7269897,0.0192393918542752
418.8396606,0.0188917870950234
418.9523315,0.0182781982808623
419.0650024,0.0181260466030618
419.1776733,0.0181114836811416
419.2903442,0.0177819275034066
419.4030457,0.0179564272408646
419.5157166,0.0180513462118218
419.628418,0.0179551538046249
419.7411194,0.0179496007234109
419.8538208,0.0179590081219682
419.9665222,0.0176799890443871
420.0792236,0.0174158567731416
420.1919556,0.0167949299688562
420.3046875,0.0164306160901963
420.4173889,0.0157326524177512
420.5301208,0.0146955001781178
420.6428528,0.0141311197712728
420.7556152,0.0133618854031824
420.8683472,0.0126979626597813
420.9810791,0.011930794298501
421.0938416,0.0116930254945371
421.206604,0.0113880256307491
421.3193665,0.011066331950293
421.4321289,0.0112359358682696
421.5448914,0.0113766574961838
421.6576843,0.0119087694143338
421.7704468,0.0117757783780051
421.8832397,0.0121758325185454
421.9960327,0.0119093963565906
422.1088257,0.0116766480531558
422.2216187,0.0109837812473737
422.3344116,0.0101147395969082
422.4472351,0.00926962299886295
422.5600281,0.00873499353430157
422.6728516,0.00850772676313822
422.785675,0.0081477686132335
422.8984985,0.0079813776166402
423.011322,0.00807649480075214
423.124176,0.0078769987542702
423.2369995,0.00683695138578192
423.3498535,0.00627928819156171
423.4627075,0.00580828362746864
423.5755615,0.00574215563261887
423.6884155,0.00520505119761409
423.8012695,0.00556388935125473
423.9141235,0.00623587988916729
424.0270081,0.00682208717878937
424.1398621,0.00701582555422839
424.2527466,0.00720041410943329
424.3656311,0.00735032083633794
424.4785156,0.0068688520685051
424.5914307,0.0064039009365409
424.7043152,0.00565113532393872
424.8172302,0.00495457642780802
424.9301147,0.00402695566822758
425.0430298,0.00347282588016069
425.1559448,0.00321806820675921
425.2688599,0.00294484165377432
425.3818054,0.00281117019044689
425.4947205,0.00277343136182444
425.607666,0.00294479245483404
425.7205811,0.00350847550247776
425.8335266,0.00362851043257286
425.9464722,0.00384900112249467
426.0594482,0.00420506429348991
426.1723938,0.00474738892909557
426.2853394,0.00502640612954674
426.3983154,0.00488995068676769
426.5112915,0.00517162438825949
426.6242676,0.00496260441055066
426.7372437,0.0046603694704314
426.8502197,0.00429624523423567
426.9631958,0.0036872148246524
427.0762024,0.00301609279710014
427.189209,0.00250808707129808
427.3021851,0.00174627704981671
427.4151917,0.00136158661618468
427.5281982,0.000555950117731355
427.6412354,0.000751538434298402
427.7542419,0.00090817951680631
427.8672485,0.00053896280642275
427.9802856,0.00126903437126295
428.0933228,0.00163530090934268
428.2063599,0.00250158103619555
428.319397,0.00308201429062491
428.4324341,0.00367842551418246
428.5455017,0.00386321536405361
428.6585388,0.00366438727722625
428.7716064,0.00389992827380526
428.8846741,0.0038660025313859
428.9977417,0.00353477645382983
429.1108093,0.00293731642955322
429.223877,0.00300748097853024
429.3369751,0.00289588490860447
429.4500427,0.00230355901327667
429.5631409,0.00136371577700238
429.676239,0.000818069726858022
429.7893372,0.000383034525754672
429.9024353,0
430.0155334,0
430.1286316,0.000233319388150141
430.2417603,0.000607285206650858
430.3548889,0.000630788683357176
430.4680176,0.00130516851009153
430.5811462,0.00213501406130423
430.6942749,0.00229435889584659
430.8074036,0.00254446550521833
430.9205627,0.00289071426125424
431.0336914,0.00357490191460036
431.1468506,0.00308129327089882
431.2600098,0.00272946433594822
431.3731689,0.00234892068508081
431.4863281,0.00168358820701297
431.5994873,0.00141383066575272
431.712677,0.000692216167295725
431.8258362,0.000807806711673935
431.9390259,0.000461499405476171
432.0522156,0.000493728471230912
432.1654053,0.000277050070488778
432.278595,0.00052513548061098
432.3917847,0.000869385458566053
432.5050049,0.0009892136393493
432.6181946,0.00119228942183073
432.7314148,0.00155119083630461
432.844635,0.00208887150975755
432.9578552,0.00213794050225161
433.0710754,0.00179887564083692
433.1842957,0.00183132112574733
433.2975464,0.00161700096797078
433.4107971,0.00108286760332984
433.5240173,0.000924956412954807
433.6372681,0
433.7505188,0
433.8637695,0
433.9770508,0
434.0903015,0
434.2035828,0
434.3168335,0
434.4301147,0
434.543396,0
434.6567078,0
434.769989,0
434.8832703,0
434.996582,0.000556897341288336
435.1098938,0.00106558328213801
435.223175,0.00111664535000439
435.3364868,0.000859104972257913
435.4498291,0.000543436166027072
435.5631409,0
435.6764526,0
435.7897949,0
435.9031372,0
436.0164795,0
436.1298218,0
436.2431641,0
436.3565063,0
436.4698486,0
436.5832214,0
436.6965942,0
436.809967,0
436.9233398,0
437.0367126,0
437.1500854,0
437.2634583,0.000432098240590822
437.3768616,0.000512890210911029
437.4902649,0.000990414907384983
437.6036682,0.00113342055459693
437.7170715,0.00137307826198
437.8304749,0.00111536758253707
437.9438782,0.000781269948506955
438.0572815,0.000505767983426266
438.1707153,0
438.2841492,6.57391850724877e-06
438.3975525,0
438.5109863,0
438.6244202,0
438.7378845,0
438.8513184,0
438.9647827,0
439.0782166,0
439.1916809,0
439.3051453,0
439.4186096,0
439.532074,0
439.6455688,0.000257185960386613
439.7590332,0.000396795951768929
439.8725281,0.000421331368933906
439.9860229,0
440.0995178,1.5168646461757e-05
440.2130127,0
440.3265076,0
440.4400024,0
440.5535278,0
440.6670227,0
440.7805481,0
440.8940735,0
441.0075989,0
441.1211243,0
441.2346497,0
441.3482056,0
441.4617615,0
441.5752869,0
441.6888428,0
441.8023987,9.88421087945791e-06
441.9159546,0.00026304512875768
442.029541,0.00060525837555489
442.1430969,0.000716356929246693
442.2566833,0.000699386336337416
442.3702393,0.000444578011627354
442.4838257,4.73546408985702e-05
442.5974121,0
442.7109985,0
442.824585,0
442.9382019,0
443.0517883,0
443.1654053,0
443.2790222,0
443.3926392,0
443.5062561,0
443.619873,0
443.73349,0
443.8471375,0
443.9607849,0.000193757520293972
444.0744019,0.000723440584029774
444.1880493,0.000767598472862219
444.3016968,0.000677899525198611
444.4153442,0.00129987931073084
444.5290222,0.00121668650444766
444.6426697,0.000721045255988276
444.7563477,0.000113850690269892
444.8700256,0
444.9836731,0
445.0973511,0
445.2110596,0
445.3247375,0
445.4384155,0
445.552124,0
445.665802,0
445.7795105,0
445.893219,0
446.0069275,0
446.1206665,0.000565485950501074
446.234375,0.000528059140806031
446.3480835,0.000626306575024751
446.4618225,0.000881113412087598
446.5755615,0.000694926542895782
446.6893005,0.000847884744888764
446.8030396,0.000320779017327233
446.9167786,1.38912775289565e-05
447.0305176,0
447.1442871,0
447.2580261,0
447.3717957,0
447.4855652,0
447.5993347,0
447.7131042,0
447.8268738,0
447.9406738,0
448.0544434,0
448.1682434,0
448.2820435,0
448.3958435,0
448.5096436,0
448.6234436,0
448.7372437,0.000344031114681499
448.8510742,0.000495662606833844
448.9649048,0.000730152252632677
449.0787048,0.000103473833288817
449.1925354,5.55926314067589e-05
449.306366,0
449.4201965,0
449.5340576,0
449.6478882,0
449.7617493,0
449.8755798,0
449.9894409,0
450.103302,0
450.2171631,0
450.3310242,0
450.4449158,0
450.5587769,0.000353585569849732
450.6726685,0.000691773579380418
450.7865601,0.00120749539260322
450.9004517,0.00100273607435155
451.0143433,0.00108161940285701
451.1282349,0.000259383482882416
451.2421265,0
451.3560486,0
451.4699402,0
451.5838623,0
451.6977844,0
451.8117065,0
451.9256287,0
452.0395508,0
452.1534729,0
452.2674255,0
452.3813782,0
452.4953003,0
452.6092529,0
452.7232056,0
452.8371582,0.000338503322694242
452.9511414,0.000955990869416301
453.065094,0.00112266579671903
453.1790771,0.00114160268713777
453.2930298,0.00120059607504392
453.4070129,0.000379280768908747
453.5209961,0.000241763844978264
453.6349792,0
453.7489929,0
453.8629761,0
453.9769592,0
454.0909729,0
454.2049866,0
454.3190002,0
454.4330139,0
454.5470276,0
454.6610413,0
454.7750854,0
454.8890991,0
455.0031433,9.11273142796658e-05
455.1171875,0.000625217111796338
455.2312317,0.000840227402403232
455.3452759,0.00074145859627358
455.4593201,0.000951283823418181
455.5733643,0.000818265868034881
455.687439,0.000173398426419051
455.8014832,0
455.9155579,0
456.0296326,0
456.1437073,0
456.257782,0
456.3718567,0
456.4859619,0
456.6000366,0
456.7141418,0
456.8282471,0
456.9423523,0.000349116159532845
457.0564575,0
457.1705627,0
457.284668,0
457.3987732,0
457.5129089,0.00072683919752184
457.6270447,0.000670417868299547
457.7411804,0.000546333668165107
457.8553162,0.000517237650762882
457.9694519,0.000663740265214434
458.0835876,0.000384908561856849
458.1977234,0
458.3118896,0
458.4260254,0
458.5401917,0
458.6543579,0
458.7685242,0
458.8826904,0
458.9968567,0
459.1110535,0
459.2252197,0
459.3394165,9.67554172105585e-05
459.4536133,0.000762988673684694
459.5677795,0.000740040448537909
459.6820068,0.000896293180746267
459.7962036,0.000659720597851639
459.9104004,0.000841160803074629
460.0245972,0.000577927715458397
460.1388245,0.000389388182063251
460.2530518,0
460.3672485,0
460.4814758,0
460.5957031,0
460.7099609,0
460.8241882,0
460.9384155,0
461.0526733,0
461.1669312,0
461.281189,0
461.3954163,0.000346628640857898
461.5097046,0.00069149281014038
461.6239624,0.000309123268532872
461.7382202,0.000565550592916609
461.8525085,0.000482553236806159
461.9667664,0.000717294438792762
462.0810547,0.000489439050285428
462.195343,0.000121574587732012
462.3096313,0.000109290054406879
462.4239197,0
462.538208,0
462.6525269,0
462.7668152,0
462.881134,0
462.9954224,0
463.1097412,0
463.2240601,0
463.3384094,0
463.4527283,0
463.5670471,0
463.6813965,0
463.7957153,0
463.9100647,0
464.0244141,0
464.1387634,0.000103309340593996
464.2531128,0
464.3674622,0
464.481842,0
464.5961914,0
464.7105713,0
464.8249512,0
464.9393311,0
465.0537109,0
465.1680908,0
465.2824707,0
465.3968811,0
465.511261,0
465.6256714,0
465.7400818,0
465.8544922,0
465.9689026,0
466.083313,0
466.1977234,0
466.3121643,0
466.4265747,0.000380504298774008
466.5410156,0
466.6554565,0
466.7698975,0
466.8843384,0
466.9987793,0
467.1132202,0
467.2276917,0
467.3421326,0
467.456604,0
467.5710754,0
467.6855469,0
467.8000183,0
467.9144897,0
468.0289612,0.000149948912814769
468.1434631,0.00029413512479095
468.2579346,0.000285668069791074
468.3724365,0.000419358004935865
468.4869385,0.000736690502660507
468.6014404,0.000689427317448553
468.7159424,0.000780335272592017
468.8304443,0.000162278483264324
468.9449463,4.43760082671981e-05
469.0594788,0
469.1739807,0
469.2885132,0
469.4030457,0
469.5175781,0
469.6321106,0
469.7466431,0
469.8611755,0
469.9757385,0
470.090271,0
470.204834,0
470.319397,0
470.43396,0
470.5485229,0
470.6630859,0
470.7776489,0
470.8922424,0.000114300813679401
471.0068054,0.00035887382195576
471.1213989,0
471.2359924,0
471.3505859,0
471.4651794,0
471.5797729,0
471.6943665,0
471.80896,0
471.923584,0
472.038208,0
472.1528015,0
472.2674255,0
472.3820496,0
472.4966736,0
472.6113281,0.000198379238615756
472.7259521,0.000887261523237596
472.8406067,0.000658016022210528
472.9552307,0.000649813735448496
473.0698853,0.000366744599468351
473.1845398,0.000296855161336751
473.2991943,1.10549021483786e-05
473.4138489,0
473.5285034,0
473.6431885,0
473.757843,0
473.8725281,0
473.9871826,0
474.1018677,0
474.2165527,0
474.3312378,0
474.4459534,0
474.5606384,0
474.6753235,0
474.7900391,0
474.9047546,0
475.0194702,0
475.1341858,0
475.2489014,0
475.3636169,0
475.4783325,0
475.5930786,0
475.7077942,0
475.8225403,0
475.9372864,0
476.0520325,0
476.1667786,0
476.2815247,0
476.3962708,0
476.5110168,0
476.6257935,0
476.7405701,0
476.8553162,0
476.9700928,0
477.0848694,0
477.199646,0.000227515431549091
477.3144531,7.8485955072096e-06
477.4292297,0.000312926029627876
477.5440063,0.0005209844120888
477.6588135,0.000229648072499517
477.7736206,0.000191185169323066
477.8884277,0
478.0032349,0
478.118042,0
478.2328491,0
478.3476563,0
478.4624939,0
478.577301,0
478.6921387,0
478.8069763,0
478.921814,0
479.0366516,0.000253613875131843
479.1514893,0.000246330289541687
479.2663269,0.000457921936375499
479.3811951,0.000901464925941436
479.4960327,0.000954903885593829
479.6109009,0.000683227545652644
479.7257385,0.000153485329547524
479.8406067,0.000155350536980412
479.9554749,0
480.070343,0
480.1852417,0
480.3001099,0
480.414978,0
480.5298767,0
480.6447754,0
480.7596741,0
480.8745728,0
480.9894714,0
481.1043701,0
481.2192688,0
481.334198,0
481.4490967,0
481.5640259,0
481.6789246,0
481.7938538,0.000164134410579602
481.908783,0.000323133576505408
482.0237427,0.000271977290145317
482.1386719,0
482.2536011,0
482.3685608,0
482.48349,0
482.5984497,0
482.7134094,0
482.8283691,0
482.9433289,0
483.0582886,0
483.1732483,0
483.2882385,0
483.4031982,0
483.5181885,0
483.6331787,0
483.7481689,0
483.8631592,0
483.9781494,0
484.0931396,3.69523167900645e-05
484.2081299,0
484.3231506,0
484.4381409,0
484.5531616,0
484.6681824,0
484.7832031,0
484.8982239,0
485.0132446,0
485.1282654,0
485.2433167,0
485.3583374,0
485.4733887,0
485.5884399,0
485.7034607,0.000118839063461708
485.818512,5.8976988085709e-05
485.9335938,6.15281132480897e-05
486.048645,0.000639761649088617
486.1636963,0.000361816803938091
486.2787781,0.00041941604147545
486.3938293,0.000503364933533041
486.5089111,0.000666773383483394
486.6239929,0.000206618114550001
486.7390442,0
486.854126,0
486.9692383,0
487.0843201,0
487.1994019,0
487.3145142,0
487.4295959,0
487.5447083,0
487.6598206,0
487.7749329,0
487.8900452,1.45223730062202e-05
488.0051575,0
488.1202698,0
488.2354126,0
488.3505249,0
488.4656677,0
488.5808105,0
488.6959229,0
488.8110657,0
488.926239,0
489.0413818,0
489.1565247,0
489.2716675,0
489.3868408,0
489.5020142,0
489.617157,0
489.7323303,0
489.8475037,0
489.962677,0
490.0778809,0.000161965525254667
490.1930542,0.000895230424138317
490.3082581,0.0014176470548162
490.4234314,0.00145927746166827
490.5386353,0.00138220021501036
490.6538391,0.000792162695659035
490.7690125,0.000929340999771883
490.8842163,0.000270114376084881
490.9994507,0.000408975002727976
491.1146545,0.000407977278383472
491.2298584,0
491.3450928,0
491.4602966,0
491.575531,0
491.6907654,0
491.8059998,0
491.9212341,0
492.0364685,0
492.1517029,0
492.2669678,0
492.3822021,0
492.497467,0
492.6127014,0
492.7279663,0
492.8432312,0
492.9584961,0
493.073761,0
493.1890564,0
493.3043213,0
493.4196167,0
493.5348816,0
493.650177,0
493.7654724,0
493.8807678,0
493.9960632,0
494.1113586,0.000185130453248834
494.2266541,0.000267968700569695
494.34198,0.000665307329561133
494.4572754,0.000177273091203682
494.5726013,0.000210979510019805
494.6878967,0
494.8032227,0.000226842327148029
494.9185486,0.000697664192286746
495.0338745,0.000358062462559904
495.1492004,0.00039478236788024
495.2645569,0.000505655576411377
495.3798828,0.00020721654369015
495.4952393,0
495.6105652,0
495.7259216,0
495.8412781,0
495.9566345,0
496.071991,0
496.1873474,0
496.3027039,0
496.4180908,0
496.5334473,0
496.6488342,0
496.7642212,0
496.8795776,0
496.9949646,0
497.1103516,0
497.225769,0
497.341156,0
497.456543,0
497.5719604,0
497.6873474,0
497.8027649,0
497.9181824,0
498.0335999,0
498.1490173,0
498.2644348,0
498.3798523,0
498.4953003,0
498.6107178,0
498.7261658,3.1172614295527e-05
498.8415833,0
498.9570313,0
499.0724792,0
499.1879272,0
499.3033752,0
499.4188538,0
499.5343018,0
499.6497498,0
499.7652283,0
499.8807068,0
499.9961548,0
500.1116333,0
500.2271118,0
500.3425903,0
500.4580994,0
500.5735779,0
500.6890564,0
500.8045654,0
500.9200745,0
501.035553,0
501.151062,0
501.266571,0
501.3820801,0
501.4976196,0
501.6131287,0
501.7286377,0
501.8441772,0
501.9596863,0
502.0752258,0
502.1907654,0
502.3063049,0
502.4218445,0
502.537384,0
502.6529236,0
502.7684937,0
502.8840332,6.42437489569669e-05
502.9996033,0.00012265248635018
503.1151733,0.000139807088690614
503.2307129,2.48742672721899e-05
503.346283,0
503.461853,0
503.5774231,0
503.6930237,0
503.8085938,0
503.9241638,0
504.0397644,0
504.155365,0
504.2709351,0
504.3865356,0
504.5021362,4.70860828677306e-05
504.6177368,0
504.7333679,0
504.8489685,0
504.9645691,0
505.0802002,0
505.1958008,0
505.3114319,4.71185102195254e-05
505.427063,0.000489624370193397
505.5426941,0.000483483626615169
505.6583252,0.000158457329905211
505.7739563,0
505.8895874,0
506.005249,0
506.1208801,0
506.2365417,0
506.3521729,0
506.4678345,0
506.5834961,0
506.6991577,0
506.8148193,0
506.930481,0
507.0461731,0
507.1618347,0
507.2775269,0
507.3931885,0
507.5088806,0
507.6245728,0
507.7402649,0
507.855957,0
507.9716492,0
508.0873413,0
508.203064,0
508.3187561,0
508.4344788,0
508.5501709,0
508.6658936,0
508.7816162,0
508.8973389,0
509.0130615,0
509.1287842,7.64240042777026e-05
509.2445068,2.66537924095371e-05
509.36026,0.000751667099145634
509.4759827,0.000189068733107107
509.5917358,0.000334115025488337
509.707489,0
509.8232117,0
509.9389648,7.96580895921845e-05
510.054718,0
510.1704712,0
510.2862549,0
510.4020081,0
510.5177612,0
510.6335449,0.000353405996856162
510.7493286,0.000438628397065213
510.8650818,0.000385175481746035
510.9808655,0.000880039179687363
511.0966492,0.00133917568453773
511.2124329,0.00155656001556724
511.3282166,0.00126001693512494
511.4440308,0.000590422947464966
511.5598145,0.0011580742939042
511.6755981,0.00160798606414643
511.7914124,0.00133511938325829
511.9072266,0.0012813164958434
512.0230103,0.000573850214993159
512.138855,0.000977709224397968
512.2546387,0.000646005076695162
512.3704834,3.90111326358532e-05
512.4862671,0
512.6021118,0
512.7179565,0
512.8337402,0.000181803158846435
512.949585,0.000956220252498286
513.0654297,0.0012567761021921
513.1812744,0.00152583231787641
513.2971191,0.00151699713788845
513.4129639,0.00203239150650777
513.5288086,0.00177033076622605
513.6446533,0.000994622029086144
513.760498,0.0010267528206571
513.8763428,0.00152950738833474
513.9922485,0.00162138207474185
514.1080933,0.00171888050743133
514.223938,0.00197003421715176
514.3398438,0.0024841160087159
514.4556885,0.00264395017723478
514.5715942,0.00214899782192103
514.687439,0.00224460140025259
514.8033447,0.00234119746053458
514.9191895,0.00263985989028747
515.0350952,0.0025022205885094
515.151001,0.00257010260595783
515.2669067,0.00297813616767888
515.3828125,0.00314677062703397
515.4986572,0.00301536345365107
515.614563,0.00329926786668628
515.7304688,0.00331325449615226
515.8463745,0.00324561280672105
515.9623413,0.003775251063657
516.0782471,0.00379343034523829
516.1941528,0.00421803952609473
516.3100586,0.00423276821476672
516.4260254,0.00440563032172762
516.5419312,0.00477552976208171
516.6578369,0.00448362924495832
516.7738037,0.00463184804404815
516.8897095,0.00502300214982693
517.0056763,0.00485643249226146
517.121582,0.00578546142886658
517.2375488,0.00610855251844561
517.3535156,0.00650640137959528
517.4694824,0.00678000586918187
517.5853882,0.00675752703628537
517.701355,0.0072795010436306
517.8173218,0.00703135672929326
517.9332886,0.00710635096797808
518.0492554,0.00694294265978231
518.1652222,0.00702347595422333
518.281189,0.00747466976856113
518.3971558,0.00792165917190814
518.5131836,0.00843869967219183
518.6291504,0.00889558966745451
518.7451172,0.00997860987931565
518.861145,0.0109378893282368
518.9771118,0.0114393435387946
519.0930786,0.0123372219990436
519.2091064,0.0126140396225388
519.3251343,0.0130616644699184
519.4411011,0.0131423568734532
519.5571289,0.0139566820890951
519.6730957,0.0146615887450305
519.7891235,0.0149229942061509
519.9051514,0.0155542278066544
520.0211792,0.0168472732304581
520.137207,0.0179645062325883
520.2532349,0.0184916441213094
520.3692627,0.0195138918451732
520.4852905,0.0202873542862245
520.6013184,0.0219711858668331
520.7173462,0.0228501086988166
520.833374,0.0240331433321212
520.9494019,0.0250456898095265
521.0654907,0.0257990963204721
521.1815186,0.0272202917902363
521.2975464,0.0275797791308622
521.4136353,0.0288752780605025
521.5296631,0.030137863991238
521.645752,0.031156110050887
521.7618408,0.03233832547873
521.8778687,0.0339423328835829
521.9939575,0.0358903791958919
522.1100464,0.0369616369725884
522.2260742,0.0379114999555577
522.3421631,0.0397016859408844
522.458252,0.0415927687431331
522.5743408,0.042436075566799
522.6904297,0.0437047081989831
522.8065186,0.0452725300351135
522.9226074,0.0472031540022801
523.0386963,0.0489061778202055
523.1547852,0.0505471953831172
523.2709351,0.0523668608487315
523.3870239,0.0542238498735532
523.5031128,0.05600547940311
523.6192627,0.0573327354902556
523.7353516,0.0589798414108069
523.8514404,0.06069707252739
523.9675903,0.0628721103235615
524.0836792,0.0649767446584591
524.1998291,0.0670729460837457
524.315979,0.0696939873184038
524.4320679,0.0717906443938399
524.5482178,0.0739168846595136
524.6643677,0.0756345130525077
524.7805176,0.0778960901813293
524.8966675,0.0803575873388276
525.0128174,0.0824463430934513
525.1289673,0.0847313238134819
525.2451172,0.0870301043478472
525.3612671,0.089716122056899
525.477417,0.0914995056054034
525.5935669,0.0932176361272537
525.7097168,0.0953612511366449
525.8259277,0.0972228329291921
525.9420776,0.0991267787637294
526.0582275,0.100753787388552
526.1744385,0.104118784660036
526.2905884,0.107149114431745
526.4067993,0.10972187838951
526.5229492,0.112250905689521
526.6391602,0.115972170721677
526.7553711,0.119519597662489
526.871521,0.121636169553919
526.9877319,0.124084234132415
527.1039429,0.127017712392902
527.2201538,0.130774222225933
527.3363037,0.133508525140885
527.4525146,0.136571759135129
527.5687256,0.140329985023107
527.6849365,0.144254813007752
527.8012085,0.148081130109803
527.9174194,0.15180193157193
528.0336304,0.155152505626884
528.1498413,0.158895325585247
528.2660522,0.162063519839032
528.3823242,0.165634437664673
528.4985352,0.16905047557541
528.6147461,0.172011607890536
528.7310181,0.176185014014969
528.847229,0.179776050676402
528.963501,0.184233779609706
529.0797729,0.187680638446613
529.1959839,0.192412720314511
529.3122559,0.197581994130109
529.4285278,0.201915244713579
529.5447388,0.206632868207742
529.6610107,0.210209135937598
529.7772827,0.214714864449997
529.8935547,0.218066381527363
530.0098267,0.220886867864177
530.1260986,0.224230976690254
530.2423706,0.227448616806248
530.3586426,0.231128452898947
530.4749146,0.234489216716638
530.5912476,0.238190622476924
530.7075195,0.242543495435687
530.8237915,0.245976464910075
530.9401245,0.249845461154556
531.0563965,0.253588471533831
531.1726685,0.256515625118195
531.2890015,0.260063794483021
531.4052734,0.262805124822649
531.5216064,0.26669405173353
531.6379395,0.269754241259907
531.7542114,0.272880375250638
531.8705444,0.276227519462431
531.9868774,0.279249765435114
532.1032104,0.281162240520043
532.2194824,0.28287196306332
532.3358154,0.285432158130308
532.4521484,0.287423485439572
532.5684814,0.291054537617392
532.6848145,0.293313102033929
532.8011475,0.296054033397855
532.9175415,0.29870013986335
533.0338745,0.300682902795443
533.1502075,0.302934534990154
533.2665405,0.303789183158321
533.3829346,0.305153464701702
533.4992676,0.307368830832753
533.6156006,0.309202258723752
533.7319946,0.311071957181455
533.8483276,0.312896167799678
533.9647217,0.31508707851233
534.0810547,0.317149582304755
534.1974487,0.318011117375271
534.3138428,0.319940870849445
534.4301758,0.321871798583378
534.5465698,0.323474890162069
534.6629639,0.323891376144098
534.7793579,0.324604863754792
534.895752,0.32648199767981
535.012146,0.326179038601227
535.12854,0.32645167999913
535.2449341,0.327436884119191
535.3613281,0.328775658388078
535.4777222,0.330009030353767
535.5941162,0.330752296116686
535.7105103,0.33179440424883
535.8269653,0.333359692811367
535.9433594,0.333072769860234
536.0597534,0.334187741047725
536.1762085,0.334501898661971
536.2926025,0.335923705348331
536.4090576,0.33644953805588
536.5254517,0.33668195086435
536.6419067,0.33793735267516
536.7583618,0.337788040316624
536.8747559,0.339195737752005
536.9912109,0.339485730105083
537.107666,0.340718113698457
537.2241211,0.341000357744431
537.3405151,0.34113808165854
537.4569702,0.342565909248172
537.5734253,0.342019098536383
537.6898804,0.342162249438894
537.8063354,0.341783475788426
537.9227905,0.341659611754074
538.0393066,0.342768616439921
538.1557617,0.342122048050276
538.2722168,0.342439456420443
538.3886719,0.342817178230029
538.505127,0.343302016115813
538.6216431,0.343921893904268
538.7380981,0.343669645632247
538.8546143,0.34391771371113
538.9710693,0.345106268836395
539.0875854,0.34625929239605
539.2040405,0.347070053176225
539.3205566,0.347703355616196
539.4370728,0.347827065497389
539.5535278,0.349412225806442
539.6700439,0.34963972848762
539.7865601,0.348759758901976
539.9030762,0.349256044694646
540.0195313,0.348959573527498
540.1360474,0.350444753973073
540.2525635,0.350427189944852
540.3690796,0.350897129695192
540.4855957,0.351053034250163
540.6021729,0.351193514741642
540.718689,0.352156444194041
540.8352051,0.35231687350101
540.9517212,0.35192328785101
541.0682373,0.353493477473901
541.1848145,0.355061001204016
541.3013306,0.356505925844131
541.4179077,0.357522558436064
541.5344238,0.358522551888313
541.6509399,0.359781830104197
541.7675171,0.359052392501964
541.8840942,0.358739223260033
542.0006104,0.358545152996172
542.1171875,0.358097877822257
542.2337646,0.357347765988636
542.3502808,0.357516528465855
542.4668579,0.357467381827815
542.5834351,0.3572456688582
542.7000122,0.357477496803526
542.8165894,0.358145886483503
542.9331665,0.359378161258407
543.0497437,0.360200274727406
543.1663208,0.361078612127279
543.2828979,0.36219661643375
543.3994751,0.36301851681449
543.5160522,0.363362964908602
543.6326904,0.363825410256529
543.7492676,0.364037398189622
543.8658447,0.36363067352708
543.9824829,0.364372606358825
544.0990601,0.363923785150264
544.2156372,0.364679926969308
544.3322754,0.363769807471764
544.4488525,0.363209427022238
544.5654907,0.363143577775947
544.6821289,0.363458800846694
544.7987061,0.363616237820691
544.9153442,0.363833938365947
545.0319824,0.364960112637783
545.1486206,0.366612795164906
545.2651978,0.369180271561261
545.3818359,0.369644607502694
545.4984741,0.371605281654569
545.6151123,0.371723714167051
545.7317505,0.372316778935438
545.8483887,0.371791435872971
545.9650269,0.37063296265757
546.0817261,0.370944209556499
546.1983643,0.370699773060149
546.3150024,0.369816226293601
546.4316406,0.369829387973487
546.5483398,0.371032233703707
546.664978,0.372225209311183
546.7816162,0.372877295389036
546.8983154,0.373354643405877
547.0149536,0.373887911595954
547.1316528,0.374945004014667
547.248291,0.374416795586786
547.3649902,0.374275689430941
547.4816895,0.374617843391951
547.5983276,0.375028575960595
547.7150269,0.376800502536796
547.8317261,0.377401229461163
547.9484253,0.378280441881413
548.0650635,0.378288036035357
548.1817627,0.378367949197938
548.2984619,0.377909189849385
548.4151611,0.378061589758956
548.5318604,0.376490642985884
548.6485596,0.376519813607619
548.7652588,0.376744967754067
548.882019,0.376820501220445
548.9987183,0.376816216757519
549.1154175,0.376822110723658
549.2321167,0.377375359463508
549.348877,0.378170378806933
549.4655762,0.37871384355995
549.5822754,0.378776877293774
549.6990356,0.379477375511618
549.8157349,0.380086363055518
549.9324951,0.380619014632954
550.0491943,0.379705821215208
550.1659546,0.379532325431203
550.2827148,0.37898945915695
550.3994141,0.379834794864704
550.5161743,0.379961515197532
550.6329346,0.379498566604116
550.7496948,0.380417771873407
550.8664551,0.380171426634463
550.9831543,0.380685997322569
551.0999146,0.379723099604453
551.2166748,0.378936417964747
551.3334351,0.378900102048141
551.4502563,0.37854007575259
551.5670166,0.378213014881406
551.6837769,0.37847302052747
551.8005371,0.379208900691234
551.9172974,0.379704773907796
552.0340576,0.381479234906171
552.1508789,0.381511007936903
552.2676392,0.382446548573028
552.3844604,0.38215454322278
552.5012207,0.382042752774893
552.617981,0.382169192002214
552.7348022,0.380772448279956
552.8516235,0.380907624186698
552.9683838,0.380465494895678
553.0852051,0.380289741261537
553.2020264,0.379094689157898
553.3187866,0.379253037450449
553.4356079,0.378891052544144
553.5524292,0.378446724353299
553.6692505,0.378588651127892
553.7860718,0.379480050471332
553.902832,0.380505261056056
554.0196533,0.380557173323191
554.1364746,0.381347908203689
554.2533569,0.381316461613154
554.3701782,0.381224393292091
554.4869995,0.380505669113909
554.6038208,0.379781245908756
554.7206421,0.379068343145994
554.8374634,0.378410485520879
554.9543457,0.378565578508827
555.071167,0.378577035467439
555.1879883,0.378001906502159
555.3048706,0.377867569348041
555.4216919,0.378226883828101
555.5385742,0.377987516145672
555.6553955,0.377495437746955
555.7722778,0.377649877869722
555.8890991,0.377354435860897
556.0059814,0.377178713976251
556.1228638,0.37545481417996
556.2397461,0.376314123134622
556.3565674,0.376572433126349
556.4734497,0.376945394428335
556.590332,0.377717808145644
556.7072144,0.377868992979022
556.8240967,0.379561219496114
556.940979,0.377964497943449
557.0578613,0.377820812045953
557.1747437,0.376511852197044
557.291626,0.376359669909199
557.4085083,0.375921253818368
557.5253906,0.374404123521556
557.642334,0.37498750403943
557.7592163,0.373920886056833
557.8760986,0.373200357405844
557.992981,0.372798293514584
558.1099243,0.372424833500579
558.2268066,0.373579475630384
558.34375,0.373314147280919
558.4606323,0.374334211967535
558.5775757,0.375398785188253
558.694458,0.37586716530354
558.8114014,0.37690153421073
558.9283447,0.375968700268602
559.0452271,0.375750392192856
559.1621704,0.374944609557222
559.2791138,0.374243159234815
559.3960571,0.373151020377317
559.5129395,0.372235256269646
559.6298828,0.372019895176968
559.7468262,0.372419868986871
559.8637695,0.371444861429751
559.9807129,0.37138537769123
560.0976563,0.371469198993168
560.2145996,0.371204809147859
560.331543,0.371300001272496
560.4485474,0.370630550654273
560.5654907,0.371691501344183
560.6824341,0.373678884231125
560.7993774,0.37403752317866
560.9163818,0.374576540248653
561.0333252,0.375049300044929
561.1502686,0.375495337490518
561.2672729,0.375161258261597
561.3842163,0.372771117786568
561.5012207,0.371722621494522
561.6181641,0.371836112130215
561.7351685,0.371227351274981
561.8521729,0.370858225592061
561.9691162,0.370480159208402
562.0861206,0.369816910877851
562.203125,0.370559065864792
562.3200684,0.369047407891071
562.4370728,0.368438860124095
562.5540771,0.368428260051984
562.6710815,0.367646003412744
562.7880859,0.368851129660446
562.9050903,0.367935438103492
563.0220947,0.369509676418493
563.1390991,0.369630507318652
563.2561035,0.370638734204831
563.3731079,0.372020498173989
563.4901123,0.372108758092013
563.6071777,0.372517867541825
563.7241821,0.370616377919514
563.8411865,0.370549368013871
563.9581909,0.369324515090662
564.0752563,0.368060131793104
564.1922607,0.367392984374921
564.3093262,0.366910517676
564.4263306,0.36754793229186
564.543396,0.367033846715367
564.6604004,0.366959600845473
564.7774658,0.366903295296942
564.8944702,0.36575746691553
565.0115356,0.366185033563027
565.1286011,0.366202393569928
565.2456055,0.366676654050946
565.3626709,0.366571745941512
565.4797363,0.365666214679747
565.5968018,0.366111331755057
565.7138672,0.366160346907281
565.8309326,0.365333200892114
565.947998,0.364433853753718
566.0650635,0.363251704907018
566.1821289,0.363775170961174
566.2991943,0.363717813571761
566.4162598,0.362750849012446
566.5333252,0.362928579391218
566.6503906,0.362443047823819
566.7674561,0.362456980269507
566.8845825,0.361471603862409
567.0016479,0.361287648543833
567.1187134,0.360419117798137
567.2358398,0.360183594786499
567.3529053,0.360908117743184
567.4699707,0.360719157094465
567.5870972,0.361521271864601
567.7041626,0.361038270170694
567.8212891,0.361845553506284
567.9384155,0.362155617093729
568.055481,0.361868277033019
568.1726074,0.361899288380101
568.2897339,0.361323093973532
568.4067993,0.36064223628007
568.5239258,0.360550666671028
568.6410522,0.359903957713417
568.7581787,0.360336992150537
568.8753052,0.360236549842791
568.9924316,0.360443763652662
569.1095581,0.360989948700084
569.2266846,0.360380748067927
569.343811,0.360223143340363
569.4609375,0.359301739156032
569.578064,0.359072404816446
569.6951904,0.358574831427291
569.8123169,0.358847713114266
569.9294434,0.359292154641838
570.0466309,0.359719966111876
570.1637573,0.359717617592358
570.2808838,0.360636605255136
570.3980713,0.360881712750543
570.5151978,0.360832171685484
570.6323853,0.359291510843595
570.7495117,0.357829897195636
570.8666992,0.356639764301442
570.9838257,0.356148166480868
571.1010132,0.356535867231668
571.2181396,0.355530913768755
571.3353271,0.355443297648973
571.4525146,0.355695795292217
571.5696411,0.356313759804608
571.6868286,0.354542486093587
571.8040161,0.352976716952906
571.9212036,0.352120545402225
572.0383911,0.352535417362786
572.1555786,0.351611573974344
572.2727661,0.35114277221601
572.3899536,0.351271369541937
572.5071411,0.352276590494736
572.6243286,0.352969938884241
572.7415161,0.353242013552875
572.8587036,0.353860898435545
572.9758911,0.353383722705741
573.0930786,0.353845950431942
573.2102661,0.352987271675114
573.3275146,0.352236828867828
573.4447021,0.350760475771053
573.5618896,0.349919578679386
573.6791382,0.34963531708756
573.7963257,0.348747957384505
573.9135742,0.347704960631578
574.0307617,0.346058512111198
574.1480103,0.345661036440503
574.2651978,0.345140707790329
574.3824463,0.344776002574407
574.4996338,0.343971036008839
574.6168823,0.343577477559652
574.7341309,0.344519234068643
574.8513794,0.344875519963192
574.9685669,0.345697157372302
575.0858154,0.345027743037044
575.203064,0.344416311755565
575.3203125,0.344208884842223
575.437561,0.343387301834741
575.5548096,0.342396108530479
575.6720581,0.340399390515778
575.7893066,0.339635387052904
575.9065552,0.339074594042482
576.0238037,0.338264295721788
576.1410522,0.337711350739576
576.2583008,0.337215214551384
576.3755493,0.336901274543652
576.4928589,0.336183316567375
576.6101074,0.335393443106846
576.727356,0.335307436490277
576.8446045,0.33496459791459
576.9619141,0.334484017290918
577.0791626,0.333906635024183
577.1964722,0.3339640649491
577.3137207,0.333968013904891
577.4310303,0.332859358326586
577.5482788,0.331974614632934
577.6655884,0.331684975920867
577.7828369,0.330713813034537
577.9001465,0.329883343743157
578.0174561,0.329224656432357
578.1347046,0.329193069289068
578.2520142,0.32944029863054
578.3693237,0.32787437080323
578.4866333,0.327125342544774
578.6039429,0.326696991531069
578.7212524,0.32587488259554
578.838501,0.324972525005508
578.9558105,0.323271271636553
579.0731201,0.32299099980174
579.1904297,0.323533167891335
579.3078003,0.322833395089389
579.4251099,0.322523404052661
579.5424194,0.321641335318724
579.659729,0.321830499988762
579.7770386,0.32099677085931
579.8943481,0.319201753514955
580.0117188,0.318623564214667
580.1290283,0.317514246704243
580.2463379,0.316095509404616
580.3637085,0.314326788234432
580.4810181,0.313459114390449
580.5983276,0.313487201421807
580.7156982,0.311926433077799
580.8330078,0.311762938902353
580.9503784,0.312894984472982
581.067749,0.31356657504072
581.1850586,0.314289996257938
581.3024292,0.313976831549476
581.4197388,0.314311813014801
581.5371094,0.314608610622146
581.65448,0.313274819031269
581.7718506,0.313039078413117
581.8891602,0.311916517605152
582.0065308,0.311692923078544
582.1239014,0.310376428026001
582.241272,0.309031465100275
582.3586426,0.308983397519144
582.4760132,0.307238075393008
582.5933838,0.305502695955547
582.7107544,0.304894225257544
582.828125,0.305197900669874
582.9454956,0.304784366204384
583.0628662,0.303109418076537
583.1802979,0.303141005219825
583.2976685,0.303643402600361
583.4150391,0.301994655443835
583.5324097,0.301544025244212
583.6498413,0.30117262357728
583.7672119,0.301284196418653
583.8845825,0.300809083584604
584.0020142,0.299848742940794
584.1193848,0.299475069838531
584.2368164,0.298385157081674
584.354187,0.296305896294582
584.4716187,0.295086057783667
584.5889893,0.293594874538271
584.7064209,0.291972591294271
584.8237915,0.291500806269902
584.9412231,0.290789617295354
585.0586548,0.29099584273291
585.1760864,0.290676652572495
585.293457,0.290203049490126
585.4108887,0.289525723642878
585.5283203,0.287532782296933
585.645752,0.286250726152685
585.7631836,0.2853960054338
585.8806152,0.283984463327629
585.9980469,0.282172085991586
586.1154785,0.281872432070552
586.2329102,0.281980359713773
586.3503418,0.281407647270046
586.4677734,0.281032895110874
586.5852051,0.281093602992525
586.7026367,0.281535750402208
586.8200684,0.280814954261332
586.937561,0.279901733627559
587.0549927,0.278992833739678
587.1724243,0.278028036345906
587.289856,0.276382159088263
587.4073486,0.27538497206633
587.5247803,0.274054014106584
587.6422729,0.273344629589629
587.7597046,0.272704331459265
587.8771973,0.270670068851358
587.9946289,0.270600551754782
588.1121216,0.269456740919222
588.2295532,0.268874239955193
588.3470459,0.267518151029309
588.4644775,0.266926255987211
588.5819702,0.266443304161464
588.6994629,0.266081600345452
588.8169556,0.26480367451097
588.9343872,0.264599067643564
589.0518799,0.264417524328285
589.1693726,0.262645021940663
589.2868652,0.2623006418638
589.4043579,0.260413134555336
589.5218506,0.261073571922102
589.6393433,0.260441897134432
589.7568359,0.259625872585954
589.8743286,0.259240044309996
589.9918213,0.258483598718102
590.109314,0.257793464801553
590.2268066,0.256520403759673
590.3442993,0.254939886088026
590.461792,0.254191542429034
590.5792847,0.253079504624205
590.6968384,0.252312717383148
590.8143311,0.251614998394806
590.9318237,0.250488801470838
591.0493774,0.250574898756788
591.1668701,0.249945635957203
591.2843628,0.249491428561462
591.4019165,0.248052447755645
591.5194092,0.246501295660115
591.6369629,0.245746273683989
591.7544556,0.243999804514122
591.8720093,0.242864199896465
591.989563,0.241867729223492
592.1070557,0.241498073094269
592.2246094,0.241230949354149
592.3421021,0.239958980969585
592.4596558,0.23943123043729
592.5772095,0.238239270402943
592.6947632,0.237891666770973
592.8123169,0.236663150530948
592.9298096,0.235841000778985
593.0473633,0.234630443009412
593.164917,0.233505900923347
593.2824707,0.232894034398415
593.4000244,0.231780128667426
593.5175781,0.230597351889625
593.6351318,0.229522772526879
593.7526855,0.227974352044213
593.8702393,0.22631520202148
593.987793,0.224642495876628
594.1053467,0.222034911027769
594.2229614,0.220814149895052
594.3405151,0.218355226806284
594.4580688,0.216895905009479
594.5756226,0.215136643667878
594.6932373,0.213036735850213
594.810791,0.212659301931124
594.9283447,0.211147557821492
595.0459595,0.21050636880361
595.1635132,0.20972510280342
595.2811279,0.208719235770431
595.3986816,0.207832719353469
595.5162964,0.206105190226165
595.6338501,0.205091470616283
595.7514648,0.204170905199789
595.8690186,0.202222141414281
595.9866333,0.200756746564098
596.104248,0.19891683757708
596.2218018,0.197289614738239
596.3394165,0.194758599344712
596.4570313,0.191950979981871
596.574585,0.190432659542945
596.6921997,0.188330752298092
596.8098145,0.186762015758518
596.9274292,0.185827316141751
597.0450439,0.184468871896146
597.1626587,0.183310713772056
597.2802734,0.182057109633849
597.3978882,0.181547947785055
597.5155029,0.180304005214804
597.6331177,0.178108388396179
597.7507324,0.176770119654729
597.8683472,0.175086813437766
597.9859619,0.172992189773802
598.1035767,0.17037749363109
598.2212524,0.168417479159812
598.3388672,0.167220096685746
598.4564819,0.165383288834958
598.5740967,0.163703083739011
598.6917725,0.162716968315609
598.8093872,0.161388018834775
598.927002,0.160640534344231
599.0446777,0.158545620523035
599.1622925,0.156836278821584
599.2799683,0.155061822371891
599.397583,0.152520966323168
599.5152588,0.151654956384026
599.6328735,0.150162743980307
599.7505493,0.149099914015351
599.8681641,0.147924955813425
599.9858398,0.147354181579841
600.1035156,0.147573636714532
600.2211304,0.146546311114372
600.3388062,0.144940338287913
600.4564819,0.143374401378451
600.5741577,0.141906397319068
600.6917725,0.140559237760251
600.8094482,0.138420205313716
600.927124,0.136371060422293
601.0447998,0.135248533615346
601.1624756,0.13422657606849
601.2801514,0.13267239763897
601.3978271,0.131420151366018
601.5155029,0.129392190766889
601.6331787,0.127910469632024
601.7508545,0.126593326247769
601.8685303,0.125461085722759
601.9862061,0.124894765972404
602.1038818,0.12401254535204
602.2216187,0.123595055130555
602.3392944,0.123261587950379
602.4569702,0.12198086700404
602.574646,0.120614094121655
602.6923828,0.119510709111857
602.8100586,0.117780921008656
602.9277344,0.116706759881248
603.0454712,0.116071913673366
603.163147,0.115000087465068
603.2808838,0.113907061097334
603.3985596,0.113286794525877
603.5162964,0.112436709628982
603.6339722,0.111893822938905
603.751709,0.110950346982471
603.8693848,0.109892695775667
603.9871216,0.10908573661354
604.1047974,0.107942013054865
604.2225342,0.107448042921668
604.340271,0.106764552210688
604.4580078,0.105615448139275
604.5756836,0.105241819245942
604.6934204,0.105054298080134
604.8111572,0.104531208334334
604.928894,0.103887738798971
605.0466309,0.103295915166617
605.1643066,0.102509194977211
605.2820435,0.101211681894215
605.3997803,0.100160472123181
605.5175171,0.0984345116978685
605.6352539,0.0973957540579645
605.7529907,0.0966395487551418
605.8707275,0.0963645452221014
605.9884644,0.0959132655497931
606.1062622,0.095393573897658
606.223999,0.0957817574933367
606.3417358,0.0946897965790627
606.4594727,0.0933859440816048
606.5772095,0.0919029478020817
606.6950073,0.0915401626730758
606.8127441,0.090278510988382
606.930481,0.0890755145020608
607.0482178,0.0888269068871168
607.1660156,0.0881383972258101
607.2837524,0.0874229702624778
607.4015503,0.0868859877449301
607.5192871,0.0863812849082693
607.6370239,0.0855578271592105
607.7548218,0.0842392828097985
607.8725586,0.0837670840789975
607.9903564,0.0823246246982701
608.1081543,0.0810198268979742
608.2258911,0.0796516281270003
608.343689,0.0790516968857797
608.4614868,0.078709735603289
608.5792236,0.0777196372139494
608.6970215,0.0772742345072706
608.8148193,0.0758442193362726
608.9325562,0.075209747170012
609.050354,0.0738022809643722
609.1681519,0.0727878291475167
609.2859497,0.0711148078991833
609.4037476,0.0701924062771205
609.5215454,0.0694481408021281
609.6393433,0.068062869922357
609.7570801,0.0664967233338677
609.8748779,0.0647300253809352
609.9926758,0.0632822160899077
610.1105347,0.0615334562052958
610.2283325,0.0601147914579079
610.3461304,0.0585835655029163
610.4639282,0.0577261596240119
610.5817261,0.0567496128294069
610.6995239,0.0557354959491992
610.8173218,0.0549601080510484
610.9351196,0.054249539642995
611.0529785,0.0532249326318642
611.1707764,0.0522405134211151
611.2885742,0.0508910433037378
611.4064331,0.0502812680011349
611.524231,0.0485968855599205
611.6420288,0.0465659893113949
611.7598877,0.0451896676303358
611.8776855,0.0442674637968333
611.9955444,0.0431120531770892
612.1133423,0.0414948336460974
612.2312012,0.0406316975840333
612.348999,0.039531367805287
612.4668579,0.0381981134700447
612.5846558,0.0365604656711798
612.7025146,0.0352414673724299
612.8203125,0.0343250413295973
612.9381714,0.0333985031619667
613.0560303,0.0322872848409977
613.1738892,0.0319766987423411
613.291687,0.0318647303314532
613.4095459,0.0316143652944173
613.5274048,0.0312523271122446
613.6452637,0.030369916919853
613.7630615,0.0299322137778803
613.8809204,0.0289595901561025
613.9987793,0.0274284290920914
614.1166382,0.0258463262838676
614.2344971,0.0245684341689632
614.352356,0.0235974481077028
614.4702148,0.02236831696954
614.5880737,0.0215622506787036
614.7059326,0.0211787451301711
614.8237915,0.0206553629451927
614.9416504,0.0195920679771447
615.0595093,0.0188539750180159
615.1774292,0.0184745065556087
615.2952881,0.0181582211576699
615.413147,0.0167321975920621
615.5310059,0.0166860143777627
615.6488647,0.0167406339032961
615.7667847,0.0168206527504719
615.8846436,0.0164467837004195
616.0025024,0.0159897712922129
616.1204224,0.0162797997654777
616.2382813,0.0158836967090252
616.3561401,0.0151477567475879
616.4740601,0.0143238342799203
616.5919189,0.0141374773211314
616.7098389,0.0135131600661845
616.8276978,0.0130877386227678
616.9456177,0.0126135431696468
617.0634766,0.0124071530926208
617.1813965,0.0122410807394181
617.2992554,0.0124080129608656
617.4171753,0.0127349215287881
617.5350952,0.0124217481763091
617.6529541,0.0125198075269076
617.770874,0.0122293098030862
617.8887939,0.0125099534067007
618.0067139,0.0122368761872508
618.1245728,0.012264658175473
618.2424927,0.0126613713136328
618.3604126,0.0127328094768414
618.4783325,0.0128316486449663
618.5962524,0.0124182432464265
618.7141724,0.0125764287326723
618.8320313,0.0123161992321221
618.9499512,0.0121690108144796
619.0678711,0.0116692879570454
619.185791,0.0115541375133678
619.3037109,0.0121146303092554
619.4216309,0.0112615876686911
619.5395508,0.0112702263004332
619.6575317,0.0109842232951383
619.7754517,0.0112910351286913
619.8933716,0.0113361361750268
620.0112915,0.0110368510532204
620.1292114,0.0118291825535118
620.2471313,0.0117163581004444
620.3651123,0.0121266336010884
620.4830322,0.0119808182236514
620.6009521,0.012764904969575
620.7188721,0.0129273084684356
620.836853,0.0128154974678077
620.9547729,0.0127700014102744
621.0726929,0.0126547524975194
621.1906738,0.0130338683138448
621.3085938,0.0129302741573892
621.4265747,0.0128000800660814
621.5444946,0.0126910787589544
621.6624756,0.0128031385542333
621.7803955,0.0131487209435966
621.8983765,0.0131023705446953
622.0162964,0.0126611113252687
622.1342773,0.0128702576830111
622.2521973,0.0133239503428962
622.3701782,0.0135933791116573
622.4881592,0.0138681208125199
622.6060791,0.013460910883193
622.7240601,0.0141184101923471
622.842041,0.0144344972342812
622.960022,0.0140433639552288
623.0779419,0.0142645739638369
623.1959229,0.0139225911443257
623.3139038,0.0143996113107262
623.4318848,0.0139942117933547
623.5498657,0.0139890520210057
623.6678467,0.0142561334036167
623.7858276,0.0137102356914174
623.9037476,0.0137949487449704
624.0217285,0.0138632639550101
624.1397095,0.0140132874277181
624.2576904,0.0143198715776771
624.3756714,0.0146646401469749
624.4937134,0.0151479067871574
624.6116943,0.0154438891611512
624.7296753,0.0158463384353111
624.8476563,0.0157685428606819
624.9656372,0.0155989093321546
625.0836182,0.0160397691483951
625.2015991,0.0159848868048827
625.3196411,0.0155191908516432
625.4376221,0.015283171962164
625.555603,0.0153573818503097
625.673584,0.0151996952251714
625.791626,0.0149839090847819
625.9096069,0.015253367322613
626.0275879,0.0160059023471585
626.1456299,0.0162874623489425
626.2636108,0.0166473418650661
626.3815918,0.0170008881979665
626.4996338,0.0168968077889241
626.6176147,0.0169946323727636
626.7356567,0.0169044220589964
626.8536377,0.0165548490546081
626.9716797,0.0167814551616551
627.0896606,0.0178531385504655
627.2077026,0.0181717316621364
627.3257446,0.0185775045122043
627.4437256,0.0187733710216912
627.5617676,0.0190595920761977
627.6798096,0.0191916934907289
627.7977905,0.018174568986979
627.9158325,0.0179864300949395
628.0338745,0.017696012704798
628.1518555,0.017053039622327
628.2698975,0.0174794504314666
628.3879395,0.0172562231554045
628.5059814,0.0173088160605417
628.6240234,0.0176051733250415
628.7420044,0.0180565637935076
628.8600464,0.0185313116650438
628.9780884,0.0187053152325713
629.0961304,0.0192700404918867
629.2141724,0.019421341228421
629.3322144,0.019885666977155
629.4502563,0.020126482934077
629.5682983,0.020342156296057
629.6863403,0.0209976583139255
629.8043823,0.0206364642743368
629.9224243,0.0211850734954425
630.0404663,0.0210866980509973
630.1585693,0.020807713260438
630.2766113,0.0210850721101566
630.3946533,0.0203842721062767
630.5126953,0.0207398354221482
630.6307373,0.0209349133301321
630.7487793,0.0210129591142197
630.8668823,0.0210941967100026
630.9849243,0.0208956594958733
631.1029663,0.0213095076500378
631.2210693,0.0215620106680292
631.3391113,0.0210884605755239
631.4571533,0.0211032014497955
631.5752563,0.0211221145729856
631.6932983,0.0218666857969959
631.8113403,0.0215929786581085
631.9294434,0.0211712719742111
632.0474854,0.0214294575708947
632.1655884,0.0213201683656644
632.2836304,0.021745584000764
632.4017334,0.021201956599656
632.5197754,0.0213470202123078
632.6378784,0.0212354215925339
632.7559814,0.0209681618331292
632.8740234,0.0206813397638534
632.9921265,0.0198946487620773
633.1101685,0.0193323184933794
633.2282715,0.0190238732083358
633.3463745,0.0193371461632594
633.4644775,0.0188805834523618
633.5825195,0.0181047316875294
633.7006226,0.0183860916355398
633.8187256,0.0182218176501737
633.9368286,0.0179318638437525
634.0548706,0.017723946151961
634.1729736,0.0176265279114707
634.2910767,0.0177273686213887
634.4091797,0.0170698609527003
634.5272827,0.0172744349524557
634.6453857,0.0165186657526202
634.7634888,0.0157675179346104
634.8815918,0.0154430861088353
634.9996948,0.0149713899237261
635.1177979,0.014538614763003
635.2359009,0.0139185706357883
635.3540039,0.0139182250743929
635.4721069,0.0135613350479353
635.59021,0.0133632070113338
635.708313,0.013121435268307
635.826416,0.0128305848968826
635.944519,0.0125520257184371
636.0626221,0.0123607929163352
636.1807861,0.0121331569222627
636.2988892,0.0118827309617924
636.4169922,0.0118646125329052
636.5350952,0.0116084212518475
636.6532593,0.011300140460229
636.7713623,0.010607449340368
636.8894653,0.010253174620474
637.0075684,0.00975881697455866
637.1257324,0.00970473272392953
637.2438354,0.00956947165947108
637.3619995,0.00946338404179928
637.4801025,0.00947723274381665
637.5982056,0.00916596543819169
637.7163696,0.00864425694350122
637.8344727,0.00805855992152927
637.9526367,0.00786112740183682
638.0707397,0.00759328433755318
638.1889038,0.00732604561785657
638.3070068,0.0070215827290238
638.4251709,0.00713505268433977
638.5432739,0.00741614173536427
638.661438,0.00752669346760392
638.7796021,0.00683840157163456
638.8977051,0.00694710499211754
639.0158691,0.00679372918274789
639.1340332,0.0065409927440422
639.2521362,0.00635165748945264
639.3703003,0.00601696519860022
639.4884644,0.00632977726280584
639.6066284,0.00652527695729458
639.7247314,0.00668340477918332
639.8428955,0.00670637135203995
639.9610596,0.00656278668614644
640.0792236,0.00636948369944499
640.1973877,0.00612742667920763
640.3154907,0.00574292347828803
640.4336548,0.00561079110594431
640.5518188,0.00557924370748758
640.6699829,0.00534703528271011
640.788147,0.00513153448920669
640.906311,0.00503380844442426
641.0244751,0.00479203386706657
641.1426392,0.00444463971879027
641.2608032,0.00419542407650026
641.3789673,0.00412385655744637
641.4971313,0.00461589083136231
641.6152954,0.00502931606428548
641.7334595,0.0052048262777628
641.8516235,0.00523073749743079
641.9698486,0.00545151183464416
642.0880127,0.00547654469712019
642.2061768,0.00493209440718298
642.3243408,0.0041882736718927
642.4425049,0.00335266676595007
642.5606689,0.00368893456006185
642.678894,0.00371165949445487
642.7970581,0.0037460784317538
642.9152222,0.00368981780533749
643.0334473,0.00418398580939718
643.1516113,0.00497303128086865
643.2697754,0.00483429164180423
643.3880005,0.00430894022010711
643.5061646,0.00388779580046775
643.6243286,0.00424676309697191
643.7425537,0.00401450678385267
643.8607178,0.00342424590293115
643.9789429,0.0033584593613628
644.0971069,0.00362683089913013
644.215332,0.00406548557822144
644.3334961,0.00376145248172605
644.4517212,0.00386740387184799
644.5698853,0.00382354955429501
644.6881104,0.00361101033858851
644.8062744,0.00337695374368724
644.9244995,0.00331941635030067
645.0426636,0.00332119027908804
645.1608887,0.00324695495970226
645.2791138,0.0033761567826499
645.3972778,0.00336501356839232
645.5155029,0.00375302927723789
645.633728,0.00342550251558895
645.7518921,0.00298827166935561
645.8701172,0.00260132806782384
645.9883423,0.00266438354799887
646.1065674,0.00264986150245212
646.2247314,0.0021777422556858
646.3429565,0.00168721466289213
646.4611816,0.00204142707786067
646.5794067,0.00204609811912376
646.6976318,0.00171920506526472
646.8158569,0.00203451349469288
646.934021,0.00183509218549062
647.0522461,0.00203864295676095
647.1704712,0.00200411290535295
647.2886963,0.00219951009308647
647.4069214,0.00249820652658026
647.5251465,0.0023807522623251
647.6433716,0.0027392431534545
647.7615967,0.00315828494209132
647.8798218,0.00349949757800214
647.9980469,0.00349387252127339
648.116272,0.00333322871123916
648.2344971,0.00301407478586819
648.3527222,0.0025979649634278
648.4710083,0.00199504423362132
648.5892334,0.00132996621626488
648.7074585,0.00140999236019606
648.8256836,0.00143798800472876
648.9439087,0.00158507664223903
649.0621338,0.00191632393656712
649.1804199,0.00219220121709811
649.298645,0.00215225569201084
649.4168701,0.00181287881151662
649.5350952,0.00182445904382229
649.6533813,0.00150907191020734
649.7716064,0.00140499135922781
649.8898315,0.00157653809110079
650.0081177,0.00161941558236928
650.1263428,0.00142821800701043
650.2445679,0.00135591388351784
650.362854,0.00149834476249462
650.4810791,0.00120411261217418
650.5993042,0.00129124353910567
650.7175903,0.00153560423707061
650.8358154,0.00198248702446825
650.9541016,0.00219687334767166
651.0723267,0.00236689905291375
651.1906128,0.00239645614765158
651.3088379,0.00176703976009827
651.427124,0.00164239492454774
651.5453491,0.00174431659680076
651.6636353,0.00123844743478878
651.7818604,0.000937230904563872
651.9001465,0.00123539174476085
652.0184326,0.00148250872325969
652.1366577,0.00163201073566934
652.2549438,0.00139874940145027
652.37323,0.00170753188949591
652.4914551,0.00160375092506823
652.6097412,0.00162440393814756
652.7280273,0.0014690029269316
652.8462524,0.000965321830119803
652.9645386,0.000663187625949292
653.0828247,0.000192732433567273
653.2011108,0.000493988245075227
653.3193359,0.000453934333247322
653.4376221,0.000451703550978744
653.5559082,0.000759860920439228
653.6741943,0.00110172288467913
653.7924805,0.00181373758117102
653.9107056,0.001440107566656
654.0289917,0.00099759205453101
654.1472778,0.00116920066602005
654.265564,0.000968890887114619
654.3838501,0.00066789368046252
654.5021362,0.000578755509911767
654.6204224,0.000908938790537448
654.7387085,0.00125617545945639
654.8569946,0.00124512083161787
654.9752808,0.00121907331385743
655.0935669,0.00135316362441967
655.211853,0.000738211653167682
655.3301392,0.000572312505424401
655.4484253,0.000661234185942196
655.5667114,9.63012201140074e-05
655.6849976,0.000153630624376224
655.8032837,0
655.9215698,0
656.039917,6.61367438212832e-05
656.1582031,3.25682168553931e-05
656.2764893,0.000506230805158614
656.3947754,0.000504212333292737
656.5130615,0.000441107618548616
656.6314087,0.00128792390450124
656.7496948,0.0010812921175715
656.867981,0.000741552548996463
656.9862671,0.00071808690136614
657.1046143,0.000812289245163606
657.2229004,0.00140325003498242
657.3411865,0.000946067465753807
657.4594727,0.000882220727295579
657.5778198,0.000729599799303661
657.696106,0.000652183932721625
657.8143921,0.000545191295324627
657.9327393,0.000367395645855932
658.0510254,0.000318761014873169
658.1693726,5.29767667547965e-05
658.2876587,0.000549775733819967
658.4060059,0.000178980686409006
658.524292,0.000389694002536659
658.6425781,0.000450358635198053
658.7609253,0.000398831354666003
658.8792114,0.000860427458031169
658.9975586,0.00073263402448146
659.1158447,0.00108021235945365
659.2341919,0.000966257993538955
659.3525391,0.000687185926748329
659.4708252,0.000612291609212474
659.5891724,0.000620514085687588
659.7074585,0.000357877266496268
659.8258057,0.000288857897216003
659.9440918,0
660.062439,0
660.1807861,0.000430844426209338
660.2990723,0
660.4174194,0
660.5357666,0
660.6540527,0.000319682770964231
660.7723999,0.0002536053564849
660.8907471,0
661.0090942,8.48785204111456e-05
661.1273804,0.000478564199276208
661.2457275,0.000427014214194097
661.3640747,0.000442046403253034
661.4824219,0.000491590242779897
661.600769,0.000511675429962665
661.7190552,0.000546292509523852
661.8374023,0.000226822385443088
661.9557495,0.00049084258706114
662.0740967,0.000404452302550502
662.1924438,0
662.310791,0
662.4291382,0
662.5474854,0
662.6658325,0
662.7841797,0
662.9025269,0
663.020813,0.000293171585720839
663.1391602,0.000400271166481035
663.2575073,0.000276515916414733
663.3759155,0.000470073005272774
663.4942627,0.000392853828675971
663.6126099,0.000386665267435503
663.730957,0.000768391254193238
663.8493042,0.00105141578688217
663.9676514,0.00134729537067239
664.0859985,0.00123471999524786
664.2043457,0.00066889457481243
664.3226929,0.000681294224724747
664.44104,0.00047358296309199
664.5593872,8.66733297483795e-05
664.6777954,0
664.7961426,0
664.9144897,0
665.0328369,0
665.1511841,0
665.2695923,0
665.3879395,0
665.5062866,0
665.6246338,6.99192576935656e-05
665.743042,0.000257102416645556
665.8613892,0.000641480733743681
665.9797363,0
666.0981445,0.000500753403090461
666.2164917,0.000707437191678823
666.3348389,0.000321709717131204
666.4532471,0.000433624713104795
666.5715942,0.000272148866963603
666.6899414,0.00059375268568101
666.8083496,0.000197191288510837
666.9266968,0
667.045105,0
667.1634521,0
667.2817993,0
667.4002075,0
667.5185547,0
667.6369629,0
667.7553101,0
667.8737183,0
667.9920654,0
668.1104736,0.000111497636218651
668.2288208,0.000946949967221056
668.347229,0.000702932139642155
668.4655762,0.00106585760493568
668.5839844,0.000875836609665332
668.7023926,0.000132499328685638
668.8207397,0
668.9391479,0
669.0574951,0
669.1759033,0
669.2943115,0
669.4126587,0
669.5310669,5.06487108451346e-05
669.6494751,0.000585318873027437
669.7678223,0.000568160055656132
669.8862305,0.000751470993819692
670.0046387,0.00119036745311093
670.1230469,0.00038484904646011
670.241394,1.41710284225377e-05
670.3598022,2.74928152829543e-05
670.4782104,2.46838285345731e-06
670.5966187,0
670.7149658,2.67058074342889e-05
670.833374,0
670.9517822,0
671.0701904,0
671.1885986,0
671.3070068,0.000137390897819331
671.425354,0
671.5437622,0
671.6621704,0
671.7805786,6.71515761924385e-05
671.8989868,0.000313440707053317
672.017395,0.000226104553933863
672.1358032,0.000202643227627525
672.2542114,8.31438553373498e-05
672.3726196,0.000200428101215059
672.4910278,0
672.609436,0
672.7278442,0
672.8461914,0
672.9645996,0
673.0830078,0
673.2014771,0.000171605848624141
673.3198853,0.000334924472175574
673.4382935,0.000311282005474384
673.5567017,0.000449760312294731
673.6751099,0.000207843875981926
673.7935181,0.000193630980513394
673.9119263,0
674.0303345,0
674.1487427,0
674.2671509,0
674.3855591,0
674.5039673,0
674.6224365,0
674.7408447,0
674.8592529,0
674.9776611,0
675.0960693,0
675.2144775,0.000192687609035165
675.3329468,9.51156974992021e-06
675.451355,4.82653282967818e-05
675.5697632,1.39672102296569e-05
675.6881714,0
675.8066406,0
675.9250488,0
676.043457,0
676.1618652,0
676.2803345,0
676.3987427,0
676.5171509,0
676.6356201,0
676.7540283,0
676.8724365,0
676.9909058,0
677.109314,0
677.2277222,0
677.3461914,0
677.4645996,0
677.5830688,0
677.7014771,0
677.8198853,0
677.9383545,0
678.0567627,0
678.1752319,0
678.2936401,0
678.4121094,0
678.5305176,0
678.6489868,0
678.767395,0
678.8858643,0
679.0042725,0
679.1227417,0
679.2411499,0
679.3596191,0
679.4780273,0
679.5964966,0
679.7149658,0
679.833374,0.000181371865702603
679.9518433,0
680.0702515,0
680.1887207,6.24500245108209e-05
680.3071899,0
680.4255981,0
680.5440674,0
680.6624756,0
680.7809448,0
680.8994141,0
681.0178223,0
681.1362915,0
681.2547607,0
681.3731689,0
681.4916382,0
681.6101074,0.000509339980212974
681.7285767,0.000483586204545859
681.8469849,0.000558214903848851
681.9654541,0.000547312052902604
682.0839233,0.000734433385496151
682.2023926,0.000513879753247724
682.3208008,0.00010634519525574
682.43927,0.000298447887993458
682.5577393,0
682.6762085,5.94633823851969e-05
682.7946777,0
682.9130859,0
683.0315552,0
683.1500244,0
683.2684937,0
683.3869629,0
683.5054321,0
683.6238403,0
683.7423096,0
683.8607788,0
683.979248,0
684.0977173,0
684.2161865,0
684.3346558,0
684.453125,0
684.5715942,0
684.6900635,0
684.8084717,0
684.9269409,0
685.0454102,0
685.1638794,0
685.2823486,0
685.4008179,0
685.5192871,0
685.6377563,0
685.7562256,0
685.8746948,0
685.9931641,0
686.1116333,0
686.2301025,0
686.3485718,0
686.467041,0
686.5855713,0
686.7040405,0
686.8225098,0.000327565246115478
686.940979,0.000213848303755219
687.0594482,0
687.1779175,0
687.2963867,0
687.414856,0
687.5333252,0
687.6517944,0
687.7703247,0
687.8887939,0
688.0072632,0
688.1257324,0
688.2442017,0
688.3626709,0
688.4811401,0
688.5996704,0
688.7181396,0
688.8366089,8.90877317629832e-05
688.9550781,0
689.0735474,0
689.1920776,0
689.3105469,0
689.4290161,0.000130517782498602
689.5474854,0
689.6660156,0
689.7844849,0
689.9029541,0
690.0214233,0
690.1399536,0
690.2584229,0
690.3768921,0
690.4954224,0
690.6138916,0
690.7323608,0
690.8508301,0
690.9693604,0
691.0878296,0
691.2062988,0
691.3248291,9.4780299812739e-05
691.4432983,0.000129318533365617
691.5617676,0
691.6802979,0
691.7987671,0
691.9172363,0
692.0357666,0
692.1542358,0
692.2727661,0
692.3912354,0
692.5097046,0
692.6282349,0
692.7467041,0
692.8652344,0
692.9837036,0
693.1022339,0
693.2207031,0
693.3391724,0
693.4577026,0.000319050107941163
693.5761719,0.000368876532056632
693.6947021,0.000445238506331854
693.8131714,0.000489077451362936
693.9317017,0.000257892324593919
694.0501709,0.000222665304243296
694.1687012,0
694.2871704,0
694.4057007,0
694.5241699,0
694.6427002,0
694.7611694,0
694.8796997,0
694.9981689,0
695.1166992,0
695.2351685,0
695.3536987,0
695.472168,0
695.5906982,0
695.7091675,0
695.8276978,0.000594557704913926
695.946167,0.000505721989876794
696.0646973,0.000919857190978235
696.1832275,0.000568717326115473
696.3016968,0.000425416449100754
696.4202271,0.000491223977283892
696.5386963,0
696.6572266,0
696.7757568,0
696.8942261,0
697.0127563,0
697.1312256,0
697.2497559,0
697.3682861,0
697.4867554,0
697.6052856,0
697.7238159,0
697.8422852,0
697.9608154,0
698.0792847,0
698.1978149,0
698.3163452,0
698.4348145,0
698.5533447,0
698.671875,0
698.7903442,0
698.9088745,0
699.0274048,2.11637586909649e-05
699.145874,0.000288356148342128
699.2644043,0.000250752271691304
699.3829346,0.000430601494870347
699.5014648,0.000257975518497211
699.6199341,6.86684939866928e-05
699.7384644,0
699.8569946,0
699.9754639,0
700.0939941,0
700.2125244,0
700.3310547,0
700.4495239,0
700.5680542,0
700.6865845,0
700.8051147,0
700.923584,0
701.0421143,0
701.1606445,0
701.2791748,0.000201933400983241
701.397644,0.000423032402429613
701.5161743,0.000605085346642131
701.6347046,0.000533967384329329
701.7532349,0.000599488307527899
701.8717651,0.000392678072227427
701.9902344,0
702.1087646,0
702.2272949,0
702.3458252,0
702.4643555,0
702.5828247,0
702.701355,0
702.8198853,0
702.9384155,0
703.0569458,0
703.175415,0
703.2939453,0
703.4124756,0
703.5310059,0
703.6495361,8.38510253687775e-05
703.7680664,0.000618897778108011
703.8865356,0.000423128073245984
704.0050659,0.000736384310403845
704.1235962,0.00051217624022209
704.2421265,0.000111850636924972
704.3606567,0
704.479187,0
704.5977173,0
704.7161865,0
704.8347168,0
704.9532471,0
705.0717773,0
705.1903076,0
705.3088379,0
705.4273682,0
705.5458984,0
705.6643677,0
705.7828979,0
705.9014282,0
706.0199585,0
706.1384888,0
706.257019,0
706.3755493,0
706.4940796,0
706.6126099,0
706.7311401,0
706.8496094,0
706.9681396,0
707.0866699,0
707.2052002,0
707.3237305,0
707.4422607,0
707.560791,0
707.6793213,0
707.7978516,0
707.9163818,0
708.0349121,0
708.1534424,0
708.2719727,0
708.3905029,0
708.5090332,0
708.6275024,0
708.7460327,0
708.864563,0
708.9830933,0
709.1016235,0.000250800080469162
709.2201538,4.12575172793006e-06
709.3386841,0
709.4572144,0
709.5757446,0
709.6942749,0
709.8128052,0
709.9313354,0
710.0498657,0
710.168396,0
710.2869263,0
710.4054565,0
710.5239868,0
710.6425171,0
710.7610474,0
710.8795776,0
710.9981079,6.34775506759104e-05
711.1166382,1.4757237478235e-05
711.2351685,0.000348533058629605
711.3536987,0.000422645893950744
711.472229,0.000277069534054217
711.5907593,0.000164367424087933
711.7092896,0
711.8278198,0
711.9463501,0
712.0648804,0
712.1834106,0
712.3019409,0
712.4204712,0
712.5390015,0
712.6575317,0
712.776062,0
712.8945923,0
713.0131226,1.00179321237743e-05
713.1316528,0
713.2501831,0
713.3687134,0.000133508883421856
713.4872437,0
713.6057739,6.39625635110032e-05
713.7243042,9.10138274928572e-06
713.8428345,0
713.9613647,0
714.079895,0
714.1984253,0
714.3169556,0
714.4354858,0
714.5540161,0
714.6725464,0
714.7910767,0
714.9096069,0
715.0281372,0
715.1466675,0
715.2651978,0
715.383728,0
715.5022583,0
715.6207886,0
715.7393188,0
715.8578491,0.000183130187444713
715.9763794,0.000501811993090467
716.0949097,0.00025596377641399
716.2134399,0.000112624999476412
716.3319702,0
716.4505005,0
716.5690308,0
716.687561,0
716.8060913,0
716.9246216,0
717.0431519,0
717.1616821,0
717.2802124,0
717.3987427,0
717.5172729,0
717.6358032,0.000566717237496969
717.7543335,0.000546998829470505
717.8728638,0.000486806387244271
717.991394,0.000525344904287717
718.1099243,0.000679874429803304
718.2285156,0.000396487262172501
718.3470459,5.8178503798968e-06
718.4655762,0
718.5841064,0
718.7026367,0
718.821167,0
718.9396973,0
719.0582275,0
719.1767578,0
719.2952881,0
719.4138184,0
719.5323486,0
719.6508789,0
719.7694092,0
719.8879395,7.04091987441875e-06
720.0064697,0.000366477785901184
720.125,0.000510669629807472
720.2435303,0.000106879406956565
720.3620605,0
720.4805908,0
720.5991211,0
720.7176514,0
720.8361816,0
720.9547119,0
721.0732422,0
721.1917725,0
721.3103027,0
721.428833,0
721.5473633,0
721.6658936,0
721.7844238,0
721.9029541,2.5237212091882e-05
722.0214844,0.000205581153259171
722.1400146,0.000432761949692365
722.2585449,0.000379009695832511
722.3770752,0.000360993525576729
722.4956055,0.000393271754947198
722.6141357,0.000109839497007383
722.732666,0.000127418507582202
722.8511963,0
722.9697266,0
723.0882568,0
723.2067871,0
723.3253174,0
723.4438477,0
723.5623779,0
723.6809082,0
723.7993774,0
723.9179077,0
724.036438,0
724.1549683,0
724.2734985,0
724.3920288,6.94399255994367e-05
724.5105591,0
724.6290894,0.00046313682379631
724.7476196,0.000816543883203294
724.8661499,0.000635003969409958
724.9846802,0.000783681038781352
725.1032104,0.000610056753687382
725.2217407,0.000564259905792749
725.340271,0
725.4588013,0
725.5773315,0
725.6958618,0
725.8143921,0
725.9329224,0
726.0514526,0
726.1699219,0
726.2884521,0
726.4069824,0
726.5255127,0
726.644043,0
726.7625732,0
726.8811035,0
726.9996338,0
727.1181641,0
727.2366943,0
727.3552246,0
727.4737549,0
727.5922241,0
727.7107544,0
727.8292847,0
727.9478149,0
728.0663452,0
728.1848755,0
728.3034058,0
728.421936,0
728.5404663,0
728.6589355,0
728.7774658,0
728.8959961,0
729.0145264,0
729.1330566,0
729.2515869,0
729.3701172,0
729.4885864,0
729.6071167,0
729.725647,6.21577834182052e-05
729.8441772,0
729.9627075,0
730.0812378,0
730.1997681,0
730.3182373,0
730.4367676,0
730.5552979,0
730.6738281,0
730.7923584,0
730.9108276,0
731.0293579,0
731.1478882,0
731.2664185,0
731.3849487,0
731.503479,0
731.6219482,0
731.7404785,0
731.8590088,0
731.9775391,0
732.0960083,0
732.2145386,0
732.3330688,0
732.4515991,0
732.5701294,0
732.6885986,0
732.8071289,0
732.9256592,0
733.0441895,0
733.1626587,0
733.281189,0
733.3997192,0
733.5181885,0
733.6367188,0
733.755249,8.87087325541753e-05
733.8737793,0.000342610257391791
733.9922485,0.000179994376307932
734.1107788,0
734.2293091,0.000401037183199699
734.3477783,3.78671749645777e-05
734.4663086,0
734.5848389,0
734.7033691,0
734.8218384,0
734.9403687,0
735.0588989,0
735.1773682,0
735.2958984,0
735.4144287,0
735.5328979,0
735.6514282,0
735.7699585,0
735.8884277,0
736.006958,7.57943786271658e-05
736.1254272,0.000397526083098416
736.2439575,0.000251193522371683
736.3624878,0
736.480957,0
736.5994873,0
736.7180176,0
736.8364868,0
736.9550171,0
737.0734863,0
737.1920166,0
737.3105469,0
737.4290161,0
737.5475464,0
737.6660156,0
737.7845459,0
737.9030151,0
738.0215454,0
738.1400146,0
738.2585449,0.000851706261047104
738.3770752,0.00120188070525538
738.4955444,0.00139930741596141
738.6140747,0.001237915950321
738.7325439,0.00103426950843207
738.8510742,0.000586846983720943
738.9695435,0
739.0880737,0
739.206543,0
739.3250732,0
739.4435425,0
739.5620728,0
739.680542,0
739.7990723,0
739.9175415,0
740.0360107,0
740.154541,0
740.2730103,0
740.3915405,0
740.5100098,0
740.62854,0
740.7470093,0
740.8655396,0
740.9840088,8.50761048741602e-05
741.102478,9.23205768192204e-06
741.2210083,0
741.3394775,0
741.4580078,0
741.5764771,0
