321.5698853,0
321.6777954,0
321.7857361,0
321.8936768,0
322.0016174,0
322.1095581,0.000535561916451769
322.2175293,0.00175117822405117
322.32547,0.00229495045833832
322.4334412,0.00272747509490743
322.5414124,0.00319681755581999
322.6494141,0.00195002408162841
322.7573853,0.00104742583342813
322.865387,0.000105133614139103
322.9733887,0
323.0813904,0
323.1893921,0
323.2973938,0
323.405426,0
323.5134583,0
323.6214905,0
323.7295227,0
323.8375854,0
323.9456482,0
324.0537109,0
324.1617737,0
324.2698364,0
324.3778992,0
324.4859924,0
324.5940857,0
324.702179,0.000207119235330762
324.8102722,0.000835119043983271
324.918396,0.000662109230308216
325.0265198,2.31062239038375e-05
325.1346436,0
325.2427673,0
325.3508911,0
325.4590149,0
325.5671692,0
325.6753235,0
325.7834778,0
325.8916321,0
325.9998169,0
326.1080017,0
326.2161865,0
326.3243713,0
326.4325562,0
326.5407715,0
326.6489563,0.000198462903141286
326.7571716,9.20412897886727e-05
326.865387,0.000229500525684988
326.9736328,0.00117367306617781
327.0818481,0.0011456017573814
327.190094,0.00122541451696349
327.2983398,0.000700145348817541
327.4065857,0.000769756089448582
327.5148315,4.54255622112908e-05
327.6231079,0
327.7313538,0
327.8396301,0
327.9479065,0
328.0562134,0
328.1644897,0
328.2727966,0
328.3811035,0
328.4894104,0
328.5977173,0
328.7060242,0
328.8143616,0
328.922699,0.00012121310754152
329.0310364,0.000465728723086501
329.1393738,0.000968330372385393
329.2477417,0.00111618663154571
329.3561096,0.000725410385520249
329.464447,0.000176220355412644
329.5728149,0.000227300223127397
329.6812134,0
329.7895813,0
329.8979797,0
330.0063782,0
330.1147766,0
330.223175,0
330.3315735,0
330.4400024,0
330.5484314,0
330.6568604,0
330.7652893,0
330.8737488,0
330.9821777,0
331.0906372,3.50630289943645e-05
331.1990967,0.00101296839103221
331.3075562,0.00101885961505083
331.4160461,0.00154029857265633
331.5245361,0.00104869287533966
331.6329956,0.000198776085355409
331.7414856,0
331.8500061,0
331.9584961,0
332.0670166,0
332.1755066,0
332.2840271,0
332.3925781,0
332.5010986,0
332.6096497,0
332.7181702,0
332.8267212,0
332.9353027,0
333.0438538,0
333.1524048,0
333.2609863,0.000602226891792178
333.3695679,0.00161171997726327
333.4781494,0.00197564370374238
333.5867615,0.00221816665371909
333.695343,0.00225760985371168
333.8039551,0.00153746432740859
333.9125671,0.000875480568849984
334.0211792,0.000546752272354843
334.1297913,0
334.2384338,0
334.3470764,0
334.455719,0
334.5643616,0
334.6730042,0
334.7816772,0
334.8903198,0
334.9989929,0
335.107666,0
335.2163696,0
335.3250427,0
335.4337463,0
335.54245,0
335.6511536,0.000995615019200082
335.7598572,0.000864506328106607
335.8685608,0.00111847076266579
335.9772949,0.00072114850770252
336.0860291,0.000545826654093307
336.1947632,0
336.3034973,0
336.412262,0
336.5209961,0
336.6297607,0
336.7385254,0
336.84729,0
336.9560852,0
337.0648499,0
337.173645,0
337.2824402,0
337.3912354,0
337.5000305,0
337.6088562,0
337.7176819,0
337.8265076,0
337.9353333,0
338.0441589,0.000169061629484853
338.1530151,0
338.2618408,0
338.370697,0
338.4795532,0
338.5884399,0
338.6972961,0
338.8061829,0
338.9150696,0
339.0239563,0
339.132843,0
339.2417603,0
339.350647,0
339.4595642,0
339.5684814,0.000378394575330799
339.6773987,0.000805167327671758
339.7863464,0.00179936144812024
339.8952637,0.00215298593434658
340.0042114,0.00186951549145395
340.1131592,0.00120414075471742
340.2221069,0.000368304856089322
340.3310852,0
340.440033,0
340.5490112,0
340.6579895,0
340.7669678,0
340.8759766,0
340.9849548,0
341.0939636,0
341.2029724,0
341.3119812,0
341.42099,0
341.5300293,0
341.6390381,0
341.7480774,0.000217947929435144
341.8571167,0.000177118691302546
341.9661865,0
342.0752258,0.000156130100195779
342.1842957,0.000177592847914098
342.293335,0
342.4024048,0
342.5115051,0
342.620575,0
342.7296753,0
342.8387451,0
342.9478455,0
343.0569763,0
343.1660767,0
343.2752075,0
343.3843079,0
343.4934387,0
343.6025696,0
343.711731,0
343.8208618,0
343.9300232,0
344.0391846,0
344.1483459,0
344.2575073,0
344.3666687,0
344.4758606,0
344.5850525,0
344.6942444,0
344.8034363,0
344.9126587,0
345.0218506,0
345.131073,0
345.2402954,0
345.3495178,0
345.4587402,0
345.5679932,0
345.6772461,0
345.786499,0
345.895752,0
346.0050049,0.000404774024064647
346.1142578,0.000822054899828631
346.2235413,0.00141573002471295
346.3328247,0.000128546186867293
346.4421082,0.000382559385215952
346.5513916,0.000517797208274336
346.6607056,0
346.769989,0
346.879303,0
346.9886169,0
347.0979309,0
347.2072754,0
347.3165894,0
347.4259338,0
347.5352783,0
347.6446228,0
347.7539673,0
347.8633423,0
347.9727173,0
348.0820618,0
348.1914673,0.000401514871687178
348.3008423,0.0014832023637072
348.4102173,0.00191629108133567
348.5196228,0.00129239310915905
348.6290283,0.00076852367802249
348.7384338,3.25979887470274e-05
348.8478394,0
348.9572449,0
349.0666809,0
349.1761169,0
349.2855225,0
349.394989,0
349.504425,0
349.6138611,0
349.7233276,0
349.8327942,0
349.9422607,0
350.0517273,0
350.1612244,0
350.2706909,0
350.380188,0.000330574064132973
350.4896851,0.000119360592452006
350.5991821,0
350.7087097,0.000240058152669948
350.8182068,0
350.9277344,0
351.037262,0
351.1467896,0
351.2563171,0
351.3658752,0
351.4754333,0
351.5849609,0
351.694519,0
351.8041077,0
351.9136658,0
352.0232544,0
352.132843,0
352.2424011,0
352.3520203,0
352.4616089,0
352.571228,0.000309591811434979
352.6808167,0
352.7904358,0.000467002818770864
352.9000549,0
353.0097046,0.000101846782825622
353.1193237,0
353.2289734,0
353.3385925,0
353.4482422,0
353.5579224,0
353.667572,0
353.7772522,0
353.8869019,0
353.996582,0
354.1062622,0
354.2159729,3.55158704923783e-05
354.3256531,0.00022723065526018
354.4353638,0
354.5450745,0.000406716807889986
354.6547852,0
354.7644958,0.000658550444198197
354.8742371,0
354.9839478,0
355.093689,0
355.2034302,0
355.3131714,0
355.4229126,0
355.5326843,0
355.6424561,0
355.7521973,0
355.8619995,0
355.9717712,0
356.081543,0
356.1913452,0
356.3011475,0
356.4109497,0
356.520752,0
356.6305542,0
356.740387,0
356.8502197,0
356.960022,0
357.0698853,0
357.179718,0
357.2895508,0
357.3994141,0
357.5092773,0
357.6191406,0
357.7290039,0
357.8388672,0
357.948761,0
358.0586548,0
358.1685181,0
358.2784424,0
358.3883362,0
358.49823,0
358.6081543,0
358.7180786,0
358.8280029,0
358.9379272,0
359.0478516,0.000604664623984149
359.1578064,0.00099083069351677
359.2677612,0.000339014451407761
359.3777161,0.000504740153563038
359.4876709,0
359.5976257,0
359.7076111,0
359.8175659,0
359.9275513,0
360.0375366,0
360.147522,0
360.2575378,0
360.3675232,0
360.4775391,0
360.5875549,0
360.6975708,0
360.8075867,0
360.9176331,0
361.0276489,0
361.1376953,0
361.2477417,2.93809809306284e-05
361.3577881,0.000186673298886075
361.467865,0
361.5779114,0
361.6879883,0
361.7980652,0
361.9081421,0
362.018219,0
362.1283264,0
362.2384033,0
362.3485107,0
362.4586182,0
362.5687256,0
362.6788635,0
362.7889709,0
362.8991089,0
363.0092468,0
363.1193848,0
363.2295227,0
363.3396912,0
363.4498291,0.000262969183754667
363.5599976,0
363.670166,0
363.7803345,0
363.8905334,0
364.0007019,0
364.1109009,0
364.2210999,0
364.3312988,0
364.4414978,0
364.5516968,0
364.6619263,0
364.7721558,0
364.8823853,0.000244333294876305
364.9926147,8.14346686970827e-05
365.1028442,0
365.2131042,0.000214068073179988
365.3233337,7.66923339576263e-05
365.4335938,0
365.5438538,0
365.6541138,0
365.7644043,0
365.8746643,0
365.9849548,0
366.0952454,0
366.2055359,0
366.3158264,0
366.4261475,0.000499976580431933
366.536438,0.000615667054951805
366.646759,0
366.7570801,0
366.8674011,0
366.9777527,3.71594268728753e-05
367.0880737,0
367.1984253,0
367.3087769,0
367.4191284,0
367.52948,0
367.6398315,0
367.7502136,0
367.8605957,0
367.9709778,0
368.0813599,0
368.1917419,0
368.302124,0
368.4125366,0
368.5229492,0
368.6333618,0
368.7437744,0.00027263480056043
368.854187,9.62755141587339e-05
368.9646301,0.000123100329280735
369.0750732,0.000340428193627453
369.1855164,0
369.2959595,0.000175928181279605
369.4064026,0.000353791888375662
369.5168457,0.00103838673461733
369.6273193,0.000834290534587142
369.737793,0.000911296715585339
369.8482666,0.00114315088860914
369.9587402,0.000348408646670014
370.0692139,0
370.1796875,0
370.2901917,0
370.4006958,0
370.5112,0
370.6217041,0
370.7322083,0
370.8427429,0
370.9532776,0
371.0638123,0
371.1743469,0
371.2848816,0.0003012493100754
371.3954163,0.00029328270925753
371.5059814,0.000172188444663169
371.6165466,0.000541230329772465
371.7270813,0.000312586187402153
371.837677,0
371.9482422,0
372.0588074,0
372.1694031,0
372.2799988,0
372.3905945,0
372.5011902,0
372.6117859,0
372.7224121,0
372.8330078,0
372.943634,0
373.0542603,0
373.164917,0
373.2755432,0
373.3861694,0
373.4968262,0
373.6074829,0
373.7181396,0
373.8287964,0
373.9394836,0
374.0501404,0
374.1608276,0
374.2715149,0
374.3822021,0
374.4929199,0
374.6036072,0
374.714325,0
374.8250122,0
374.93573,0
375.0464783,0
375.157196,0
375.2679138,0
375.3786621,0
375.4894104,0
375.6001587,0
375.710907,0
375.8216858,0
375.9324341,0
376.0432129,0.000236262597993509
376.1539917,0.00057320826620663
376.2647705,0
376.3755493,0.000194701908441317
376.4863586,0
376.5971375,0
376.7079468,0
376.8187561,0
376.9295654,0
377.0403748,0
377.1512146,0
377.2620239,0
377.3728638,0
377.4837036,0
377.5945435,0
377.7053833,0
377.8162537,0
377.927124,0.000411794381591061
378.0379639,0
378.1488342,0
378.2597351,0
378.3706055,0
378.4814758,0
378.5923767,0
378.7032776,0
378.8141785,0
378.9250793,0
379.0360107,0
379.1469116,0
379.257843,0
379.3687744,0
379.4797058,0
379.5906372,0
379.7015686,0
379.8125305,0
379.9234924,0
380.0344543,0
380.1454163,0
380.2563782,0
380.3673401,0
380.4783325,0
380.589325,0
380.7003174,0
380.8113098,0
380.9223022,0
381.0333252,0
381.1443176,0
381.2553406,0
381.3663635,0
381.4773865,0
381.5884094,0
381.6994629,0
381.8105164,0
381.9215393,0
382.0325928,0
382.1436462,0
382.2547302,0
382.3657837,0
382.4768677,0
382.5879517,0.000525464018964629
382.6990356,0.00124335301655277
382.8101196,0.00086444304746511
382.9212036,0.00121491265638853
383.0323181,0.00111416676563483
383.1434021,0.000896846261843123
383.2545166,0.000772708857550726
383.3656311,0.00010082294680206
383.4767761,3.60660485055648e-05
383.5878906,0
383.6990051,0
383.8101501,0
383.9212952,0
384.0324402,0
384.1435852,0
384.2547607,0
384.3659058,0
384.4770813,0
384.5882568,0
384.6994324,0
384.8106079,0
384.9217834,0
385.0329895,0
385.1441956,0
385.2553711,9.04536278745927e-05
385.3665771,5.48615700231428e-05
385.4778137,0
385.5890198,0
385.7002563,0
385.8114624,0
385.922699,0
386.0339355,0
386.1451721,0
386.2564392,0
386.3676758,0
386.4789429,0
386.59021,0
386.7014771,0.000544427581723752
386.8127441,0.00101426442829013
386.9240417,0.00173488338290115
387.0353088,0.00223721366206571
387.1466064,0.00188980104487029
387.2579041,0.00291575688489606
387.3692017,0.002075742374829
387.4804993,0.00146766586655458
387.5918274,0.00125366682445861
387.703125,0.00136416916367088
387.8144531,0.00167647007752657
387.9257813,0.000403430002701509
388.0371094,6.70551883121334e-05
388.1484375,0
388.2597961,0
388.3711243,0
388.4824829,0
388.5938416,0
388.7052002,0.000221360107622917
388.8165588,0.000982271975059487
388.9279175,0.00190195251885287
389.0393066,0.00274173690862898
389.1506958,0.00241126722152393
389.262085,0.00217015791171914
389.3734741,0.0026347025012725
389.4848633,0.0026671401672192
389.5962524,0.00239151814689354
389.7076721,0.00185204280418531
389.8190918,0.00223247119955962
389.930481,0.00251773844188892
390.0419312,0.00241314828399725
390.1533508,0.00284466983710379
390.2647705,0.00267193847299987
390.3762207,0.00268523944958449
390.4876404,0.00251041167489082
390.5990906,0.00301458726160776
390.7105408,0.00279378448796573
390.8220215,0.00279236410051776
390.9334717,0.00326162306491004
391.0449524,0.00359455067438455
391.1564026,0.00390921903697919
391.2678833,0.00448914050972954
391.379364,0.00520441138989696
391.4908447,0.00557456083793311
391.602356,0.00586844210535817
391.7138367,0.00604905642030426
391.8253479,0.00660612963106626
391.9368591,0.00662781492119123
392.0483704,0.00688612485794725
392.1598816,0.00671572641421928
392.2713928,0.0067560889710346
392.3829346,0.00776429415948705
392.4944763,0.00820889403170298
392.6059875,0.00825461877112227
392.7175293,0.00896844810215001
392.8291016,0.00999162552777239
392.9406433,0.0107760682741143
393.0521851,0.0115601834737273
393.1637573,0.0128084322969879
393.2753296,0.0152043373995869
393.3869019,0.0159895112969547
393.4984741,0.0174583611947817
393.6100464,0.0193608639425806
393.7216492,0.0201035515526395
393.833252,0.0206650813912635
393.9448242,0.0208357650583368
394.056427,0.0220460189778449
394.1680603,0.0229386242165603
394.2796631,0.0236071255637633
394.3912659,0.0255958820381179
394.5028992,0.0271066479842458
394.6145325,0.0280918448184462
394.7261658,0.0297519847341082
394.8377991,0.0306356898055067
394.9494324,0.032362689547387
395.0610962,0.0332440138801697
395.1727295,0.0350906798822211
395.2843933,0.0369551388599978
395.3960571,0.0385926879299145
395.5077209,0.0412898284404956
395.6193848,0.0441520606204785
395.7310791,0.0475895556400191
395.8427429,0.0497485850195576
395.9544373,0.0528011597471514
396.0661316,0.0553909936378091
396.1778259,0.0578766548771061
396.2895203,0.0595404779462206
396.4012451,0.0619184440889912
396.5129395,0.0648626064745595
396.6246643,0.0674543001361422
396.7363892,0.0706418482682512
396.848114,0.0732473585571224
396.9598389,0.0764962661177476
397.0715637,0.0788027405853825
397.1833191,0.0820482271119576
397.2950745,0.085133575230231
397.4068298,0.0882256231121753
397.5185852,0.0920361298217168
397.6303406,0.0956278195808037
397.7420959,0.10063773112827
397.8538818,0.106262229818597
397.9656372,0.112690181587867
398.0774231,0.118626325578133
398.189209,0.125736346291338
398.3009949,0.132880750733837
398.4128113,0.137895237291873
398.5245972,0.143116765503992
398.6364136,0.14851223566505
398.7481995,0.154827757047035
398.8600159,0.160762278450671
398.9718628,0.167276450405724
399.0836792,0.175303059567271
399.1954956,0.182591271746593
399.3073425,0.190194060380969
399.4191895,0.199547230863457
399.5310364,0.207797413543824
399.6428833,0.217198476865262
399.7547302,0.226660763846428
399.8665771,0.236892849690516
399.9784546,0.246020128883412
400.090332,0.253453807364051
400.202179,0.263881884211968
400.3140564,0.273852430672633
400.4259644,0.284142638940979
400.5378418,0.294745380689123
400.6497498,0.306819021437431
400.7616272,0.319036658022586
400.8735352,0.329461856048821
400.9854431,0.34111493943654
401.0973511,0.353436579396207
401.2092896,0.3653880770606
401.3211975,0.375644675270767
401.433136,0.389590049297642
401.5450745,0.403278575069618
401.6569824,0.415662387377892
401.7689514,0.428201871028459
401.8808899,0.442124698782357
401.9928284,0.457819875626285
402.1047974,0.47053190436358
402.2167664,0.483871453593444
402.3287354,0.498733438990607
402.4407043,0.513688108808246
402.5526733,0.528187175078367
402.6646423,0.542297916797378
402.7766418,0.556729939657151
402.8886414,0.571614032976081
403.0006104,0.586887255584037
403.1126099,0.601077857947345
403.2246399,0.615169619192878
403.3366394,0.629990241399279
403.4486694,0.644730793566187
403.5606689,0.659720696002291
403.672699,0.672717608635582
403.784729,0.688154046389082
403.896759,0.703506652036759
404.0087891,0.717824491025373
404.1208496,0.73283456475212
404.2329102,0.748336115827073
404.3449402,0.764621251314459
404.4570007,0.778189815989137
404.5690613,0.790959002084288
404.6811523,0.804087737795766
404.7932129,0.815781598800961
404.905304,0.824512528763806
405.0173645,0.833083187825065
405.1294556,0.84069006240995
405.2415466,0.84857584078977
405.3536377,0.855291882379322
405.4657593,0.862809906552612
405.5778503,0.871189779391258
405.6899719,0.877479600883066
405.8020935,0.883532182713175
405.9142151,0.888815220849197
406.0263367,0.892319929816082
406.1384583,0.893677089882432
406.2506104,0.894133485083409
406.3627319,0.895173047568595
406.474884,0.896390480909029
406.5870361,0.896359507588154
406.6991882,0.895470689774584
406.8113403,0.893425573960236
406.9235229,0.892171108713087
407.035675,0.888442062367413
407.1478577,0.884557102573112
407.2600403,0.881006921567159
407.3722229,0.877573711618951
407.4844055,0.874912793320004
407.5965881,0.868557910844565
407.7088013,0.863122073623751
407.8209839,0.856890626431967
407.933197,0.848019079956331
408.0454102,0.840374113579936
408.1576233,0.831922833313801
408.2698364,0.823989162095031
408.3820801,0.816826264618925
408.4942932,0.809344971365968
408.6065369,0.803018327340686
408.7187805,0.793864265453066
408.8310242,0.785640345316413
408.9432678,0.778014339786813
409.055542,0.768621049224642
409.1677856,0.758393768998064
409.2800598,0.748592355566979
409.392334,0.740844825237891
409.5046082,0.730581468357659
409.6168823,0.721504571518939
409.7291565,0.712833219735786
409.8414612,0.704354970299484
409.9537354,0.695399205704637
410.06604,0.687008458827346
410.1783447,0.679676497015052
410.2906494,0.672155175273599
410.4029541,0.663803769885033
410.5152893,0.656673206622935
410.627594,0.650455636571851
410.7399292,0.641507402673846
410.8522644,0.634557759186598
410.9645996,0.627036784227122
411.0769348,0.620157089140816
411.18927,0.61157585700534
411.3016052,0.601113012081032
411.4139709,0.594351256389987
411.5263367,0.586375083545018
411.6387024,0.579536607720465
411.7510681,0.573076295577059
411.8634338,0.567503963776214
411.9757996,0.562589249064442
412.0881958,0.558050826803016
412.200592,0.553159018208698
412.3129883,0.546696612376796
412.4253845,0.542004605897391
412.5377808,0.536231994355103
412.650177,0.533192114179322
412.7626038,0.527407463994043
412.875,0.522986673621221
412.9874268,0.520456570831535
413.0998535,0.517295192025175
413.2122803,0.514585975247208
413.324707,0.509735425146055
413.4371643,0.507084105063535
413.5495911,0.503672433819376
413.6620483,0.499893224306107
413.7745056,0.495550743959849
413.8869629,0.492971721135601
413.9994202,0.490574200388378
414.1118774,0.487258583075408
414.2243347,0.48518816649068
414.3368225,0.481421198407508
414.4493103,0.477290545734699
414.5617981,0.472180981747601
414.6742859,0.468142993868584
414.7867737,0.464922161206814
414.8992615,0.460717346609114
415.0117798,0.458321114790517
415.1242981,0.455418062870333
415.2367859,0.453292628411839
415.3493042,0.451646017645248
415.461853,0.448445846919245
415.5743713,0.44411011867887
415.6868896,0.439902516872629
415.7994385,0.435875200201245
415.9119873,0.432761059945203
416.0245361,0.427505180725906
416.137085,0.423576142518761
416.2496338,0.420403202673987
416.3621826,0.416180009509712
416.474762,0.412217132244465
416.5873108,0.407101967671374
416.6998901,0.402059545271948
416.8124695,0.397349768719005
416.9250488,0.392344574493124
417.0376282,0.387689613004889
417.150238,0.383008356261803
417.2628174,0.377899956879051
417.3754272,0.373311646245549
417.4880371,0.369037151500197
417.600647,0.363878785238637
417.7132568,0.359203338432828
417.8258667,0.354981623943738
417.9385071,0.349709100001883
418.0511475,0.34480186364913
418.1637573,0.339330679276959
418.2763977,0.333818828527137
418.3890381,0.328085666420331
418.501709,0.320655596241717
418.6143494,0.315555506146766
418.7269897,0.310131681378078
418.8396606,0.303094813398452
418.9523315,0.298024260495625
419.0650024,0.292187824538558
419.1776733,0.288132828821393
419.2903442,0.282916353241984
419.4030457,0.277313519204566
419.5157166,0.273095056444137
419.628418,0.266938104874764
419.7411194,0.261011346439007
419.8538208,0.255666420563238
419.9665222,0.250274432777298
420.0792236,0.245240643505943
420.1919556,0.239311454435009
420.3046875,0.234437890269645
420.4173889,0.229272693395469
420.5301208,0.224072941045349
420.6428528,0.217186006413288
420.7556152,0.211030019888363
420.8683472,0.205332852635412
420.9810791,0.199854723161639
421.0938416,0.195414818177718
421.206604,0.190130006966266
421.3193665,0.186195260226372
421.4321289,0.181674529531751
421.5448914,0.178087244676532
421.6576843,0.175040514239499
421.7704468,0.170747349776485
421.8832397,0.166934785373872
421.9960327,0.162714876671351
422.1088257,0.159521068788682
422.2216187,0.155390829944706
422.3344116,0.150483189576462
422.4472351,0.146696262890909
422.5600281,0.142288654492209
422.6728516,0.139730455556795
422.785675,0.135788569033533
422.8984985,0.133092899004984
423.011322,0.129909652712507
423.124176,0.126544762045163
423.2369995,0.123445432925032
423.3498535,0.119961363011486
423.4627075,0.117442093364934
423.5755615,0.113901428779998
423.6884155,0.111738702345871
423.8012695,0.109674779427078
423.9141235,0.107746356601648
424.0270081,0.105856606262884
424.1398621,0.10352219839512
424.2527466,0.101854251766469
424.3656311,0.0997093101258913
424.4785156,0.0977768618809258
424.5914307,0.0956573175129766
424.7043152,0.0934111008395506
424.8172302,0.0910352725343363
424.9301147,0.0888766402175258
425.0430298,0.0868762260158994
425.1559448,0.0842384943796211
425.2688599,0.0813700846286794
425.3818054,0.0796043715090139
425.4947205,0.0782867909301682
425.607666,0.0755783273953193
425.7205811,0.0744849263585312
425.8335266,0.0736419665952235
425.9464722,0.0734029121393171
426.0594482,0.0722534938200563
426.1723938,0.071600869651596
426.2853394,0.071390784801263
426.3983154,0.0701102508403626
426.5112915,0.0688287976240221
426.6242676,0.0677141842152109
426.7372437,0.0669009260251835
426.8502197,0.0655351966240682
426.9631958,0.0654275064342126
427.0762024,0.0631624802063004
427.189209,0.0629608346694453
427.3021851,0.0612469130427237
427.4151917,0.0601472645099786
427.5281982,0.0588388135023229
427.6412354,0.0567633230226458
427.7542419,0.0564752495601281
427.8672485,0.0545453938748658
427.9802856,0.0541332382099461
428.0933228,0.0527123003696313
428.2063599,0.0521277059511381
428.319397,0.0516035786957033
428.4324341,0.0510243329654815
428.5455017,0.0501969162926187
428.6585388,0.0497887443394348
428.7716064,0.0497435004923906
428.8846741,0.0490181456189238
428.9977417,0.0479431149533633
429.1108093,0.0479999680712867
429.223877,0.0468231401801657
429.3369751,0.0450723804876678
429.4500427,0.0439769814633197
429.5631409,0.0427166788717886
429.676239,0.0410213443440529
429.7893372,0.0390849761828532
429.9024353,0.0379741653297364
430.0155334,0.0373418616761817
430.1286316,0.0354019350831731
430.2417603,0.0350686030514035
430.3548889,0.0352356726733417
430.4680176,0.0346737463866957
430.5811462,0.0341303785756916
430.6942749,0.0338180708137262
430.8074036,0.0340164637898714
430.9205627,0.0321797701450288
431.0336914,0.0310955199438659
431.1468506,0.0296340449370932
431.2600098,0.0287811545243761
431.3731689,0.027215493373447
431.4863281,0.0248634532360492
431.5994873,0.022813316887619
431.712677,0.0210516719205296
431.8258362,0.0196240271618057
431.9390259,0.0178173683618604
432.0522156,0.0165331999080702
432.1654053,0.0154974183079984
432.278595,0.015017776555088
432.3917847,0.0138915553061258
432.5050049,0.0133700046631654
432.6181946,0.0133488411580708
432.7314148,0.0132447666511026
432.844635,0.0131482406215654
432.9578552,0.0135750757341574
433.0710754,0.0133583466324924
433.1842957,0.0125600739695777
433.2975464,0.0122052034484672
433.4107971,0.0113909413573304
433.5240173,0.0111547417842607
433.6372681,0.00911942453130494
433.7505188,0.00807572468467725
433.8637695,0.0072427438219038
433.9770508,0.00617433624708132
434.0903015,0.00486124010188259
434.2035828,0.00376944816968669
434.3168335,0.00373038802661031
434.4301147,0.00418687543940914
434.543396,0.00395491658268501
434.6567078,0.00378708125665976
434.769989,0.00475377471767998
434.8832703,0.00498168014403568
434.996582,0.00522135493287551
435.1098938,0.0048263308145807
435.223175,0.00491454189355889
435.3364868,0.00488506338499661
435.4498291,0.00412639401539195
435.5631409,0.00322697124390598
435.6764526,0.00346962665895539
435.7897949,0.00267853321999732
435.9031372,0.00191859629733116
436.0164795,0.00126341698579245
436.1298218,0.000576064069060634
436.2431641,0.00102969613909092
436.3565063,0.000196798772903604
436.4698486,0.000667109149994732
436.5832214,0.000438729732831245
436.6965942,0.00126849279528742
436.809967,0.00110135335054583
436.9233398,0.00116418126593414
437.0367126,0.00176925606329919
437.1500854,0.00211941928823927
437.2634583,0.00321059170506072
437.3768616,0.00278371467786475
437.4902649,0.00394396858920551
437.6036682,0.00411517470299629
437.7170715,0.00470858540932425
437.8304749,0.00437805366835516
437.9438782,0.00386220655349327
438.0572815,0.00333382447358773
438.1707153,0.00197704390079113
438.2841492,0.000957801267287116
438.3975525,0
438.5109863,0
438.6244202,0
438.7378845,0
438.8513184,0
438.9647827,0
439.0782166,0
439.1916809,0.000264661094815874
439.3051453,0.000968894325673721
439.4186096,0.00105487008864926
439.532074,0.00172927697250885
439.6455688,0.00221719201619189
439.7590332,0.00296829164274466
439.8725281,0.00319784072741227
439.9860229,0.00261138714896787
440.0995178,0.00208118772137536
440.2130127,0.00122554659824014
440.3265076,0.000574733337289068
440.4400024,0
440.5535278,0
440.6670227,0
440.7805481,0
440.8940735,0
441.0075989,0
441.1211243,0.000281019421124458
441.2346497,0.000528068897638737
441.3482056,0.000961464025002326
441.4617615,0.000978978013365445
441.5752869,0.00080300837765515
441.6888428,0.00085252115749742
441.8023987,0.000894067387496971
441.9159546,0.00135486544196887
442.029541,0.00136875137998876
442.1430969,0.00180650591273806
442.2566833,0.0020656308803534
442.3702393,0.00211474005508625
442.4838257,0.00127212143338834
442.5974121,0.000522755529998517
442.7109985,0
442.824585,0
442.9382019,0
443.0517883,0
443.1654053,0
443.2790222,0
443.3926392,0
443.5062561,1.92270866373112e-05
443.619873,0.00070691404084404
443.73349,0.000944367263731471
443.8471375,0.00127047754519835
443.9607849,0.00217051323837139
444.0744019,0.00178800292341974
444.1880493,0.00221077134160594
444.3016968,0.0022988918957135
444.4153442,0.00244169256110395
444.5290222,0.00195488467126096
444.6426697,0.00117135427901151
444.7563477,0.000541829552481044
444.8700256,0
444.9836731,0
445.0973511,0
445.2110596,0
445.3247375,0
445.4384155,0
445.552124,0
445.665802,0
445.7795105,0
445.893219,0.000336005865282276
446.0069275,0.000612881509827563
446.1206665,0
446.234375,0.000342934854319996
446.3480835,0.000698293115125048
446.4618225,0.00079466574810523
446.5755615,9.41303397575495e-05
446.6893005,0
446.8030396,0
446.9167786,0
447.0305176,0
447.1442871,0
447.2580261,0
447.3717957,0
447.4855652,0
447.5993347,0
447.7131042,0
447.8268738,0
447.9406738,0
448.0544434,0.000730737349556176
448.1682434,0.0011324817282773
448.2820435,0.000684239800466133
448.3958435,0.000974089105952738
448.5096436,0.00100732059000253
448.6234436,0.00194252375312728
448.7372437,0.00182868584441016
448.8510742,0.00176818397461416
448.9649048,0.00171392852789363
449.0787048,0.00119551180385845
449.1925354,0.000526376730815944
449.306366,0
449.4201965,0
449.5340576,0
449.6478882,0
449.7617493,0
449.8755798,0
449.9894409,0
450.103302,0
450.2171631,0
450.3310242,0
450.4449158,0
450.5587769,0.000959876299029299
450.6726685,0.00105581015970387
450.7865601,0.0015591919155406
450.9004517,0.00135705894575122
451.0143433,0.00142949691574941
451.1282349,0.00139649519416365
451.2421265,9.83573059650468e-05
451.3560486,1.24095029778609e-05
451.4699402,0
451.5838623,0
451.6977844,0
451.8117065,0
451.9256287,0
452.0395508,0
452.1534729,0
452.2674255,0
452.3813782,3.72359715297856e-05
452.4953003,0.00114686933562388
452.6092529,0.0011228579999505
452.7232056,0.00131774128430044
452.8371582,0.00104914555073534
452.9511414,0.000676732826817959
453.065094,0
453.1790771,0
453.2930298,0
453.4070129,0
453.5209961,0
453.6349792,0
453.7489929,0
453.8629761,0
453.9769592,0
454.0909729,0
454.2049866,0
454.3190002,0
454.4330139,0
454.5470276,0
454.6610413,0.000586280144727759
454.7750854,0.000841790607671357
454.8890991,0.00109370077592524
455.0031433,0.00186853336530872
455.1171875,0.00183548967818841
455.2312317,0.0020230817715664
455.3452759,0.00135228192969454
455.4593201,0.00154274326903433
455.5733643,0.00105938938233698
455.687439,0
455.8014832,0
455.9155579,0
456.0296326,0
456.1437073,0
456.257782,0
456.3718567,0
456.4859619,0.000538653973437947
456.6000366,0.0010829483234892
456.7141418,0.00123374346023891
456.8282471,0.000922542978576062
456.9423523,0.0011132831510218
457.0564575,0.000307426433646718
457.1705627,0.000127007071883212
457.284668,0.000644351349145175
457.3987732,0.000716092964821522
457.5129089,0.000877633385253696
457.6270447,0.000906365868266935
457.7411804,0.000316082334971224
457.8553162,0
457.9694519,0
458.0835876,0
458.1977234,0
458.3118896,0
458.4260254,0
458.5401917,0
458.6543579,0
458.7685242,0
458.8826904,0
458.9968567,0
459.1110535,0
459.2252197,0
459.3394165,0
459.4536133,6.46665267510973e-05
459.5677795,0.000379432519053703
459.6820068,0.000219953291084289
459.7962036,0
459.9104004,0
460.0245972,0
460.1388245,0
460.2530518,0
460.3672485,0
460.4814758,0
460.5957031,0
460.7099609,0
460.8241882,0
460.9384155,0.000101922791112067
461.0526733,0.00057194774136816
461.1669312,0.0010867920348298
461.281189,0.0016284610857145
461.3954163,0.00242597506507699
461.5097046,0.00217460104355808
461.6239624,0.00240406016576711
461.7382202,0.00196547685209728
461.8525085,0.00121992027870294
461.9667664,7.10732214965419e-05
462.0810547,0
462.195343,0
462.3096313,0
462.4239197,0
462.538208,0
462.6525269,0
462.7668152,0
462.881134,0
462.9954224,0
463.1097412,9.42211840557371e-05
463.2240601,0
463.3384094,0
463.4527283,0.000430435662911587
463.5670471,0.000360010402571191
463.6813965,0.000411647374177998
463.7957153,0.000235155341754438
463.9100647,0.000193267918114691
464.0244141,0
464.1387634,0
464.2531128,0
464.3674622,0
464.481842,0
464.5961914,0
464.7105713,0
464.8249512,0
464.9393311,0
465.0537109,0
465.1680908,0
465.2824707,0.00029898575273348
465.3968811,0.000638389803599096
465.511261,0.000287091541515194
465.6256714,0.000628919011985358
465.7400818,0.000666238275843272
465.8544922,6.20478981365163e-05
465.9689026,0
466.083313,0
466.1977234,0
466.3121643,0
466.4265747,0
466.5410156,0
466.6554565,0
466.7698975,0
466.8843384,0
466.9987793,0
467.1132202,0
467.2276917,0
467.3421326,0
467.456604,0
467.5710754,0
467.6855469,0
467.8000183,1.11213247905145e-05
467.9144897,1.79528628679846e-05
468.0289612,0.0004244328035049
468.1434631,0.00104341452170212
468.2579346,0.000383422822193691
468.3724365,9.63450690380927e-05
468.4869385,0
468.6014404,0.000186603769328212
468.7159424,0
468.8304443,0
468.9449463,0
469.0594788,0
469.1739807,0
469.2885132,0
469.4030457,0
469.5175781,0
469.6321106,0
469.7466431,0.000349794045581689
469.8611755,0.00092820429940689
469.9757385,0.00113387453894022
470.090271,0.000796253333027388
470.204834,0.00051051286691161
470.319397,0.000365699542993731
470.43396,8.5683179902779e-05
470.5485229,0
470.6630859,0
470.7776489,0
470.8922424,0
471.0068054,0
471.1213989,0
471.2359924,0
471.3505859,0
471.4651794,0
471.5797729,0
471.6943665,0
471.80896,0
471.923584,0
472.038208,0
472.1528015,0
472.2674255,0
472.3820496,0
472.4966736,0
472.6113281,0.000468117128644459
472.7259521,0.000322161534754859
472.8406067,0
472.9552307,0
473.0698853,0
473.1845398,0
473.2991943,0
473.4138489,0
473.5285034,0
473.6431885,0
473.757843,0
473.8725281,0
473.9871826,0
474.1018677,0
474.2165527,0
474.3312378,0
474.4459534,0
474.5606384,0
474.6753235,5.84828730354362e-05
474.7900391,0
474.9047546,0
475.0194702,0
475.1341858,0
475.2489014,0
475.3636169,0
475.4783325,0
475.5930786,0
475.7077942,0
475.8225403,0
475.9372864,0
476.0520325,0
476.1667786,0
476.2815247,0
476.3962708,0.000294055774477578
476.5110168,0.000498096463442238
476.6257935,0.000495094982454854
476.7405701,0.00104843525497017
476.8553162,0.000532302713317151
476.9700928,0.000163978075748579
477.0848694,0.000261562444096216
477.199646,0.000419384193453337
477.3144531,0
477.4292297,0
477.5440063,0
477.6588135,0
477.7736206,0
477.8884277,0
478.0032349,0
478.118042,0
478.2328491,0
478.3476563,0
478.4624939,0
478.577301,0
478.6921387,9.40327929031699e-05
478.8069763,0.000413638717864114
478.921814,0.00105822651282215
479.0366516,0.00118602028510621
479.1514893,0.000831560424063399
479.2663269,0.000918664502570689
479.3811951,0.000192216786408915
479.4960327,0.000467804048405664
479.6109009,0
479.7257385,0
479.8406067,0
479.9554749,0
480.070343,0
480.1852417,0
480.3001099,0
480.414978,0
480.5298767,0
480.6447754,0
480.7596741,0
480.8745728,0
480.9894714,0
481.1043701,0
481.2192688,7.06554829359898e-05
481.334198,0.000214814175369685
481.4490967,0.000429370577022696
481.5640259,0
481.6789246,0
481.7938538,0
481.908783,0
482.0237427,0
482.1386719,0
482.2536011,0
482.3685608,0
482.48349,0
482.5984497,0
482.7134094,0
482.8283691,0
482.9433289,0
483.0582886,0
483.1732483,0
483.2882385,0
483.4031982,0.000313088138032111
483.5181885,0.000634044838042749
483.6331787,0.000542644123362474
483.7481689,0.000204925389870688
483.8631592,0
483.9781494,0
484.0931396,0
484.2081299,0
484.3231506,0
484.4381409,0
484.5531616,0
484.6681824,0
484.7832031,0
484.8982239,0
485.0132446,0
485.1282654,0
485.2433167,0
485.3583374,9.4722240125409e-05
485.4733887,0.000547609115447622
485.5884399,0.000841093627168316
485.7034607,0.00131902960316105
485.818512,0.000849178751112153
485.9335938,0.000934506680922112
486.048645,0.000343310742381637
486.1636963,0
486.2787781,0
486.3938293,0
486.5089111,0
486.6239929,0
486.7390442,0
486.854126,0
486.9692383,0
487.0843201,0
487.1994019,0
487.3145142,0
487.4295959,0.000195789274729685
487.5447083,0.000355456504130064
487.6598206,0.00056749170275017
487.7749329,0.000383868444154629
487.8900452,0.000954855195332854
488.0051575,0.00133943373085414
488.1202698,0.000212801414405901
488.2354126,8.96526023660791e-05
488.3505249,0.00021979992003558
488.4656677,0
488.5808105,0
488.6959229,0
488.8110657,0
488.926239,0
489.0413818,0
489.1565247,0
489.2716675,0
489.3868408,0
489.5020142,0
489.617157,0
489.7323303,0
489.8475037,0.000566342123125479
489.962677,0.00062435110772362
490.0778809,0.000668661695597105
490.1930542,0.000631307673520049
490.3082581,0.000708557699195474
490.4234314,0.00115280957925503
490.5386353,0.000737381320533933
490.6538391,0
490.7690125,0
490.8842163,0
490.9994507,0
491.1146545,0
491.2298584,0
491.3450928,0
491.4602966,0
491.575531,0
491.6907654,0
491.8059998,0
491.9212341,0.000220691291579194
492.0364685,0
492.1517029,0
492.2669678,0.00092811395372305
492.3822021,0.00020648516828559
492.497467,0.000371375240214071
492.6127014,0
492.7279663,0
492.8432312,0
492.9584961,0
493.073761,0
493.1890564,0
493.3043213,0
493.4196167,0
493.5348816,0
493.650177,0
493.7654724,0
493.8807678,0
493.9960632,0
494.1113586,0
494.2266541,0
494.34198,0
494.4572754,0
494.5726013,8.01118217149446e-05
494.6878967,0.000618932698843738
494.8032227,0.000439502108300056
494.9185486,0.000359230487843564
495.0338745,0.000197996630559562
495.1492004,0
495.2645569,0
495.3798828,0
495.4952393,0
495.6105652,0
495.7259216,0
495.8412781,0
495.9566345,0
496.071991,0
496.1873474,0
496.3027039,3.33288329469027e-05
496.4180908,0.00028479353277144
496.5334473,0.000782485828780026
496.6488342,0.00151825812149846
496.7642212,0.000980391387306454
496.8795776,0.0010041728581431
496.9949646,0.00126409166941575
497.1103516,0.00161529242934317
497.225769,0.00192066407297707
497.341156,0.00199977348841587
497.456543,0.00168945035768751
497.5719604,0.000956366414521444
497.6873474,0.000394585703901746
497.8027649,0
497.9181824,0
498.0335999,0
498.1490173,0
498.2644348,0
498.3798523,0
498.4953003,0
498.6107178,0
498.7261658,0
498.8415833,0
498.9570313,0
499.0724792,0.000351214714060048
499.1879272,0.00125851371482002
499.3033752,0.000908956434434848
499.4188538,0.000516689875589993
499.5343018,0
499.6497498,0
499.7652283,0
499.8807068,0
499.9961548,0
500.1116333,0
500.2271118,0
500.3425903,0
500.4580994,0
500.5735779,0
500.6890564,0
500.8045654,0
500.9200745,0
501.035553,0
501.151062,0
501.266571,0
501.3820801,0
501.4976196,0
501.6131287,0
501.7286377,0.000244682206676706
501.8441772,0
501.9596863,0
502.0752258,2.73682712157582e-05
502.1907654,0
502.3063049,0
502.4218445,0
502.537384,0
502.6529236,0
502.7684937,0
502.8840332,0
502.9996033,0
503.1151733,0
503.2307129,0
503.346283,0.000420881157672209
503.461853,0.000423562248842471
503.5774231,0.00120304657121263
503.6930237,0.00110037159507049
503.8085938,0.00100502949437372
503.9241638,0.000445240536395227
504.0397644,0.000167229918459906
504.155365,0
504.2709351,0
504.3865356,0
504.5021362,0
504.6177368,0
504.7333679,0
504.8489685,0
504.9645691,0
505.0802002,0
505.1958008,0
505.3114319,0
505.427063,0
505.5426941,3.50005789567311e-05
505.6583252,0.000260079006121928
505.7739563,0.000671544819518483
505.8895874,0.000116825409640069
506.005249,0.000111755740052143
506.1208801,9.23474247063291e-05
506.2365417,0.000390560239954122
506.3521729,0.000243755240189372
506.4678345,0
506.5834961,0
506.6991577,0
506.8148193,0
506.930481,0
507.0461731,0
507.1618347,0
507.2775269,0
507.3931885,0
507.5088806,0
507.6245728,0
507.7402649,0
507.855957,0
507.9716492,0.000112131736532547
508.0873413,0.00114112402015458
508.203064,0.0010084210478769
508.3187561,0.000832980811636502
508.4344788,0.000870961709862561
508.5501709,0.000178420862212875
508.6658936,0.000186470882933851
508.7816162,0
508.8973389,0
509.0130615,0
509.1287842,0
509.2445068,0
509.36026,0
509.4759827,0
509.5917358,0
509.707489,0
509.8232117,0
509.9389648,0
510.054718,0
510.1704712,0
510.2862549,0
510.4020081,6.30948639800092e-06
510.5177612,6.82666552082977e-05
510.6335449,0.000320761938330911
510.7493286,9.30092440131514e-05
510.8650818,0.000147515423278993
510.9808655,0
511.0966492,0
511.2124329,0
511.3282166,0
511.4440308,0
511.5598145,0
511.6755981,0
511.7914124,0
511.9072266,0.000198240002484
512.0230103,0.000623640415670688
512.138855,0.00133672459025581
512.2546387,0.00155822399931593
512.3704834,0.00153757634635122
512.4862671,0.00141562544322944
512.6021118,0.000497142501637779
512.7179565,0.000618807977880615
512.8337402,0.000232690365530922
512.949585,0.000320977248291664
513.0654297,0.000299563379409435
513.1812744,0
513.2971191,0
513.4129639,0.00025052428347642
513.5288086,0
513.6446533,0
513.760498,0
513.8763428,0
513.9922485,0
514.1080933,0
514.223938,0
514.3398438,0
514.4556885,0.000353770828911746
514.5715942,0.000292105834126915
514.687439,0.000412016323267535
514.8033447,0.000530714898055888
514.9191895,0.000823008427134769
515.0350952,0.000695904300249759
515.151001,0.000386040914115086
515.2669067,0.000291652979695927
515.3828125,0
515.4986572,0
515.614563,0
515.7304688,0
515.8463745,0
515.9623413,0
516.0782471,0
516.1941528,0
516.3100586,0
516.4260254,0.000216380764834186
516.5419312,0.000622017957425698
516.6578369,0.000691691160766096
516.7738037,0.000801726997694197
516.8897095,0.000382747259203224
517.0056763,0.000461905182889453
517.121582,0.000404481517661083
517.2375488,0.000918636363768759
517.3535156,0.00154176863109001
517.4694824,0.0013670526196652
517.5853882,0.00137236593599943
517.701355,0.000524810000869178
517.8173218,0.000251227985648617
517.9332886,0
518.0492554,0
518.1652222,0
518.281189,0
518.3971558,0.000204430697195391
518.5131836,0.000753725206547735
518.6291504,0.000716774891731059
518.7451172,0.00151006863288668
518.861145,0.00183227198007259
518.9771118,0.000908552446012353
519.0930786,0.000369181531659992
519.2091064,0
519.3251343,0
519.4411011,0
519.5571289,0
519.6730957,0
519.7891235,0
519.9051514,0
520.0211792,0
520.137207,0
520.2532349,0
520.3692627,0
520.4852905,0
520.6013184,0
520.7173462,0.000367148120417899
520.833374,0.00148006859696563
520.9494019,0.000924367469706086
521.0654907,0.000961171595151608
521.1815186,0.00185477260812446
521.2975464,0.001492172048077
521.4136353,0.00169001497545103
521.5296631,0.00112959229175822
521.645752,0.00134024165673781
521.7618408,0.000448081835057959
521.8778687,0.000170816309657797
521.9939575,0
522.1100464,0
522.2260742,0
522.3421631,0
522.458252,0
522.5743408,0
522.6904297,0
522.8065186,0
522.9226074,0
523.0386963,0.000134931898839977
523.1547852,0.000669309784480368
523.2709351,0.00115784454819103
523.3870239,0.00179116503356812
523.5031128,0.00203737882883501
523.6192627,0.00254070483082371
523.7353516,0.0023095538487497
523.8514404,0.00293554805276836
523.9675903,0.00188214777991954
524.0836792,0.00131050609042226
524.1998291,0.000358520243120939
524.315979,0
524.4320679,0
524.5482178,0
524.6643677,0
524.7805176,0
524.8966675,0
525.0128174,0
525.1289673,0
525.2451172,0
525.3612671,0.000605012104470265
525.477417,0.00131219089622901
525.5935669,0.00267344915517695
525.7097168,0.0031336064303
525.8259277,0.00305315304454061
525.9420776,0.00247087787299178
526.0582275,0.00248457586093258
526.1744385,0.00228633617774442
526.2905884,0.00179124835125727
526.4067993,0.0011203580867755
526.5229492,0.000573884110754381
526.6391602,0.000226645847435536
526.7553711,0
526.871521,0
526.9877319,0
527.1039429,0.000212265267846563
527.2201538,0.000992982231755796
527.3363037,0.000943044378418026
527.4525146,0.00140486596250452
527.5687256,0.00163876070280398
527.6849365,0.00242206848857685
527.8012085,0.00267629769960494
527.9174194,0.00269056669449713
528.0336304,0.00312816113475227
528.1498413,0.00308810496187639
528.2660522,0.00299865436653159
528.3823242,0.00267159702377372
528.4985352,0.00199013573988389
528.6147461,0.0018578991676582
528.7310181,0.00184587249145503
528.847229,0.00140401627557702
528.963501,0.000931491513967582
529.0797729,0.000869687383670049
529.1959839,0.000393541191387057
529.3122559,8.72015038255206e-05
529.4285278,0
529.5447388,0.000240879777041007
529.6610107,0.000958511154303561
529.7772827,0.00130194026668198
529.8935547,0.00157175468734618
530.0098267,0.00225539567408803
530.1260986,0.00263893667464392
530.2423706,0.00245701299451264
530.3586426,0.00265009265564093
530.4749146,0.00266462612030767
530.5912476,0.00261593486294894
530.7075195,0.00277097806356746
530.8237915,0.00238224908105115
530.9401245,0.00270088699387353
531.0563965,0.0024217480475635
531.1726685,0.00140313908852709
531.2890015,0.00178744589593564
531.4052734,0.00156871124077815
531.5216064,0.00215593072846766
531.6379395,0.00205111091028267
531.7542114,0.00199511468653854
531.8705444,0.00340142214698652
531.9868774,0.0034141243608894
532.1032104,0.00279108287404669
532.2194824,0.00207314490816957
532.3358154,0.00197516352846575
532.4521484,0.00335558526105116
532.5684814,0.00282563634874931
532.6848145,0.00320826504629922
532.8011475,0.00391198978375999
532.9175415,0.00430491102539503
533.0338745,0.00442329674987096
533.1502075,0.00296758875853314
533.2665405,0.00189383970286662
533.3829346,0.00122930744578389
533.4992676,3.59615436407593e-05
533.6156006,0.000186840445304546
533.7319946,0
533.8483276,0
533.9647217,0.000456230048190927
534.0810547,0.000791581026315248
534.1974487,0.00178187501066964
534.3138428,0.00156357906388834
534.4301758,0.00247856588334066
534.5465698,0.00303664866938705
534.6629639,0.00301464983882805
534.7793579,0.00282881993986768
534.895752,0.00279281694181819
535.012146,0.0025348827651991
535.12854,0.00228203928574838
535.2449341,0.00211185675243911
535.3613281,0.00179360884815481
535.4777222,0.00159433791713038
535.5941162,0.00113970301924543
535.7105103,0.000491020748223822
535.8269653,4.50003353883666e-05
535.9433594,0.000124283746861449
536.0597534,8.79185469369964e-05
536.1762085,0.00049717005264909
536.2926025,0.0010666735448554
536.4090576,0.00187340770475661
536.5254517,0.00229426091530977
536.6419067,0.00176954890214891
536.7583618,0.00165439482981824
536.8747559,0.00182027367279092
536.9912109,0.00168775865084041
537.107666,0.00238182431407439
537.2241211,0.00297191999931025
537.3405151,0.00409176943925368
537.4569702,0.00402611419258875
537.5734253,0.00359207143660298
537.6898804,0.00278757974893557
537.8063354,0.00154920575583179
537.9227905,0.00108429219172689
538.0393066,0
538.1557617,9.07112482879912e-05
538.2722168,0.000215329339270421
538.3886719,0.000588891029414979
538.505127,0.00142480344729946
538.6216431,0.00122853443150387
538.7380981,0.00202352039039311
538.8546143,0.00258963934489341
538.9710693,0.00265324712390094
539.0875854,0.00338588570085449
539.2040405,0.00353374196005872
539.3205566,0.00437384663723754
539.4370728,0.00412652553480539
539.5535278,0.00331069686750812
539.6700439,0.0027176764252603
539.7865601,0.00254853173383033
539.9030762,0.0023263989443955
540.0195313,0.00179876902349601
540.1360474,0.0013936124538627
540.2525635,0.000428994165077902
540.3690796,0.000286444577236483
540.4855957,0
540.6021729,0
540.718689,0
540.8352051,0
540.9517212,0.000447504157343847
541.0682373,0.00141805527783732
541.1848145,0.00249816218740203
541.3013306,0.00280058129293699
541.4179077,0.00334913749521005
541.5344238,0.00372655735580219
541.6509399,0.00373010208844969
541.7675171,0.00359908438220253
541.8840942,0.00386362709446405
542.0006104,0.00362848580927201
542.1171875,0.003214338904793
542.2337646,0.002505439935444
542.3502808,0.00187023938414172
542.4668579,0.00126565894687628
542.5834351,0.000792172888417662
542.7000122,0.00102769012535928
542.8165894,0.00147824409299484
542.9331665,0.00221313899447119
543.0497437,0.0025782395959257
543.1663208,0.00281051868905391
543.2828979,0.00302763759486724
543.3994751,0.0027437494902523
543.5160522,0.00236251357798674
543.6326904,0.00188777407414402
543.7492676,0.00198930703563695
543.8658447,0.00278019146486542
543.9824829,0.00268849142002293
544.0990601,0.0025828706274598
544.2156372,0.00319741636954428
544.3322754,0.00328620550966381
544.4488525,0.00292971213518404
544.5654907,0.00179252955208632
544.6821289,0.00168111501206292
544.7987061,0.00126433603578909
544.9153442,0.000565959526360587
545.0319824,0.000259780059206931
545.1486206,0.000444767734165315
545.2651978,0.000958887770879579
545.3818359,0.000119152247241491
545.4984741,0.000596502609969147
545.6151123,0.000674783295716569
545.7317505,0.000751058325688802
545.8483887,0.000892953537522225
545.9650269,0.00109255124755605
546.0817261,0.00224591059578575
546.1983643,0.00179884564514484
546.3150024,0.00220077807638142
546.4316406,0.00182323288143742
546.5483398,0.00189829638040998
546.664978,0.0019380390642237
546.7816162,0.0011117367520575
546.8983154,0.00145125218281305
547.0149536,0.00102065642724265
547.1316528,0.00171359428622657
547.248291,0.00159854454003494
547.3649902,0.00136987264208796
547.4816895,0.00208467673891887
547.5983276,0.00184989060155452
547.7150269,0.00180192364568498
547.8317261,0.00165548082226294
547.9484253,0.00181344878000319
548.0650635,0.00191191774688856
548.1817627,0.00210074253279768
548.2984619,0.00215026942041613
548.4151611,0.00216327786502102
548.5318604,0.00197521239442814
548.6485596,0.00163076629540926
548.7652588,0.00209921730833512
548.882019,0.00110643718590524
548.9987183,0.00119083906268092
549.1154175,0.00123320027258505
549.2321167,0.00132600031508034
549.348877,0.00128821467668732
549.4655762,0.000913817356250108
549.5822754,0.00165258422922292
549.6990356,0.0017377102540967
549.8157349,0.0023735304229683
549.9324951,0.00244103787791861
550.0491943,0.00233959549231185
550.1659546,0.0027937845640964
550.2827148,0.00270375608631406
550.3994141,0.00265333790406708
550.5161743,0.00253073252285221
550.6329346,0.00228497850854281
550.7496948,0.00247109424340813
550.8664551,0.00185800395368512
550.9831543,0.0010700790399073
551.0999146,0.00124909863914453
551.2166748,0.000824819078542123
551.3334351,0.000655137882508548
551.4502563,0.000721802857870912
551.5670166,0.000528806821121742
551.6837769,0.00185281558830186
551.8005371,0.00192932740915654
551.9172974,0.00243770920943216
552.0340576,0.00243059909385885
552.1508789,0.00275350578523197
552.2676392,0.00278301856643958
552.3844604,0.00222610570370282
552.5012207,0.0019989867348513
552.617981,0.001648050547025
552.7348022,0.00247219421592384
552.8516235,0.00252330189020074
552.9683838,0.00291281781572917
553.0852051,0.00322486780536105
553.2020264,0.00290391115645882
553.3187866,0.00283872959342433
553.4356079,0.00227952549457648
553.5524292,0.00128246974423472
553.6692505,0.00103041313128718
553.7860718,0.000442455489885333
553.902832,0.00119262891023227
554.0196533,0.000986296934201797
554.1364746,0.000655333168231691
554.2533569,0.00156493684821713
554.3701782,0.00140815977075918
554.4869995,0.00196869378307324
554.6038208,0.00176885225387249
554.7206421,0.00175537728140726
554.8374634,0.00181353219974011
554.9543457,0.00167290443892698
555.071167,0.00207369475367074
555.1879883,0.00207550535426606
555.3048706,0.00167763969427354
555.4216919,0.00201841572633698
555.5385742,0.00206507362354006
555.6553955,0.00206152193922678
555.7722778,0.00190567801977216
555.8890991,0.00185744638958467
556.0059814,0.00257338585574211
556.1228638,0.00250166508232991
556.2397461,0.00280783770016633
556.3565674,0.00226506844701517
556.4734497,0.00202721127399264
556.590332,0.00134778341420983
556.7072144,0.000710549400578988
556.8240967,0.000697610574717009
556.940979,0.000436187623780399
557.0578613,0.000734101057665368
557.1747437,0.000741872845916176
557.291626,0.00098147100052766
557.4085083,0.00144187889318015
557.5253906,0.00188370714931129
557.642334,0.00138324333945668
557.7592163,0.000378715169383975
557.8760986,0.000592748765331307
557.992981,0.000605903501458315
558.1099243,0.00022592118794599
558.2268066,6.67554490806727e-05
558.34375,0.00130651527591278
558.4606323,0.00265197251686904
558.5775757,0.00247312709250162
558.694458,0.00281282362410683
558.8114014,0.00324745819130613
558.9283447,0.00307881458139027
559.0452271,0.00281094330266154
559.1621704,0.00212297087042355
559.2791138,0.00255096905698598
559.3960571,0.00264016200667053
559.5129395,0.00286988559845652
559.6298828,0.00269633273753303
559.7468262,0.00237631594264811
559.8637695,0.00285513617224071
559.9807129,0.00255291915063114
560.0976563,0.00241892081861348
560.2145996,0.00145047911751243
560.331543,0.00125433541062426
560.4485474,0.00114227313963015
560.5654907,0.00109966826390627
560.6824341,0.00172172087737819
560.7993774,0.00205843683405787
560.9163818,0.00277829693359178
561.0333252,0.00340950702831909
561.1502686,0.00408732635863291
561.2672729,0.0042623696858986
561.3842163,0.00409667884415733
561.5012207,0.00345737671210781
561.6181641,0.00308748498657016
561.7351685,0.00324935967444313
561.8521729,0.00304530498001791
561.9691162,0.00265361668657241
562.0861206,0.0022131671592664
562.203125,0.00224531909170565
562.3200684,0.00191645840691019
562.4370728,0.0011046826587875
562.5540771,0.000206631613089024
562.6710815,0.000709887740612732
562.7880859,0.000273449422464651
562.9050903,0.00118538661074838
563.0220947,0.00176373414625631
563.1390991,0.00181784319923791
563.2561035,0.00235503466649983
563.3731079,0.00226508960870688
563.4901123,0.00272480811154628
563.6071777,0.00253706947111071
563.7241821,0.00233177513232831
563.8411865,0.00248556473441313
563.9581909,0.00285005941693281
564.0752563,0.00296026227271911
564.1922607,0.00292014353507072
564.3093262,0.00249469425576797
564.4263306,0.00214166899208929
564.543396,0.00211008096174214
564.6604004,0.00116854074847643
564.7774658,0.00104915965874203
564.8944702,0.000363930882490715
565.0115356,0.000563082919727416
565.1286011,0.000489126881289262
565.2456055,0.000115781076075066
565.3626709,0.000663397373308037
565.4797363,0.000342412611092223
565.5968018,0.000871205554568328
565.7138672,0.000501578426576247
565.8309326,0.00109797635264748
565.947998,0.00185850521427625
566.0650635,0.00229885706041463
566.1821289,0.00192646519134091
566.2991943,0.00275846392786596
566.4162598,0.00278781656550394
566.5333252,0.00241459591567435
566.6503906,0.0024645406183074
566.7674561,0.00240114869878579
566.8845825,0.00228029125065003
567.0016479,0.00126327013203392
567.1187134,0.00112653499323706
567.2358398,0.00117266374654523
567.3529053,0.000583215843498274
567.4699707,0.000279216130041602
567.5870972,0.00160899073571422
567.7041626,0.00215259551691926
567.8212891,0.00221502642092944
567.9384155,0.00230031949010585
568.055481,0.0027514653710181
568.1726074,0.00312957436594714
568.2897339,0.00234589073064152
568.4067993,0.00249872631974761
568.5239258,0.00295077755197811
568.6410522,0.00346670123740238
568.7581787,0.00347642272323012
568.8753052,0.00296444062837454
568.9924316,0.00294844470846237
569.1095581,0.0025618467160731
569.2266846,0.00152734621415244
569.343811,0.00100798237776177
569.4609375,0.000208595405456477
569.578064,0
569.6951904,0
569.8123169,0
569.9294434,0.000948684984753532
570.0466309,0.00100483450299155
570.1637573,0.00167658115063431
570.2808838,0.00216719824283349
570.3980713,0.00223703164107148
570.5151978,0.00202751041267833
570.6323853,0.00183335856034084
570.7495117,0.00219674593569525
570.8666992,0.00236339089241253
570.9838257,0.00266431270775444
571.1010132,0.0024954395398938
571.2181396,0.0025259621006548
571.3353271,0.00242112122308273
571.4525146,0.00168759835408824
571.5696411,0.000531815381622771
571.6868286,0.000548751615527933
571.8040161,0.000498040901323183
571.9212036,0.00051051309702459
572.0383911,0.000334188415407037
572.1555786,0.00134319447602081
572.2727661,0.00235380892544569
572.3899536,0.00219866804365954
572.5071411,0.00245053655315886
572.6243286,0.00258718827201683
572.7415161,0.00236533406005588
572.8587036,0.00162713119134808
572.9758911,0.00164217314956557
573.0930786,0.00221187864879316
573.2102661,0.00262275960257609
573.3275146,0.00353714765950035
573.4447021,0.00369435655748836
573.5618896,0.00371076339197852
573.6791382,0.00375295040134886
573.7963257,0.00290740707363763
573.9135742,0.00132258827736166
574.0307617,0.000316973706141624
574.1480103,0.00021275965336866
574.2651978,0
574.3824463,0
574.4996338,0.000463848657205215
574.6168823,0.001266209405854
574.7341309,0.00230604433464828
574.8513794,0.00272067187479672
574.9685669,0.00296538845644536
575.0858154,0.0029485429772889
575.203064,0.00269026023358773
575.3203125,0.0034318473331535
575.437561,0.00323901834055329
575.5548096,0.00334222256263154
575.6720581,0.0035731157711206
575.7893066,0.003793709509391
575.9065552,0.0037167937257339
576.0238037,0.00300955922499187
576.1410522,0.00209666822827941
576.2583008,0.00111599820204208
576.3755493,0.00079570298296459
576.4928589,0.000680736963456718
576.6101074,0.000635597313463264
576.727356,0.00105839350626446
576.8446045,0.00152226255815544
576.9619141,0.00224644710041131
577.0791626,0.00288238585644653
577.1964722,0.00267645779204421
577.3137207,0.00238004177618918
577.4310303,0.00263287119900506
577.5482788,0.00250860825592717
577.6655884,0.0022470042551615
577.7828369,0.00164672046690762
577.9001465,0.00200911217052874
578.0174561,0.00250165814339733
578.1347046,0.00187828931515953
578.2520142,0.00149098787632233
578.3693237,0.00215506050605819
578.4866333,0.00230742950341844
578.6039429,0.00132233745528881
578.7212524,0.000349048965955355
578.838501,0.000842973769668309
578.9558105,0.00127852769369035
579.0731201,0.000586119285449388
579.1904297,0.000933949615436008
579.3078003,0.00090108708053722
579.4251099,0.00112911134955468
579.5424194,0.00161692891674521
579.659729,0.00148795147116715
579.7770386,0.00160490229156263
579.8943481,0.00125596470556306
580.0117188,0.00237436595137345
580.1290283,0.00298969853429713
580.2463379,0.00261221631310269
580.3637085,0.00290129965825773
580.4810181,0.00266078923908133
580.5983276,0.00253451377800219
580.7156982,0.00223681610116679
580.8330078,0.00220768632583283
580.9503784,0.00144710862383979
581.067749,0.0016790256682646
581.1850586,0.00189610276171274
581.3024292,0.00251165124223412
581.4197388,0.00209251125767129
581.5371094,0.00247288373298107
581.65448,0.00320158777338025
581.7718506,0.00306153781816642
581.8891602,0.00313499957321149
582.0065308,0.0025747022751392
582.1239014,0.00278001726455117
582.241272,0.00229897536667957
582.3586426,0.00175610858588359
582.4760132,0.00125285910313372
582.5933838,0.000810139245954103
582.7107544,0.000928991242682452
582.828125,0.000664365084987108
582.9454956,0.000945948357073304
583.0628662,0.000953566761588091
583.1802979,0.000825215834321132
583.2976685,0.000777952324965389
583.4150391,0.000364341516069038
583.5324097,0.000825543201270426
583.6498413,0.000867862496680364
583.7672119,0.00111914604448097
583.8845825,0.00131372317469491
584.0020142,0.00218316650925409
584.1193848,0.00241014613831514
584.2368164,0.00283911929504851
584.354187,0.00320503472286284
584.4716187,0.00312598812795813
584.5889893,0.00272435512908302
584.7064209,0.00237160138899562
584.8237915,0.00340623433021524
584.9412231,0.00269731460808572
585.0586548,0.00261805905442808
585.1760864,0.00191829671120539
585.293457,0.00272603354557017
585.4108887,0.00239832908530496
585.5283203,0.00126965635486238
585.645752,0.00129923870379232
585.7631836,0.000769902713265368
585.8806152,0.00151464451147416
585.9980469,0.00116513596923644
586.1154785,0.00112875650827864
586.2329102,0.00166528623895561
586.3503418,0.0022647132737101
586.4677734,0.00263255068179013
586.5852051,0.00313843241497278
586.7026367,0.00291017817887982
586.8200684,0.00309747794477101
586.937561,0.00300499808724209
587.0549927,0.00231808424942243
587.1724243,0.00117572758769585
587.289856,0.000801880368499439
587.4073486,0.00149852990188737
587.5247803,0.00110257929624656
587.6422729,0.000908427137214704
587.7597046,0.000454767413714798
587.8771973,0.000700967356714625
587.9946289,0.000833378001593307
588.1121216,0.00100506464903429
588.2295532,0.00126454458563083
588.3470459,0.00155804300079286
588.4644775,0.00181827486681595
588.5819702,0.00239548033689557
588.6994629,0.0018804898605611
588.8169556,0.000771810509204247
588.9343872,0.000766072323911343
589.0518799,0.00057357757328555
589.1693726,0.000938023389820881
589.2868652,0.000361542119013627
589.4043579,0.000804004049348922
589.5218506,0.00116656974889456
589.6393433,0.00140330582644272
589.7568359,0.00152288907650166
589.8743286,0.0014530071189298
589.9918213,0.00218385595057076
590.109314,0.00209844449873023
590.2268066,0.00198129172235601
590.3442993,0.00210643180122175
590.461792,0.00146273555624769
590.5792847,0.00139207332612347
590.6968384,0.000972647735802262
590.8143311,0.000958072356531562
590.9318237,0.00106522506969196
591.0493774,0.00123084649686051
591.1668701,0.00211996261647419
591.2843628,0.00234206759935566
591.4019165,0.0023187804884869
591.5194092,0.00237377393559454
591.6369629,0.00273950141304438
591.7544556,0.00274134002469256
591.8720093,0.00251461106431327
591.989563,0.00254080210279476
592.1070557,0.00270643037952203
592.2246094,0.00249571834733358
592.3421021,0.0015020119675236
592.4596558,0.00080658797046419
592.5772095,0
592.6947632,0
592.8123169,0.000174994818864583
592.9298096,0.000387559263728146
593.0473633,0.000594886860361547
593.164917,0.00124291475533125
593.2824707,0.00152108558096322
593.4000244,0.00199145862530711
593.5175781,0.0021700116711298
593.6351318,0.00274893026493903
593.7526855,0.00298453823138249
593.8702393,0.00291111154136071
593.987793,0.0032179664439753
594.1053467,0.0028414660423349
594.2229614,0.00197007961690475
594.3405151,0.00122597852144805
594.4580688,0.00159867667233218
594.5756226,0.00174344803055964
594.6932373,0.0018560674566113
594.810791,0.00171800219978287
594.9283447,0.00234256896236119
595.0459595,0.00236608586131624
595.1635132,0.00203565134151934
595.2811279,0.00205911247391073
595.3986816,0.00182793342956568
595.5162964,0.00144167668179329
595.6338501,0.000729574428957082
595.7514648,0.000219973992756626
595.8690186,0.000774832486947126
595.9866333,0.00106408987906923
596.104248,0.00136958010966916
596.2218018,0.00182711221370844
596.3394165,0.00256296123018275
596.4570313,0.00269161128323536
596.574585,0.00261454928474071
596.6921997,0.00106705690848793
596.8098145,0.00109141654274861
596.9274292,0.000644163181657761
597.0450439,0.000368415622568563
597.1626587,0.000577463448120164
597.2802734,0.000365936563907924
597.3978882,0.0016829743508057
597.5155029,0.00121170975639002
597.6331177,0.00228415624481674
597.7507324,0.00189769064066193
597.8683472,0.00184080992048713
597.9859619,0.00184488377138752
598.1035767,0.00203363188458331
598.2212524,0.0017954682635163
598.3388672,0.000773279813635199
598.4564819,0.00100560751724962
598.5740967,0.00046655014313369
598.6917725,0.00114563682222904
598.8093872,0.000460818909622923
598.927002,0.000889047012196352
599.0446777,0.00140386344147595
599.1622925,0.000812263693370457
599.2799683,0.00100163832497833
599.397583,0.000234166417567231
599.5152588,0.000299619657474324
599.6328735,0.000690200847946708
599.7505493,0.000247968526818274
599.8681641,0.000802478926945123
599.9858398,0.00115468256579172
600.1035156,0.00152496450410351
600.2211304,0.00134340997731538
600.3388062,0.0011331713736544
600.4564819,0.0016908084867939
600.5741577,0.00182788497244641
600.6917725,0.00195708522882492
600.8094482,0.00170250066550256
600.927124,0.00189370705915597
601.0447998,0.00281416779872933
601.1624756,0.00206545657806383
601.2801514,0.00192058053585063
601.3978271,0.00151714378602675
601.5155029,0.00109207061210615
601.6331787,0.00101205599865237
601.7508545,0.000204834507199481
601.8685303,0.000454516413170859
601.9862061,0.00108918766723105
602.1038818,0.0015176455832913
602.2216187,0.00229532630814769
602.3392944,0.00215019980176541
602.4569702,0.00213227474548811
602.574646,0.00172264028536642
602.6923828,0.00108597042945754
602.8100586,0.00143653051229685
602.9277344,0.000342071238783349
603.0454712,0.000929569201606978
603.163147,0.000903851744890374
603.2808838,0.00126205124043532
603.3985596,0.0021233051122882
603.5162964,0.00177307932257562
603.6339722,0.00198489876423397
603.751709,0.00136441992201189
603.8693848,0.00114326200024578
603.9871216,0.00159041768014704
604.1047974,0.00115023988075619
604.2225342,0.00161358653610075
604.340271,0.00171738267149959
604.4580078,0.00186163880211643
604.5756836,0.00270878407832052
604.6934204,0.00338025214840158
604.8111572,0.00337959061633807
604.928894,0.00286411960652903
605.0466309,0.00364607621479543
605.1643066,0.00374325677360001
605.2820435,0.00254055143415691
605.3997803,0.00197166086357181
605.5175171,0.00209421758334574
605.6352539,0.0024414838066749
605.7529907,0.00184812211965652
605.8707275,0.00164945036026892
605.9884644,0.00251691574358703
606.1062622,0.00251725693722723
606.223999,0.00193147899873229
606.3417358,0.00192209139725182
606.4594727,0.00177367087808685
606.5772095,0.00201861727350332
606.6950073,0.00147364066416223
606.8127441,0.00136111879150719
606.930481,0.00131085400576235
607.0482178,0.00135480305615264
607.1660156,0.00242244477281648
607.2837524,0.00257130411535156
607.4015503,0.00305310507299735
607.5192871,0.00343686185587161
607.6370239,0.00392598827722909
607.7548218,0.00402917169546231
607.8725586,0.00334673523705572
607.9903564,0.00289432185401477
608.1081543,0.00256076031453061
608.2258911,0.00223467814657491
608.343689,0.00222010987242694
608.4614868,0.00182851874904302
608.5792236,0.00218056945146195
608.6970215,0.00256532903694403
608.8148193,0.00259219566427754
608.9325562,0.00199140357419531
609.050354,0.00238097503636543
609.1681519,0.00264305941699505
609.2859497,0.00258940958253695
609.4037476,0.00308043748694362
609.5215454,0.0033449313329354
609.6393433,0.00402949852583917
609.7570801,0.00373457266947829
609.8748779,0.00405004195507923
609.9926758,0.00393908694003221
610.1105347,0.00393029871440266
610.2283325,0.0035929142739937
610.3461304,0.00342313560140176
610.4639282,0.00348777427040328
610.5817261,0.00315784113887852
610.6995239,0.00335956293856982
610.8173218,0.00269515611807773
610.9351196,0.00263857483015462
611.0529785,0.00243145608996951
611.1707764,0.00232382959067645
611.2885742,0.00264946603490225
611.4064331,0.00232481148706874
611.524231,0.00281709968626456
611.6420288,0.00306971325003359
611.7598877,0.00332594791224956
611.8776855,0.00312406591777043
611.9955444,0.00333334355709426
612.1133423,0.00343801020877592
612.2312012,0.00351551798259186
612.348999,0.00432478673753195
612.4668579,0.00428269730680506
612.5846558,0.00470407976349191
612.7025146,0.00380106359776383
612.8203125,0.00397079345545788
612.9381714,0.0042749254547346
613.0560303,0.00398800105987059
613.1738892,0.00454329842880525
613.291687,0.00472921921050488
613.4095459,0.00519540704967852
613.5274048,0.00543057614153369
613.6452637,0.00520134018808156
613.7630615,0.00545458737494634
613.8809204,0.00568481884667481
613.9987793,0.00572704761719217
614.1166382,0.00625925985641779
614.2344971,0.00612551914459399
614.352356,0.00612567238771603
614.4702148,0.00525159812379566
614.5880737,0.00511709865889204
614.7059326,0.00504927756142261
614.8237915,0.00493638650976043
614.9416504,0.00498038417065888
615.0595093,0.00548586912278054
615.1774292,0.0065299519239759
615.2952881,0.00678035792716528
615.413147,0.00696854914113097
615.5310059,0.00716105079227022
615.6488647,0.00777310354702784
615.7667847,0.00758175771125737
615.8846436,0.00711378012663943
616.0025024,0.00662476477832383
616.1204224,0.0065058153559699
616.2382813,0.00658262668593647
616.3561401,0.00688539380878685
616.4740601,0.00661476471521978
616.5919189,0.00707163498050119
616.7098389,0.00806870504317351
616.8276978,0.00802252077877786
616.9456177,0.00824050301913257
617.0634766,0.00806635824488849
617.1813965,0.00885822454460377
617.2992554,0.00833872842217352
617.4171753,0.00845228069942437
617.5350952,0.00921172313443943
617.6529541,0.00921408393814111
617.770874,0.00953023555965059
617.8887939,0.00992721656999698
618.0067139,0.0102768225378603
618.1245728,0.00971399744287012
618.2424927,0.00971938743169815
618.3604126,0.010003122446648
618.4783325,0.00971866323255751
618.5962524,0.00931161233575489
618.7141724,0.00935889700658281
618.8320313,0.0096660724010118
618.9499512,0.00994086594721008
619.0678711,0.00931257360678641
619.185791,0.00966045259843351
619.3037109,0.0100958049242137
619.4216309,0.01020819443443
619.5395508,0.0103161342695478
619.6575317,0.0101074346404326
619.7754517,0.0107379206381043
619.8933716,0.0109477135178159
620.0112915,0.0108292302656293
620.1292114,0.0115863607625538
620.2471313,0.0121407038114641
620.3651123,0.0122125011555045
620.4830322,0.0122851341297278
620.6009521,0.012421625448743
620.7188721,0.0123919876654761
620.836853,0.012186874479003
620.9547729,0.0118257640278682
621.0726929,0.0121053347947961
621.1906738,0.0125560423123139
621.3085938,0.012613556656265
621.4265747,0.0129444991591235
621.5444946,0.0128341152026193
621.6624756,0.0126352901999296
621.7803955,0.0127096083378503
621.8983765,0.0121789837346113
622.0162964,0.0124855674205485
622.1342773,0.0125158044773618
622.2521973,0.0136929664578784
622.3701782,0.0150339463195972
622.4881592,0.0151496853026499
622.6060791,0.0154373545474817
622.7240601,0.0161423050777132
622.842041,0.0163537136051229
622.960022,0.015678087829028
623.0779419,0.0152903686776674
623.1959229,0.0156198842504112
623.3139038,0.0161793042605559
623.4318848,0.0156864864559966
623.5498657,0.0157798159489055
623.6678467,0.0160743937117714
623.7858276,0.0156066666940355
623.9037476,0.0162075075473364
624.0217285,0.0167552771886788
624.1397095,0.01732429314479
624.2576904,0.017466007612435
624.3756714,0.0178497714756242
624.4937134,0.018894620491332
624.6116943,0.0193341928828502
624.7296753,0.0192519150961711
624.8476563,0.0193499872563095
624.9656372,0.0199324714375441
625.0836182,0.0202610323829105
625.2015991,0.0205651572274489
625.3196411,0.0205719534955645
625.4376221,0.0210289489920369
625.555603,0.0204768130942682
625.673584,0.0204869661969827
625.791626,0.0210972433136441
625.9096069,0.0212312279460613
626.0275879,0.0215245311007536
626.1456299,0.021434146861678
626.2636108,0.022211709511355
626.3815918,0.0226006548123011
626.4996338,0.0231557431208368
626.6176147,0.0234088440162453
626.7356567,0.0235485670407535
626.8536377,0.0242423127239378
626.9716797,0.0251743469525759
627.0896606,0.0254276146879632
627.2077026,0.0252073624232437
627.3257446,0.0257153614210914
627.4437256,0.0255358401505956
627.5617676,0.0257144981873179
627.6798096,0.0260207543271849
627.7977905,0.0264325898049428
627.9158325,0.026935490785023
628.0338745,0.0265707593379655
628.1518555,0.0271719972539944
628.2698975,0.0269496975222762
628.3879395,0.0265243390227494
628.5059814,0.0275330938020172
628.6240234,0.027783353923847
628.7420044,0.0286450884822143
628.8600464,0.0293229561677796
628.9780884,0.0301492924707705
629.0961304,0.0305900758835214
629.2141724,0.0305858280106813
629.3322144,0.0309859773397984
629.4502563,0.031012739180622
629.5682983,0.0312867179514152
629.6863403,0.0315617693226362
629.8043823,0.0319820445222124
629.9224243,0.0318042713920394
630.0404663,0.0316938246674706
630.1585693,0.0315884477456658
630.2766113,0.0307887959973965
630.3946533,0.0302107267331511
630.5126953,0.0297498800182262
630.6307373,0.0298987947694783
630.7487793,0.0293016726435419
630.8668823,0.0297273235213719
630.9849243,0.0301186712359051
631.1029663,0.0310865907448648
631.2210693,0.0322303545025598
631.3391113,0.0320577206918086
631.4571533,0.0329644136716803
631.5752563,0.0332819098263615
631.6932983,0.0340449946227222
631.8113403,0.033776607847405
631.9294434,0.0331015666259418
632.0474854,0.0338854176626943
632.1655884,0.0339097705498984
632.2836304,0.0339400213058731
632.4017334,0.0331676327350445
632.5197754,0.0329880493111901
632.6378784,0.0335638204379328
632.7559814,0.033009101385462
632.8740234,0.0323712543991894
632.9921265,0.0318105740951776
633.1101685,0.03200099352055
633.2282715,0.0314099365117034
633.3463745,0.0312419198298572
633.4644775,0.0308960392367448
633.5825195,0.0311706726891427
633.7006226,0.0312064945844984
633.8187256,0.0310835966197124
633.9368286,0.0313609322251045
634.0548706,0.0300409627298583
634.1729736,0.0299258015530635
634.2910767,0.0295645246722661
634.4091797,0.0291527595300421
634.5272827,0.0281179249920736
634.6453857,0.0273189553237317
634.7634888,0.0271641766442596
634.8815918,0.0265496168953315
634.9996948,0.0255870244018673
635.1177979,0.0247037507420876
635.2359009,0.024192394909641
635.3540039,0.0237889304537243
635.4721069,0.023119718809395
635.59021,0.0222641618219864
635.708313,0.0220680808822846
635.826416,0.0215839820955868
635.944519,0.0220682129650322
636.0626221,0.0221485553302412
636.1807861,0.021959424005838
636.2988892,0.0220637418222062
636.4169922,0.0224512873871901
636.5350952,0.0222338482957518
636.6532593,0.0217072143528409
636.7713623,0.0203902322297631
636.8894653,0.019580128049908
637.0075684,0.0193350007074676
637.1257324,0.0173294606814107
637.2438354,0.0167624778806263
637.3619995,0.0157600460436904
637.4801025,0.0159405767338183
637.5982056,0.0161296518301893
637.7163696,0.0150723450320366
637.8344727,0.0148253791793745
637.9526367,0.0150228531064452
638.0707397,0.0145894719854862
638.1889038,0.0146459556431744
638.3070068,0.0140837782798795
638.4251709,0.0142258681374767
638.5432739,0.014078715018026
638.661438,0.0131459422776971
638.7796021,0.0135768582191998
638.8977051,0.0124174749011997
639.0158691,0.0120859676789536
639.1340332,0.0115779480300592
639.2521362,0.0118311397059024
639.3703003,0.01153984885132
639.4884644,0.00970352384893397
639.6066284,0.00961353002717591
639.7247314,0.00903953484324792
639.8428955,0.00805509747782066
639.9610596,0.00713334148056387
640.0792236,0.00689799818850422
640.1973877,0.00712992913648013
640.3154907,0.00737069717613579
640.4336548,0.00749858837393566
640.5518188,0.00835512074053613
640.6699829,0.00895632369406597
640.788147,0.00877357849125356
640.906311,0.00888046658138004
641.0244751,0.00775790814129859
641.1426392,0.0075560539534826
641.2608032,0.00663270336835383
641.3789673,0.00570793198699763
641.4971313,0.00482339108102643
641.6152954,0.00455808235732493
641.7334595,0.00459265101344258
641.8516235,0.00398160123993073
641.9698486,0.00399990935308033
642.0880127,0.00376896743186629
642.2061768,0.00387772204216965
642.3243408,0.00331165870092974
642.4425049,0.00298207371471096
642.5606689,0.00298731751438736
642.678894,0.00278759431674232
642.7970581,0.00263849831109582
642.9152222,0.00295700358025147
643.0334473,0.00385882201591899
643.1516113,0.0045778183718247
643.2697754,0.00470141968053445
643.3880005,0.00495903332689806
643.5061646,0.00544334817813014
643.6243286,0.00573303023481461
643.7425537,0.00507406206485492
643.8607178,0.00491157460888354
643.9789429,0.00439972477435967
644.0971069,0.00393861348625789
644.215332,0.00328227079416415
644.3334961,0.0025933720534157
644.4517212,0.00215331958850842
644.5698853,0.0017033018184967
644.6881104,0.00138610542921149
644.8062744,0.00149561894605162
644.9244995,0.00149015223335795
645.0426636,0.00170043259816594
645.1608887,0.00220631440807706
645.2791138,0.00259472289860334
645.3972778,0.00327381652928105
645.5155029,0.00308490126941213
645.633728,0.00312285430971297
645.7518921,0.00304162106037827
645.8701172,0.0033057041453588
645.9883423,0.00319759046766366
646.1065674,0.00331252193345189
646.2247314,0.00248578110454408
646.3429565,0.00213627951409158
646.4611816,0.0020613136449148
646.5794067,0.00176728598372885
646.6976318,0.00165420708385314
646.8158569,0.00113473176548745
646.934021,0.00158411560541707
647.0522461,0.00148370380319313
647.1704712,0.00168225707774809
647.2886963,0.00203822115505162
647.4069214,0.00215741429426785
647.5251465,0.00220027673925281
647.6433716,0.00190835921309338
647.7615967,0.00210546398684288
647.8798218,0.00184305221359999
647.9980469,0.00129005287898524
648.116272,0.00099319803954056
648.2344971,0.000785633600784585
648.3527222,0.000964228458906606
648.4710083,0.00110247476558606
648.5892334,0.00065290972258337
648.7074585,0.000704971614360447
648.8256836,0.000152257860279176
648.9439087,0.000278199092095147
649.0621338,0
649.1804199,0
649.298645,0
649.4168701,0
649.5350952,0
649.6533813,0
649.7716064,9.61777308203855e-05
649.8898315,0.000303366217692874
650.0081177,0.000707729071593585
650.1263428,0.00115868010162788
650.2445679,0.000944848205963553
650.362854,0.000872848931696177
650.4810791,0.000962181195678241
650.5993042,0.000850662048595174
650.7175903,0.00079400419039509
650.8358154,0.000954137813518176
650.9541016,0.00110244695294689
651.0723267,0.000526292998068339
651.1906128,0.000584448146400224
651.3088379,0.00088875444825192
651.427124,0.00074701214732928
651.5453491,0.000959618487345751
651.6636353,0.000421473416060187
651.7818604,0.000754721415242047
651.9001465,0.000540234836875361
652.0184326,0.000247112527051577
652.1366577,0
652.2549438,0
652.37323,0
652.4914551,0
652.6097412,0
652.7280273,0
652.8462524,0
652.9645386,0
653.0828247,0
653.2011108,0
653.3193359,0
653.4376221,0
653.5559082,0
653.6741943,3.75422665344368e-05
653.7924805,0.000437141802993183
653.9107056,0.000650548931812466
654.0289917,0.000443729726271499
654.1472778,0.000292001291018617
654.265564,0
654.3838501,0
654.5021362,0
654.6204224,0
654.7387085,0
654.8569946,0
654.9752808,0
655.0935669,0
655.211853,0
655.3301392,0
655.4484253,0
655.5667114,0
655.6849976,0
655.8032837,0
655.9215698,0
656.039917,0
656.1582031,0
656.2764893,0
656.3947754,0
656.5130615,0
656.6314087,0
656.7496948,0
656.867981,0
656.9862671,0
657.1046143,0
657.2229004,0
657.3411865,0.000113803163297031
657.4594727,0
657.5778198,0
657.696106,0
657.8143921,0
657.9327393,4.2200925654645e-05
658.0510254,0.000274633364231479
658.1693726,0.000499642402540615
658.2876587,0.00070178917337888
658.4060059,0.00103569880688717
658.524292,0.000263589261565313
658.6425781,0
658.7609253,0
658.8792114,0
658.9975586,0
659.1158447,0
659.2341919,0
659.3525391,0
659.4708252,0
659.5891724,0.000463715962034901
659.7074585,0
659.8258057,0
659.9440918,0
660.062439,0
660.1807861,0
660.2990723,0
660.4174194,0
660.5357666,0
660.6540527,0
660.7723999,0
660.8907471,0
661.0090942,0
661.1273804,0
661.2457275,0
661.3640747,6.63170345119775e-05
661.4824219,0.000581774089749326
661.600769,0.000197480981019164
661.7190552,0.00105799664802933
661.8374023,0.000502232904779108
661.9557495,0
662.0740967,0
662.1924438,0
662.310791,0
662.4291382,0
662.5474854,0
662.6658325,0
662.7841797,0
662.9025269,0
663.020813,0
663.1391602,0
663.2575073,0
663.3759155,0
663.4942627,0
663.6126099,0
663.730957,0
663.8493042,0
663.9676514,0
664.0859985,0
664.2043457,0
664.3226929,0
664.44104,0
664.5593872,0
664.6777954,0
664.7961426,0
664.9144897,0
665.0328369,0
665.1511841,0
665.2695923,0
665.3879395,0
665.5062866,0
665.6246338,0
665.743042,0
665.8613892,0
665.9797363,0
666.0981445,0
666.2164917,0
666.3348389,0
666.4532471,0
666.5715942,0
666.6899414,0
666.8083496,0
666.9266968,0
667.045105,0
667.1634521,0
667.2817993,0
667.4002075,0
667.5185547,0
667.6369629,0
667.7553101,0
667.8737183,0
667.9920654,0
668.1104736,0
668.2288208,0
668.347229,0
668.4655762,0
668.5839844,0
668.7023926,0
668.8207397,0
668.9391479,0
669.0574951,0
669.1759033,0
669.2943115,0
669.4126587,0
669.5310669,0
669.6494751,8.55030502116925e-05
669.7678223,0.000197662848982347
669.8862305,0
670.0046387,0
670.1230469,0
670.241394,0
670.3598022,0
670.4782104,0
670.5966187,0
670.7149658,0
670.833374,0
670.9517822,0
671.0701904,0.000225357260233821
671.1885986,0.000409906009561366
671.3070068,0.000484503006271706
671.425354,0.00111515609944233
671.5437622,0.000210726293476469
671.6621704,0.000480136751228473
671.7805786,0
671.8989868,0
672.017395,0
672.1358032,0
672.2542114,0.000755014023956832
672.3726196,0.00043836778680569
672.4910278,4.77098212714309e-05
672.609436,0
672.7278442,0
672.8461914,0
672.9645996,0
673.0830078,0
673.2014771,0
673.3198853,0
673.4382935,0
673.5567017,0
673.6751099,0
673.7935181,0
673.9119263,0
674.0303345,0
674.1487427,0
674.2671509,0
674.3855591,0
674.5039673,0
674.6224365,0
674.7408447,0
674.8592529,0
674.9776611,0
675.0960693,0
675.2144775,0
675.3329468,0
675.451355,0
675.5697632,0.000208693150421805
675.6881714,0.000881164201748623
675.8066406,0.000715138888220726
675.9250488,0.000487629910743308
676.043457,0
676.1618652,0
676.2803345,0
676.3987427,0
676.5171509,0
676.6356201,0
676.7540283,0
676.8724365,0
676.9909058,0
677.109314,0
677.2277222,0
677.3461914,0
677.4645996,0
677.5830688,0
677.7014771,0
677.8198853,0
677.9383545,0
678.0567627,0
678.1752319,0
678.2936401,0
678.4121094,0
678.5305176,0
678.6489868,0
678.767395,0
678.8858643,0
679.0042725,0
679.1227417,0
679.2411499,0
679.3596191,0
679.4780273,0
679.5964966,0
679.7149658,0
679.833374,0
679.9518433,0
680.0702515,0.000634427191976834
680.1887207,0.000821350814371901
680.3071899,0.000647010984882092
680.4255981,0.000721740088642819
680.5440674,0.000672122650544652
680.6624756,0
680.7809448,0
680.8994141,0
681.0178223,0
681.1362915,0.000212940779926205
681.2547607,0
681.3731689,0
681.4916382,0
681.6101074,0
681.7285767,0
681.8469849,0
681.9654541,0
682.0839233,0
682.2023926,0
682.3208008,0
682.43927,0
682.5577393,0
682.6762085,0
682.7946777,0
682.9130859,0
683.0315552,0
683.1500244,0
683.2684937,0
683.3869629,0
683.5054321,0
683.6238403,0
683.7423096,0
683.8607788,0
683.979248,0
684.0977173,0
684.2161865,0
684.3346558,0
684.453125,0
684.5715942,0
684.6900635,0
684.8084717,0
684.9269409,0
685.0454102,0
685.1638794,0
685.2823486,0
685.4008179,0.00015847634900173
685.5192871,0
685.6377563,0
685.7562256,0
685.8746948,0
685.9931641,0
686.1116333,0
686.2301025,0
686.3485718,0
686.467041,0
686.5855713,1.89625402001508e-05
686.7040405,0.000129903600543759
686.8225098,0.000282251755727673
686.940979,0.000449126424000358
687.0594482,0
687.1779175,0
687.2963867,0
687.414856,0
687.5333252,0
687.6517944,0
687.7703247,0
687.8887939,0
688.0072632,0
688.1257324,0
688.2442017,0
688.3626709,0
688.4811401,0
688.5996704,0
688.7181396,0
688.8366089,0
688.9550781,0
689.0735474,0
689.1920776,0
689.3105469,0
689.4290161,0
689.5474854,0
689.6660156,0
689.7844849,0
689.9029541,0
690.0214233,0
690.1399536,0
690.2584229,0
690.3768921,0
690.4954224,0
690.6138916,0
690.7323608,0
690.8508301,0
690.9693604,0
691.0878296,0
691.2062988,0
691.3248291,0
691.4432983,0
691.5617676,0
691.6802979,0
691.7987671,0
691.9172363,0
692.0357666,0
692.1542358,0
692.2727661,0
692.3912354,0
692.5097046,0
692.6282349,0
692.7467041,0
692.8652344,0
692.9837036,0
693.1022339,0
693.2207031,0
693.3391724,0
693.4577026,0
693.5761719,0
693.6947021,0
693.8131714,0
693.9317017,0
694.0501709,0
694.1687012,0
694.2871704,3.21452523571463e-05
694.4057007,0.000524008914871402
694.5241699,0
694.6427002,0
694.7611694,0
694.8796997,0
694.9981689,0
695.1166992,0
695.2351685,0
695.3536987,0
695.472168,0
695.5906982,0
695.7091675,0
695.8276978,0
695.946167,0
696.0646973,0
696.1832275,0
696.3016968,0
696.4202271,0
696.5386963,0
696.6572266,0
696.7757568,0
696.8942261,0
697.0127563,0
697.1312256,0
697.2497559,0
697.3682861,1.4554268542503e-05
697.4867554,0.000311708642785006
697.6052856,4.13860353522402e-05
697.7238159,0.000671203395947522
697.8422852,0.000571418674228066
697.9608154,0
698.0792847,0
698.1978149,0
698.3163452,0
698.4348145,0
698.5533447,0
698.671875,0
698.7903442,0
698.9088745,0
699.0274048,0
699.145874,0
699.2644043,0
699.3829346,0
699.5014648,0
699.6199341,0
699.7384644,0
699.8569946,0
699.9754639,0
700.0939941,0
700.2125244,0
700.3310547,0
700.4495239,0
700.5680542,0
700.6865845,0
700.8051147,0
700.923584,0
701.0421143,0
701.1606445,0
701.2791748,0
701.397644,0
701.5161743,0
701.6347046,0
701.7532349,0
701.8717651,0
701.9902344,0
702.1087646,0
702.2272949,0
702.3458252,0
702.4643555,0
702.5828247,0
702.701355,0
702.8198853,0
702.9384155,0
703.0569458,0
703.175415,0
703.2939453,0
703.4124756,0
703.5310059,0
703.6495361,0
703.7680664,0
703.8865356,0
704.0050659,0
704.1235962,0
704.2421265,0
704.3606567,0.000103991740323418
704.479187,0.00026479380247789
704.5977173,0.000290706263463537
704.7161865,0.000176053579560879
704.8347168,0.000203379744669816
704.9532471,7.29535428320615e-05
705.0717773,0.00019296158520244
705.1903076,0.000195231736240518
705.3088379,0.000229326759484873
705.4273682,0.000184758014555297
705.5458984,0.00025316386918003
705.6643677,0
705.7828979,0
705.9014282,0
706.0199585,0
706.1384888,0
706.257019,0
706.3755493,0
706.4940796,0
706.6126099,0
706.7311401,0
706.8496094,0
706.9681396,0
707.0866699,0
707.2052002,0.000369516259120391
707.3237305,0.000676524456031285
707.4422607,0.000889646081352919
707.560791,0.000369592689090732
707.6793213,0.000152167271347407
707.7978516,0.000976296934719816
707.9163818,0.00103813574652997
708.0349121,0.00107140894061178
708.1534424,0.000577867091455515
708.2719727,0.0011225027754536
708.3905029,0.000718021590084992
708.5090332,0.000133406520940232
708.6275024,0.000337705009109909
708.7460327,0.000197453200030987
708.864563,0
708.9830933,0
709.1016235,0
709.2201538,0
709.3386841,0
709.4572144,0
709.5757446,0
709.6942749,6.71871675475884e-05
709.8128052,0.000194723115094379
709.9313354,8.89283586153451e-05
710.0498657,0.000199493467229143
710.168396,0
710.2869263,0
710.4054565,0
710.5239868,0
710.6425171,0
710.7610474,0
710.8795776,0
710.9981079,1.70895793976913e-05
711.1166382,0
711.2351685,0
711.3536987,0
711.472229,0
711.5907593,0
711.7092896,0
711.8278198,0
711.9463501,0
712.0648804,0
712.1834106,0
712.3019409,0
712.4204712,0
712.5390015,0
712.6575317,0
712.776062,0
712.8945923,0
713.0131226,0
713.1316528,0
713.2501831,0
713.3687134,0
713.4872437,0
713.6057739,0
713.7243042,0
713.8428345,0
713.9613647,0
714.079895,0
714.1984253,0.00030271842296178
714.3169556,0.000767381165279236
714.4354858,0.000254591195575952
714.5540161,0
714.6725464,0
714.7910767,0
714.9096069,0
715.0281372,0
715.1466675,0
715.2651978,0
715.383728,0
715.5022583,0
715.6207886,0
715.7393188,0
715.8578491,0
715.9763794,0
716.0949097,0
716.2134399,0
716.3319702,0
716.4505005,0
716.5690308,0
716.687561,0
716.8060913,0
716.9246216,0.00103989755756207
717.0431519,0.000123288036660738
717.1616821,0.000109555546152612
717.2802124,0
717.3987427,0
717.5172729,0
717.6358032,0
717.7543335,0
717.8728638,0
717.991394,0
718.1099243,0
718.2285156,0
718.3470459,0
718.4655762,0
718.5841064,0
718.7026367,0
718.821167,0
718.9396973,0
719.0582275,0
719.1767578,0
719.2952881,0
719.4138184,0
719.5323486,0
719.6508789,5.03068536410946e-05
719.7694092,0.000207634338704914
719.8879395,0.000419112689049658
720.0064697,0.000461982187873311
720.125,0.000625945951291325
720.2435303,0
720.3620605,0
720.4805908,0
720.5991211,0
720.7176514,0
720.8361816,0
720.9547119,0
721.0732422,0
721.1917725,0
721.3103027,0
721.428833,0
721.5473633,0
721.6658936,0
721.7844238,0
721.9029541,0
722.0214844,0
722.1400146,0
722.2585449,0
722.3770752,0
722.4956055,0
722.6141357,0
722.732666,0
722.8511963,0
722.9697266,0
723.0882568,0
723.2067871,0
723.3253174,0
723.4438477,0
723.5623779,0
723.6809082,0
723.7993774,0
723.9179077,0
724.036438,0
724.1549683,0
724.2734985,0
724.3920288,0
724.5105591,0
724.6290894,0
724.7476196,0
724.8661499,0
724.9846802,0
725.1032104,0
725.2217407,0
725.340271,0.000169242500379603
725.4588013,0.000115704505699298
725.5773315,6.03907200475994e-05
725.6958618,0.000461557191018473
725.8143921,0
725.9329224,0
726.0514526,0
726.1699219,0
726.2884521,0
726.4069824,0
726.5255127,0
726.644043,0
726.7625732,0
726.8811035,0
726.9996338,0
727.1181641,0
727.2366943,0
727.3552246,0
727.4737549,0
727.5922241,0
727.7107544,0
727.8292847,0
727.9478149,0
728.0663452,0
728.1848755,0
728.3034058,0
728.421936,0
728.5404663,0
728.6589355,0
728.7774658,0
728.8959961,0
729.0145264,0
729.1330566,0
729.2515869,0
729.3701172,0
729.4885864,0
729.6071167,0
729.725647,0.000176687036751878
729.8441772,7.91304542178597e-05
729.9627075,0
730.0812378,0
730.1997681,0
730.3182373,0
730.4367676,0
730.5552979,0
730.6738281,0
730.7923584,0
730.9108276,0
731.0293579,0
731.1478882,0
731.2664185,0
731.3849487,0
731.503479,0
731.6219482,0
731.7404785,0.00024415298607527
731.8590088,0.00200446057802433
731.9775391,0.0015864413950691
732.0960083,0.00145444851430517
732.2145386,0.000830487670573868
732.3330688,0.000605464703400917
732.4515991,0.000160509581129483
732.5701294,0
732.6885986,0
732.8071289,0
732.9256592,0
733.0441895,0
733.1626587,0
733.281189,0
733.3997192,0
733.5181885,0
733.6367188,0
733.755249,0
733.8737793,0
733.9922485,0
734.1107788,0.000355037615511743
734.2293091,0
734.3477783,0
734.4663086,0
734.5848389,0
734.7033691,0
734.8218384,0
734.9403687,0
735.0588989,0
735.1773682,0
735.2958984,0
735.4144287,0
735.5328979,0
735.6514282,0
735.7699585,0
735.8884277,0
736.006958,0
736.1254272,0
736.2439575,0.000159660124233737
736.3624878,0.00022872771542148
736.480957,0
736.5994873,0
736.7180176,0
736.8364868,0
736.9550171,0
737.0734863,0
737.1920166,0
737.3105469,0
737.4290161,0
737.5475464,0
737.6660156,0
737.7845459,0
737.9030151,0
738.0215454,0
738.1400146,0
738.2585449,0
738.3770752,0
738.4955444,0
738.6140747,0
738.7325439,0
738.8510742,0
738.9695435,0
739.0880737,0
739.206543,0
739.3250732,0
739.4435425,0
739.5620728,0
739.680542,0
739.7990723,0
739.9175415,0
740.0360107,0
740.154541,0
740.2730103,0
740.3915405,0
740.5100098,0
740.62854,0
740.7470093,0
740.8655396,0
740.9840088,0
741.102478,0
741.2210083,0
741.3394775,0
741.4580078,0
741.5764771,0
