321.5698853,0
321.6777954,0
321.7857361,0
321.8936768,0
322.0016174,0
322.1095581,0
322.2175293,0
322.32547,0
322.4334412,0.000327207725997684
322.5414124,0.000760828328993115
322.6494141,0.00123888103305529
322.7573853,0.00141916634255699
322.865387,0.00123507028040161
322.9733887,0.00126877208939374
323.0813904,0.000864762736809921
323.1893921,0.00100257383235679
323.2973938,0.000709681169307914
323.405426,0.00073436583746204
323.5134583,0.000130308470173174
323.6214905,5.33215089666239e-07
323.7295227,0
323.8375854,0
323.9456482,0
324.0537109,0
324.1617737,0
324.2698364,0
324.3778992,0
324.4859924,0
324.5940857,0
324.702179,0
324.8102722,0
324.918396,0
325.0265198,0
325.1346436,0
325.2427673,0
325.3508911,0
325.4590149,0.000212157538865636
325.5671692,0
325.6753235,0
325.7834778,0
325.8916321,0
325.9998169,0
326.1080017,0
326.2161865,0
326.3243713,0
326.4325562,0
326.5407715,0
326.6489563,0
326.7571716,0
326.865387,0
326.9736328,0
327.0818481,0
327.190094,0
327.2983398,0
327.4065857,0.000711037633979017
327.5148315,0.00074517640399948
327.6231079,0.00100048174595838
327.7313538,0.000490415354134514
327.8396301,8.22683531342761e-05
327.9479065,0
328.0562134,0
328.1644897,0
328.2727966,0
328.3811035,0
328.4894104,0
328.5977173,0
328.7060242,0
328.8143616,0
328.922699,0
329.0310364,0
329.1393738,0
329.2477417,0
329.3561096,0.000108520000327933
329.464447,0.000124109751429066
329.5728149,0.00135399193284153
329.6812134,0.00169831109011239
329.7895813,0.00181024722295045
329.8979797,0.00127678522158666
330.0063782,0.000903181756939542
330.1147766,0.000739365022817364
330.223175,0
330.3315735,0
330.4400024,0
330.5484314,0
330.6568604,0
330.7652893,0
330.8737488,0
330.9821777,0
331.0906372,0
331.1990967,0
331.3075562,0
331.4160461,0
331.5245361,0
331.6329956,0
331.7414856,0
331.8500061,0
331.9584961,0
332.0670166,0
332.1755066,0
332.2840271,0
332.3925781,0
332.5010986,0
332.6096497,0
332.7181702,0
332.8267212,0
332.9353027,0
333.0438538,0
333.1524048,0
333.2609863,0
333.3695679,0
333.4781494,0
333.5867615,0.000393492685928503
333.695343,0.000954456174907265
333.8039551,0.00115628220147442
333.9125671,0.00116152573373337
334.0211792,0.00201293773231437
334.1297913,0.00175980998347625
334.2384338,0.000870069008627411
334.3470764,0.000309212803704825
334.455719,0
334.5643616,0
334.6730042,0
334.7816772,0
334.8903198,0
334.9989929,0
335.107666,0
335.2163696,0
335.3250427,0
335.4337463,0
335.54245,0
335.6511536,0
335.7598572,0
335.8685608,0.00106291109060223
335.9772949,0.00160394972252335
336.0860291,0.00181677849367839
336.1947632,0.00194005352944679
336.3034973,0.0013504647570185
336.412262,0.00117244664827529
336.5209961,0.000452263754874717
336.6297607,0
336.7385254,0
336.84729,0
336.9560852,0
337.0648499,0
337.173645,0
337.2824402,0
337.3912354,0
337.5000305,0
337.6088562,0
337.7176819,0
337.8265076,0
337.9353333,0
338.0441589,0
338.1530151,0
338.2618408,0.000302356239488883
338.370697,0
338.4795532,0.000709112082941311
338.5884399,0.000650201606089427
338.6972961,0.000146800448969601
338.8061829,0
338.9150696,0
339.0239563,0
339.132843,0
339.2417603,0
339.350647,0
339.4595642,0
339.5684814,0
339.6773987,0
339.7863464,0
339.8952637,0
340.0042114,0.000180309443907237
340.1131592,0.000553973055427107
340.2221069,0.000557691325073086
340.3310852,0.000685933681364856
340.440033,0.0016378887609759
340.5490112,0.0015382067804724
340.6579895,0.00134879157810169
340.7669678,0.000697410530711517
340.8759766,0
340.9849548,0
341.0939636,0
341.2029724,0
341.3119812,0
341.42099,0
341.5300293,0
341.6390381,0
341.7480774,0
341.8571167,0
341.9661865,0
342.0752258,0
342.1842957,0
342.293335,8.88434615298459e-05
342.4024048,0.000709903750597706
342.5115051,0.00111392271918233
342.620575,0.00154534305623594
342.7296753,0.00164426839188825
342.8387451,0.0016985365939112
342.9478455,0.00119437615240692
343.0569763,0
343.1660767,0
343.2752075,0
343.3843079,0
343.4934387,0
343.6025696,0
343.711731,0
343.8208618,0
343.9300232,0
344.0391846,0
344.1483459,0
344.2575073,0
344.3666687,0
344.4758606,0
344.5850525,0
344.6942444,0
344.8034363,4.15171242292746e-05
344.9126587,0.000224781593531268
345.0218506,0
345.131073,0
345.2402954,0
345.3495178,0
345.4587402,0
345.5679932,0
345.6772461,0
345.786499,0
345.895752,0
346.0050049,0
346.1142578,0
346.2235413,0
346.3328247,0
346.4421082,0
346.5513916,0
346.6607056,0
346.769989,0
346.879303,7.76437076313774e-05
346.9886169,0.00110502580160401
347.0979309,0.000602213764225615
347.2072754,9.39452526744337e-05
347.3165894,0
347.4259338,0
347.5352783,0
347.6446228,0
347.7539673,0
347.8633423,0
347.9727173,0
348.0820618,0
348.1914673,0
348.3008423,0
348.4102173,0
348.5196228,0
348.6290283,0.000687731726437808
348.7384338,0.000892159910247533
348.8478394,0.00103753238766896
348.9572449,0.0008171147301472
349.0666809,0.000520456259635958
349.1761169,0.000326114097966586
349.2855225,0
349.394989,0
349.504425,0
349.6138611,0
349.7233276,0
349.8327942,0
349.9422607,0
350.0517273,0
350.1612244,0
350.2706909,0
350.380188,0
350.4896851,0
350.5991821,0
350.7087097,0
350.8182068,0
350.9277344,0
351.037262,0.000244101227766605
351.1467896,0.000463714914718586
351.2563171,0.00120066160318184
351.3658752,0.000741824861037236
351.4754333,0.000398090015406175
351.5849609,0
351.694519,0
351.8041077,0
351.9136658,0
352.0232544,0
352.132843,0
352.2424011,0
352.3520203,0
352.4616089,0
352.571228,0
352.6808167,0
352.7904358,0
352.9000549,0
353.0097046,0
353.1193237,0.000249043765984873
353.2289734,0.000582615661894291
353.3385925,0.00113223730183585
353.4482422,0.00111734423735825
353.5579224,0.00126210494572599
353.667572,0.00101547214879769
353.7772522,0.000198236441385364
353.8869019,0
353.996582,0
354.1062622,0
354.2159729,0
354.3256531,0
354.4353638,0
354.5450745,0
354.6547852,0
354.7644958,0
354.8742371,0
354.9839478,0
355.093689,0
355.2034302,0
355.3131714,0.000209675958315978
355.4229126,0.00044204721016479
355.5326843,0.000654995709575419
355.6424561,0.000563092672239908
355.7521973,0.000532115294005237
355.8619995,0
355.9717712,0
356.081543,0
356.1913452,0
356.3011475,0
356.4109497,0
356.520752,0
356.6305542,0
356.740387,0
356.8502197,0
356.960022,0
357.0698853,0
357.179718,0
357.2895508,0
357.3994141,0
357.5092773,0
357.6191406,0
357.7290039,0
357.8388672,2.7512871409461e-05
357.948761,0.000134364076602339
358.0586548,0.000235608982314396
358.1685181,0.000589435223434404
358.2784424,9.45116522412196e-05
358.3883362,0
358.49823,0
358.6081543,0
358.7180786,0
358.8280029,0
358.9379272,0
359.0478516,0
359.1578064,0
359.2677612,0
359.3777161,0
359.4876709,0.000177942453858379
359.5976257,0.000734151316527161
359.7076111,0
359.8175659,0.0001592135123498
359.9275513,0.000910351110935233
360.0375366,0.000904582376988784
360.147522,0.0006523886500099
360.2575378,8.80590528369268e-05
360.3675232,0
360.4775391,0
360.5875549,0
360.6975708,0
360.8075867,0
360.9176331,0
361.0276489,0
361.1376953,0
361.2477417,0
361.3577881,0
361.467865,0
361.5779114,0
361.6879883,0
361.7980652,0
361.9081421,0
362.018219,0
362.1283264,8.00201959549977e-05
362.2384033,0.000268254519329818
362.3485107,0.000347986613077244
362.4586182,0
362.5687256,0
362.6788635,0
362.7889709,0
362.8991089,0
363.0092468,0
363.1193848,0
363.2295227,0
363.3396912,0
363.4498291,0
363.5599976,0.000152825632413141
363.670166,0.000349582581289215
363.7803345,0.000156863444651221
363.8905334,0.000431159763087889
364.0007019,0.000564226319816867
364.1109009,0.000409205087771976
364.2210999,0.000489044512740901
364.3312988,0.000703628434231175
364.4414978,0.000606985854654439
364.5516968,0.000431871910497446
364.6619263,0.000267550903503267
364.7721558,0
364.8823853,0
364.9926147,0
365.1028442,0
365.2131042,0
365.3233337,0
365.4335938,0
365.5438538,0
365.6541138,0
365.7644043,0
365.8746643,0
365.9849548,0.000347844777484446
366.0952454,0.00107814136232995
366.2055359,0.00109603630670151
366.3158264,0.00112634198111501
366.4261475,0.00164665628725599
366.536438,0.0015337716496641
366.646759,0.00102646471155069
366.7570801,0.000280333686934542
366.8674011,0
366.9777527,0
367.0880737,0
367.1984253,0
367.3087769,0
367.4191284,0
367.52948,0
367.6398315,0
367.7502136,0
367.8605957,0
367.9709778,0
368.0813599,0.000172220338337523
368.1917419,0.000390270958699767
368.302124,0.000627059523505185
368.4125366,0.00072322771520972
368.5229492,0.000722206159733879
368.6333618,0.000667548275206111
368.7437744,0.000514739376396921
368.854187,0
368.9646301,0
369.0750732,0
369.1855164,0
369.2959595,0
369.4064026,0
369.5168457,0
369.6273193,0
369.737793,0
369.8482666,0
369.9587402,0
370.0692139,0
370.1796875,0
370.2901917,0.000178379379255093
370.4006958,0.000104877868942016
370.5112,3.98142315023336e-05
370.6217041,0.000185638636043765
370.7322083,0.000497844316323299
370.8427429,0.000283025121756737
370.9532776,0
371.0638123,0
371.1743469,0
371.2848816,0
371.3954163,0
371.5059814,0
371.6165466,0
371.7270813,0
371.837677,0
371.9482422,0
372.0588074,0
372.1694031,0
372.2799988,0
372.3905945,0
372.5011902,0.000348072261212589
372.6117859,0.000314457797285089
372.7224121,0.000595321446574177
372.8330078,0.000927105054747483
372.943634,0.000847218021279986
373.0542603,0.000114521686112991
373.164917,0
373.2755432,0
373.3861694,0
373.4968262,0
373.6074829,0
373.7181396,0
373.8287964,0
373.9394836,0
374.0501404,0
374.1608276,0
374.2715149,0
374.3822021,0
374.4929199,0
374.6036072,0.000490437779781477
374.714325,0.000261520028409473
374.8250122,0
374.93573,0
375.0464783,0
375.157196,0
375.2679138,0
375.3786621,0
375.4894104,0
375.6001587,0
375.710907,0
375.8216858,0
375.9324341,0
376.0432129,0
376.1539917,0
376.2647705,0
376.3755493,0
376.4863586,0
376.5971375,0.000590586853693685
376.7079468,0.00108675882767379
376.8187561,0.000963930805020932
376.9295654,0.00118311742978691
377.0403748,0.000833074507387118
377.1512146,0.000473379695879136
377.2620239,0
377.3728638,0
377.4837036,0
377.5945435,0
377.7053833,0
377.8162537,0
377.927124,0
378.0379639,0
378.1488342,0
378.2597351,0
378.3706055,0
378.4814758,0
378.5923767,0
378.7032776,0
378.8141785,0
378.9250793,0
379.0360107,0
379.1469116,0
379.257843,0
379.3687744,0
379.4797058,0
379.5906372,0
379.7015686,0
379.8125305,0
379.9234924,0
380.0344543,0
380.1454163,0
380.2563782,0
380.3673401,0
380.4783325,0
380.589325,0
380.7003174,0
380.8113098,0
380.9223022,0
381.0333252,0
381.1443176,0.000139750174956829
381.2553406,0.000626153076966077
381.3663635,0.000641133628028573
381.4773865,0.000928305684097091
381.5884094,0.000996156161922257
381.6994629,0.000852641758712388
381.8105164,0
381.9215393,0
382.0325928,0
382.1436462,0
382.2547302,0
382.3657837,0
382.4768677,0
382.5879517,0
382.6990356,0
382.8101196,0
382.9212036,0
383.0323181,2.84683640562275e-05
383.1434021,0.000349251867397621
383.2545166,0.000570256287690295
383.3656311,0.000503357620113161
383.4767761,0.00108923057404683
383.5878906,0.000303192658098756
383.6990051,0.000443768250963452
383.8101501,0.000205713583245466
383.9212952,0
384.0324402,0
384.1435852,0
384.2547607,0
384.3659058,0
384.4770813,0
384.5882568,0
384.6994324,0
384.8106079,0
384.9217834,0
385.0329895,0
385.1441956,0
385.2553711,0.000398234844554593
385.3665771,0.000495571730231041
385.4778137,0.000937450378163165
385.5890198,0.000970108665830129
385.7002563,0.00114738780597866
385.8114624,0.000454773476199991
385.922699,0
386.0339355,0
386.1451721,0
386.2564392,0
386.3676758,0
386.4789429,0
386.59021,0
386.7014771,0
386.8127441,0
386.9240417,0
387.0353088,0
387.1466064,0
387.2579041,0.000182962886055531
387.3692017,0.000356024150455728
387.4804993,0.000787472392670903
387.5918274,0.000534879131564252
387.703125,0.000568750822723722
387.8144531,0.00124249663807531
387.9257813,0.000353488268156627
388.0371094,0.000368259059072758
388.1484375,0
388.2597961,0
388.3711243,0
388.4824829,0
388.5938416,0
388.7052002,0
388.8165588,0
388.9279175,0
389.0393066,0
389.1506958,0
389.262085,0
389.3734741,0
389.4848633,0
389.5962524,0
389.7076721,0
389.8190918,0.000444349763659004
389.930481,0.00075825341699236
390.0419312,0.000611542551993777
390.1533508,0.00138558407320369
390.2647705,0.00100339279250738
390.3762207,0.000580727325587081
390.4876404,0
390.5990906,0
390.7105408,0
390.8220215,0
390.9334717,0
391.0449524,0
391.1564026,0
391.2678833,0
391.379364,0
391.4908447,0
391.602356,0
391.7138367,0
391.8253479,7.307641622368e-05
391.9368591,0.000441588412909276
392.0483704,0.000364553457512179
392.1598816,0.000150868417173758
392.2713928,0.000268639829823471
392.3829346,0.000413048706777257
392.4944763,0
392.6059875,0
392.7175293,0
392.8291016,0
392.9406433,0
393.0521851,0
393.1637573,0
393.2753296,0
393.3869019,0
393.4984741,0
393.6100464,0
393.7216492,7.98308697030436e-05
393.833252,0.000361448712797242
393.9448242,0.000393168123445319
394.056427,0.000740796023004122
394.1680603,0.000626158662581912
394.2796631,0.00104475393411974
394.3912659,0.00115493643683727
394.5028992,0.00114764979362745
394.6145325,0.00102596034431646
394.7261658,0.000867894714873404
394.8377991,0.000544928386293389
394.9494324,0
395.0610962,0
395.1727295,0
395.2843933,0
395.3960571,0
395.5077209,0
395.6193848,0
395.7310791,0
395.8427429,0
395.9544373,0.000473229729099421
396.0661316,0.000612874010483314
396.1778259,0.00166215308396948
396.2895203,0.00175627387524289
396.4012451,0.0021401155203993
396.5129395,0.00225935515976316
396.6246643,0.00255590377707765
396.7363892,0.00281208791981021
396.848114,0.00191872690908337
396.9598389,0.00140871802463948
397.0715637,0.0002543156511895
397.1833191,0
397.2950745,0
397.4068298,0
397.5185852,0
397.6303406,0
397.7420959,0
397.8538818,0.000711192102323205
397.9656372,0.00198769382953806
398.0774231,0.00284369523861227
398.189209,0.00348364921314978
398.3009949,0.00439546968225474
398.4128113,0.00454826142316641
398.5245972,0.00487493847945521
398.6364136,0.00438768875916349
398.7481995,0.00441021077668458
398.8600159,0.00447830353920537
398.9718628,0.0037806426161545
399.0836792,0.00393369643932822
399.1954956,0.00296862611826022
399.3073425,0.0023283798937321
399.4191895,0.00246573899152739
399.5310364,0.0025845691980481
399.6428833,0.00295756355695889
399.7547302,0.0031915956377869
399.8665771,0.00449043460498449
399.9784546,0.00521754481553336
400.090332,0.00553395333489872
400.202179,0.00567342771053566
400.3140564,0.0069757403999668
400.4259644,0.00771977858413051
400.5378418,0.00824213809874696
400.6497498,0.00930119161771454
400.7616272,0.00933637419183752
400.8735352,0.0105691176894236
400.9854431,0.0100791985004506
401.0973511,0.0103188866574154
401.2092896,0.0102873029072658
401.3211975,0.0107506467581234
401.433136,0.0114598445834963
401.5450745,0.0111743186974934
401.6569824,0.0113568939277865
401.7689514,0.011441327995656
401.8808899,0.0115973060169062
401.9928284,0.0121358854116196
402.1047974,0.0126428799256895
402.2167664,0.0130717360029004
402.3287354,0.0137589413491715
402.4407043,0.0152302695238193
402.5526733,0.0164079659254106
402.6646423,0.0168480540226347
402.7766418,0.0177495865329953
402.8886414,0.0186949463778274
403.0006104,0.0203896333789454
403.1126099,0.0200879381439402
403.2246399,0.0206895279784432
403.3366394,0.0208379472812171
403.4486694,0.0206176846113966
403.5606689,0.0204039770146675
403.672699,0.0200952896483857
403.784729,0.0203021601012359
403.896759,0.0205109684543122
404.0087891,0.0216836477716204
404.1208496,0.0224719658032484
404.2329102,0.0241699094124003
404.3449402,0.025387712897011
404.4570007,0.02664021683612
404.5690613,0.027569922067053
404.6811523,0.0281489279449527
404.7932129,0.0297608067313301
404.905304,0.0296978956571791
405.0173645,0.0298479183744779
405.1294556,0.0302555906575722
405.2415466,0.0299894051277023
405.3536377,0.0295901703884964
405.4657593,0.0291831297425668
405.5778503,0.0295844739644158
405.6899719,0.0293932782998414
405.8020935,0.0297365390412806
405.9142151,0.0303731690959405
406.0263367,0.030581657292893
406.1384583,0.0306199013275842
406.2506104,0.030455051157983
406.3627319,0.0307984815929585
406.474884,0.0310184821821366
406.5870361,0.0310649691776876
406.6991882,0.0319835319515031
406.8113403,0.032447832876214
406.9235229,0.0332948969479887
407.035675,0.0344426592093303
407.1478577,0.0341504502213936
407.2600403,0.0341615100961724
407.3722229,0.0332599053690336
407.4844055,0.0330956389464933
407.5965881,0.0313994631674698
407.7088013,0.0301570307307603
407.8209839,0.0296381171282611
407.933197,0.0289092646362405
408.0454102,0.0287474912018325
408.1576233,0.0276361323634333
408.2698364,0.0284349563156672
408.3820801,0.0281749012494986
408.4942932,0.0286609418093549
408.6065369,0.0286189814843943
408.7187805,0.0285618490421258
408.8310242,0.028727850487391
408.9432678,0.0283908099608295
409.055542,0.0280557450452938
409.1677856,0.0277868757159504
409.2800598,0.0278875692597502
409.392334,0.0272169525955584
409.5046082,0.0270581627520658
409.6168823,0.0270333286590483
409.7291565,0.0263469776248537
409.8414612,0.0250366892416295
409.9537354,0.0241358213620933
410.06604,0.0232563688153543
410.1783447,0.022672601335082
410.2906494,0.0216409917009336
410.4029541,0.0212523922250919
410.5152893,0.0213517591411481
410.627594,0.0216274735322819
410.7399292,0.0222635221032983
410.8522644,0.0226749751597603
410.9645996,0.0228461782800988
411.0769348,0.0224915507076502
411.18927,0.0223879161871304
411.3016052,0.0215833015368539
411.4139709,0.0213909643993585
411.5263367,0.0209615015724505
411.6387024,0.0201838365268656
411.7510681,0.0207077195126347
411.8634338,0.0202250920564798
411.9757996,0.0200381817190479
412.0881958,0.0192590884186881
412.200592,0.0178397982925585
412.3129883,0.0168615256209696
412.4253845,0.0163947153074614
412.5377808,0.0159442836300983
412.650177,0.0157249150566708
412.7626038,0.0158705619425281
412.875,0.0161042720785656
412.9874268,0.0176885522751472
413.0998535,0.0175501394268321
413.2122803,0.0176111853803527
413.324707,0.0179966357199912
413.4371643,0.0179113876892038
413.5495911,0.0183857418267687
413.6620483,0.0177941682514921
413.7745056,0.0178562953410594
413.8869629,0.0188120685270616
413.9994202,0.0185810578420889
414.1118774,0.0179034290605243
414.2243347,0.0175048615921214
414.3368225,0.0165785270409996
414.4493103,0.0153840794287838
414.5617981,0.0139638382665374
414.6742859,0.0132166811140003
414.7867737,0.0132347957162983
414.8992615,0.0131402580925584
415.0117798,0.0133822340017868
415.1242981,0.0144914234018864
415.2367859,0.0151532623819943
415.3493042,0.0159343537291495
415.461853,0.0163388250259689
415.5743713,0.0164071847731354
415.6868896,0.0161020609711181
415.7994385,0.0159106401775045
415.9119873,0.0154817543094302
416.0245361,0.014990766239256
416.137085,0.0144270254326369
416.2496338,0.0142554625625681
416.3621826,0.0138463067811208
416.474762,0.0130688966540216
416.5873108,0.0123935402575748
416.6998901,0.0115361407144853
416.8124695,0.0115939176132014
416.9250488,0.0116915146239925
417.0376282,0.011803015386693
417.150238,0.0115009532355492
417.2628174,0.0120154721510046
417.3754272,0.0127772827231464
417.4880371,0.0132492824572871
417.600647,0.0129611116143189
417.7132568,0.0135528301837426
417.8258667,0.0142493023080033
417.9385071,0.0140669440975205
418.0511475,0.0137364265917942
418.1637573,0.0129824292784332
418.2763977,0.012383436509982
418.3890381,0.0118294278182847
418.501709,0.0108398231030738
418.6143494,0.0101806635838855
418.7269897,0.00946395417742225
418.8396606,0.0093417828924584
418.9523315,0.008768151210618
419.0650024,0.00857387909448616
419.1776733,0.00877922616910931
419.2903442,0.00913117899291932
419.4030457,0.00934005691996095
419.5157166,0.00977856950747762
419.628418,0.0102489634679162
419.7411194,0.0102873872841421
419.8538208,0.010082901593256
419.9665222,0.00994115502037707
420.0792236,0.0100098771576575
420.1919556,0.00969303676734106
420.3046875,0.00932843017454916
420.4173889,0.00862774003227682
420.5301208,0.00836094266245038
420.6428528,0.00726974333033627
420.7556152,0.00635636450830789
420.8683472,0.00483929561128574
420.9810791,0.00464827256224258
421.0938416,0.00411956499846268
421.206604,0.0040043608615479
421.3193665,0.00446893640558518
421.4321289,0.00427095865263164
421.5448914,0.00505943902513148
421.6576843,0.0053992658270805
421.7704468,0.00575618360288332
421.8832397,0.00578862157157644
421.9960327,0.00511919087589089
422.1088257,0.005614431467626
422.2216187,0.00549558900544975
422.3344116,0.00505907210960019
422.4472351,0.00508883829963065
422.5600281,0.00475651808265284
422.6728516,0.00509501420396462
422.785675,0.00498691183842183
422.8984985,0.00503312185708888
423.011322,0.00451999339146861
423.124176,0.00356580085454825
423.2369995,0.00291760127947591
423.3498535,0.00268856120718277
423.4627075,0.0024065262477677
423.5755615,0.00117575009930906
423.6884155,0.00109913999083943
423.8012695,0.00128974625369065
423.9141235,0.0021239971383958
424.0270081,0.00239859541720717
424.1398621,0.00238962527220036
424.2527466,0.00354541136748769
424.3656311,0.00403005388676044
424.4785156,0.00489948517739069
424.5914307,0.00384863247860331
424.7043152,0.00320078756314354
424.8172302,0.00309589184100165
424.9301147,0.00203294017699656
425.0430298,0.0012942658190195
425.1559448,0.000450270656379291
425.2688599,0.000388655664183882
425.3818054,0.000405591462622587
425.4947205,0
425.607666,0
425.7205811,0
425.8335266,0
425.9464722,0
426.0594482,0
426.1723938,0.000470614361830805
426.2853394,0.00107301584967532
426.3983154,0.00186712279067927
426.5112915,0.00219896377644035
426.6242676,0.00291998811441039
426.7372437,0.00242751465957393
426.8502197,0.00250814118015707
426.9631958,0.0029386977765435
427.0762024,0.00173283817551136
427.189209,0.00201901351732014
427.3021851,0.00117635214646318
427.4151917,0.00106608222800692
427.5281982,0.000108288745493522
427.6412354,0
427.7542419,0
427.8672485,0
427.9802856,0
428.0933228,0
428.2063599,0
428.319397,0
428.4324341,0
428.5455017,1.74269730889661e-05
428.6585388,0.000321279886463054
428.7716064,0.000885352391986397
428.8846741,0.000966335551740935
428.9977417,0.0013880048466025
429.1108093,0.0022450272926498
429.223877,0.00203767000876461
429.3369751,0.00150910713261894
429.4500427,0.00117320284538286
429.5631409,0.00123316982990648
429.676239,0.000753254290779442
429.7893372,0
429.9024353,0
430.0155334,0
430.1286316,0
430.2417603,0
430.3548889,0
430.4680176,0
430.5811462,0.000456401780277658
430.6942749,0.000778723461801247
430.8074036,0.00145315578210345
430.9205627,0.00134113556837443
431.0336914,0.000763223648233918
431.1468506,0.000486067945444186
431.2600098,0.000584026404642083
431.3731689,0.00097430622499912
431.4863281,0.000412398391196709
431.5994873,0
431.712677,0
431.8258362,0
431.9390259,0
432.0522156,0
432.1654053,0
432.278595,0
432.3917847,0
432.5050049,0
432.6181946,0
432.7314148,0
432.844635,0
432.9578552,0
433.0710754,0.000582728437241119
433.1842957,0.000828122353060745
433.2975464,0.00119574260993112
433.4107971,0.000422402489144078
433.5240173,0.000380335257012657
433.6372681,0
433.7505188,0
433.8637695,0
433.9770508,0
434.0903015,0
434.2035828,0
434.3168335,0
434.4301147,0
434.543396,0
434.6567078,0
434.769989,0
434.8832703,1.84703469134278e-05
434.996582,0.000357533244920235
435.1098938,0.000461168143600748
435.223175,0.000452545528603992
435.3364868,0.000304586284363698
435.4498291,0
435.5631409,0
435.6764526,0
435.7897949,0
435.9031372,0
436.0164795,0
436.1298218,0
436.2431641,0
436.3565063,0
436.4698486,0
436.5832214,0
436.6965942,0
436.809967,0
436.9233398,0
437.0367126,0
437.1500854,0
437.2634583,0.000224217427058458
437.3768616,0
437.4902649,0.000732955212247961
437.6036682,0.00110930582783529
437.7170715,0.00143537311829186
437.8304749,0.00140270021810006
437.9438782,0.0013826006239037
438.0572815,0.00109338116736073
438.1707153,0
438.2841492,0
438.3975525,0
438.5109863,0
438.6244202,0
438.7378845,0
438.8513184,0
438.9647827,0
439.0782166,0
439.1916809,0
439.3051453,0
439.4186096,0
439.532074,9.81805918411294e-06
439.6455688,0.000539432163860084
439.7590332,0.00109749172404889
439.8725281,0.00124387338338439
439.9860229,0.000664985123964102
440.0995178,0.000290434627667197
440.2130127,0
440.3265076,0
440.4400024,0
440.5535278,0
440.6670227,0
440.7805481,0
440.8940735,0
441.0075989,0
441.1211243,0
441.2346497,0
441.3482056,0
441.4617615,0
441.5752869,0
441.6888428,0.000109807220601903
441.8023987,0.000736306236687218
441.9159546,0.0013237396648198
442.029541,0.00124043413014967
442.1430969,0.00153592687631475
442.2566833,0.00083952694168342
442.3702393,0.000772228156612068
442.4838257,0
442.5974121,0
442.7109985,0
442.824585,0
442.9382019,0
443.0517883,0
443.1654053,0
443.2790222,0
443.3926392,0
443.5062561,0
443.619873,0
443.73349,0
443.8471375,1.37557874826692e-05
443.9607849,0.00056420157280468
444.0744019,0.000665546362068925
444.1880493,0.000438690953504449
444.3016968,0
444.4153442,0.000469761427564023
444.5290222,0.000157752780452065
444.6426697,0
444.7563477,0
444.8700256,0
444.9836731,0
445.0973511,0
445.2110596,0
445.3247375,0
445.4384155,0
445.552124,0
445.665802,0
445.7795105,0
445.893219,0
446.0069275,0.000439108700405684
446.1206665,0.000783046329741891
446.234375,0.00117883987228998
446.3480835,0.00116494309769839
446.4618225,0.00106482434471246
446.5755615,0.000143599361954467
446.6893005,0
446.8030396,0
446.9167786,0
447.0305176,0
447.1442871,0
447.2580261,0
447.3717957,0
447.4855652,0
447.5993347,0
447.7131042,0
447.8268738,0
447.9406738,0
448.0544434,0
448.1682434,0.000488917336876731
448.2820435,0.000529453744199038
448.3958435,0.000575286760160558
448.5096436,0.000516693445310139
448.6234436,0.00112038842254586
448.7372437,0.000962534721540176
448.8510742,0.000290926809801339
448.9649048,0
449.0787048,0
449.1925354,0
449.306366,0
449.4201965,0
449.5340576,0
449.6478882,0
449.7617493,0
449.8755798,0
449.9894409,0
450.103302,0
450.2171631,0
450.3310242,0
450.4449158,0
450.5587769,0
450.6726685,8.63137188695869e-05
450.7865601,0.000256492890747501
450.9004517,0.000670573181496046
451.0143433,0.000756650001232549
451.1282349,0.000598961562931595
451.2421265,0
451.3560486,0
451.4699402,0
451.5838623,0
451.6977844,0
451.8117065,0
451.9256287,0
452.0395508,0
452.1534729,0
452.2674255,0
452.3813782,0
452.4953003,0.000425483818554708
452.6092529,0.000507486836928679
452.7232056,0.000378091106210131
452.8371582,0.000231057729088847
452.9511414,0
453.065094,0
453.1790771,0
453.2930298,0
453.4070129,0
453.5209961,0
453.6349792,0
453.7489929,0
453.8629761,0
453.9769592,0
454.0909729,0
454.2049866,0
454.3190002,0
454.4330139,0
454.5470276,0
454.6610413,0.000116045534353341
454.7750854,0.000431989376092923
454.8890991,0.00115438497975621
455.0031433,0.00178128593388851
455.1171875,0.00170508973641695
455.2312317,0.00192895585072009
455.3452759,0.00138992254919014
455.4593201,0.00138617684579289
455.5733643,0.000417642654227663
455.687439,0
455.8014832,0
455.9155579,0
456.0296326,0
456.1437073,0
456.257782,0
456.3718567,0
456.4859619,0.000183875955290866
456.6000366,0.000504836646934467
456.7141418,0.000835556535429356
456.8282471,0.000863369905790976
456.9423523,0.000855069154907435
457.0564575,9.70188045878714e-05
457.1705627,0.000928315512092636
457.284668,0.00101140579500932
457.3987732,0.000916648252138982
457.5129089,0.00106766952312575
457.6270447,0.000775011744242187
457.7411804,0.000511036567684749
457.8553162,0
457.9694519,0
458.0835876,0
458.1977234,0
458.3118896,0
458.4260254,0
458.5401917,0
458.6543579,0
458.7685242,0
458.8826904,0
458.9968567,0
459.1110535,0.00012469064569342
459.2252197,0.000399693525873196
459.3394165,0.000534890491509857
459.4536133,0.000926933192784434
459.5677795,0.000603165533300914
459.6820068,0.000521475316787023
459.7962036,0
459.9104004,0
460.0245972,0
460.1388245,0
460.2530518,0
460.3672485,0
460.4814758,0
460.5957031,0
460.7099609,0
460.8241882,0
460.9384155,0
461.0526733,0
461.1669312,0.000798998335396833
461.281189,0.000914724374483334
461.3954163,0.00155229097216192
461.5097046,0.00140401666347431
461.6239624,0.00129653367960259
461.7382202,0.00100074396970629
461.8525085,0
461.9667664,0
462.0810547,0
462.195343,0
462.3096313,0
462.4239197,0
462.538208,0
462.6525269,0
462.7668152,0
462.881134,0
462.9954224,0.00011189043337325
463.1097412,0
463.2240601,0
463.3384094,0.000317279212613926
463.4527283,0.000768996931203722
463.5670471,3.26546817476435e-05
463.6813965,0.000145363992849886
463.7957153,0.00029531925814726
463.9100647,0.000478044573089862
464.0244141,7.92569046740938e-05
464.1387634,0
464.2531128,0
464.3674622,0
464.481842,0
464.5961914,0
464.7105713,0
464.8249512,0
464.9393311,0
465.0537109,0
465.1680908,0
465.2824707,0
465.3968811,0.000193989434646715
465.511261,0
465.6256714,0
465.7400818,2.44394607672739e-05
465.8544922,0
465.9689026,0
466.083313,0
466.1977234,0
466.3121643,0
466.4265747,0
466.5410156,0
466.6554565,0
466.7698975,0
466.8843384,0
466.9987793,0
467.1132202,0
467.2276917,0
467.3421326,0
467.456604,0
467.5710754,0
467.6855469,0
467.8000183,0.00050763538929731
467.9144897,0.00083716433515312
468.0289612,0.000667561332078982
468.1434631,0.00118294898517097
468.2579346,0.000436720433790945
468.3724365,0
468.4869385,0
468.6014404,0
468.7159424,0
468.8304443,0
468.9449463,0
469.0594788,0
469.1739807,0
469.2885132,0
469.4030457,0
469.5175781,0
469.6321106,0
469.7466431,0.000469341459512287
469.8611755,0.000469933784452619
469.9757385,0.000314764730487181
470.090271,0.000117173784818254
470.204834,0.000649070456791085
470.319397,0.000937186244988339
470.43396,0.000785213582095008
470.5485229,0.00077018315996857
470.6630859,0.000127782392268938
470.7776489,0
470.8922424,0
471.0068054,0
471.1213989,0
471.2359924,0
471.3505859,0
471.4651794,0
471.5797729,0
471.6943665,0
471.80896,0
471.923584,0
472.038208,0
472.1528015,0
472.2674255,0
472.3820496,0
472.4966736,0
472.6113281,0
472.7259521,0
472.8406067,0
472.9552307,0
473.0698853,0
473.1845398,0
473.2991943,0
473.4138489,0
473.5285034,0
473.6431885,0
473.757843,0
473.8725281,0
473.9871826,0.000611343279804421
474.1018677,0.0013019122123613
474.2165527,0.00185214262822406
474.3312378,0.00118255458900044
474.4459534,0.000937103354401405
474.5606384,0.000706542261928856
474.6753235,0.000163013706384536
474.7900391,0
474.9047546,0
475.0194702,0
475.1341858,0
475.2489014,0
475.3636169,0
475.4783325,0
475.5930786,0
475.7077942,0
475.8225403,0
475.9372864,0
476.0520325,0
476.1667786,0
476.2815247,0
476.3962708,0
476.5110168,0.000562061265029768
476.6257935,0.000519067317281287
476.7405701,0.0016223382751439
476.8553162,0.000837673463196921
476.9700928,0.000773468239680344
477.0848694,0.000535116513991589
477.199646,0.000129928945692817
477.3144531,0
477.4292297,0
477.5440063,0
477.6588135,0
477.7736206,0
477.8884277,0
478.0032349,0
478.118042,0
478.2328491,0
478.3476563,0
478.4624939,0
478.577301,0.000201923388291876
478.6921387,0.000835624247986968
478.8069763,0.00153104241097507
478.921814,0.00102015710627324
479.0366516,0.00103672598944384
479.1514893,0.00124063434507662
479.2663269,0.000877860537387544
479.3811951,0.000148260638861901
479.4960327,0
479.6109009,0
479.7257385,0
479.8406067,0
479.9554749,0
480.070343,0
480.1852417,0
480.3001099,0
480.414978,0
480.5298767,0
480.6447754,6.88562304616208e-05
480.7596741,0.000543070653917764
480.8745728,0.000342648417499991
480.9894714,0.000809306208042823
481.1043701,0.000532462647239978
481.2192688,0.000375688103289162
481.334198,0.000276388310472036
481.4490967,0
481.5640259,0
481.6789246,0
481.7938538,0
481.908783,0
482.0237427,0
482.1386719,0
482.2536011,0
482.3685608,0
482.48349,0
482.5984497,0
482.7134094,0
482.8283691,0
482.9433289,0
483.0582886,0.000162420650629276
483.1732483,0.000673021341337058
483.2882385,0.000808931986411077
483.4031982,0.000746225393103095
483.5181885,0.000307390765704081
483.6331787,0
483.7481689,0
483.8631592,0
483.9781494,0
484.0931396,0
484.2081299,0
484.3231506,0
484.4381409,0
484.5531616,0
484.6681824,0
484.7832031,0
484.8982239,0
485.0132446,0
485.1282654,0.000569655489761324
485.2433167,0.00111891464534743
485.3583374,0.00142568183418307
485.4733887,0.00151870159684649
485.5884399,0.0018135319723268
485.7034607,0.0019858139542005
485.818512,0.00114807935424005
485.9335938,0.000610222100221105
486.048645,0
486.1636963,0
486.2787781,0
486.3938293,0
486.5089111,0
486.6239929,0
486.7390442,0
486.854126,0
486.9692383,0
487.0843201,0
487.1994019,0
487.3145142,0
487.4295959,0
487.5447083,0
487.6598206,0
487.7749329,0.000677797957207587
487.8900452,0.0010398645195327
488.0051575,0.000965091579765442
488.1202698,0.000149069935981999
488.2354126,0
488.3505249,0
488.4656677,0
488.5808105,0
488.6959229,0
488.8110657,0
488.926239,0
489.0413818,0
489.1565247,0
489.2716675,0
489.3868408,0
489.5020142,0
489.617157,0
489.7323303,0.00022915852775105
489.8475037,0.00104908317146037
489.962677,0.00129384587421253
490.0778809,0.00099089236038979
490.1930542,0.000466457210329079
490.3082581,0
490.4234314,0
490.5386353,0
490.6538391,0
490.7690125,0
490.8842163,0
490.9994507,0
491.1146545,0
491.2298584,0
491.3450928,0
491.4602966,0
491.575531,0
491.6907654,0.000106315586157672
491.8059998,0.000811129094501126
491.9212341,0.00132198196895802
492.0364685,0.00137725890526075
492.1517029,0.00132099510648846
492.2669678,0.00178310137280302
492.3822021,0.000600275509677397
492.497467,0
492.6127014,0
492.7279663,0
492.8432312,0
492.9584961,0
493.073761,0
493.1890564,0
493.3043213,0
493.4196167,0
493.5348816,0
493.650177,0
493.7654724,0
493.8807678,0
493.9960632,0
494.1113586,0
494.2266541,0
494.34198,0.000173579725477151
494.4572754,0
494.5726013,0
494.6878967,0
494.8032227,0
494.9185486,0
495.0338745,0
495.1492004,0
495.2645569,0
495.3798828,0
495.4952393,0
495.6105652,0
495.7259216,0
495.8412781,0
495.9566345,0
496.071991,0
496.1873474,6.77449850329794e-05
496.3027039,0.00106157502455834
496.4180908,0.00145460944357551
496.5334473,0.00187573630805447
496.6488342,0.00212472353302518
496.7642212,0.00122387824502535
496.8795776,0.000791416554971995
496.9949646,0.000327752501223913
497.1103516,0
497.225769,0
497.341156,0
497.456543,0
497.5719604,0
497.6873474,0
497.8027649,0
497.9181824,0
498.0335999,0
498.1490173,0
498.2644348,0
498.3798523,0
498.4953003,0
498.6107178,0
498.7261658,0.000664603289921492
498.8415833,0.000986622633942138
498.9570313,0.000446952392311871
499.0724792,0.000726855198813723
499.1879272,0.00077774027608908
499.3033752,0
499.4188538,0
499.5343018,0
499.6497498,0
499.7652283,0
499.8807068,0
499.9961548,0
500.1116333,0
500.2271118,0
500.3425903,0.000151211964004664
500.4580994,0.000529196069025045
500.5735779,0.000881394265014066
500.6890564,0.00124298651018763
500.8045654,0.00192571432571033
500.9200745,0.00109301929574757
501.035553,0.00065424229343433
501.151062,0.000373493187272193
501.266571,0
501.3820801,0
501.4976196,0
501.6131287,0
501.7286377,0
501.8441772,0
501.9596863,0
502.0752258,0
502.1907654,0
502.3063049,0
502.4218445,0
502.537384,0
502.6529236,0
502.7684937,0
502.8840332,0.000217867327674223
502.9996033,0.00013946362843159
503.1151733,0
503.2307129,0.000771688625104191
503.346283,0.00106725343197904
503.461853,0.00105297211283178
503.5774231,0.000482022249812769
503.6930237,0
503.8085938,0
503.9241638,0
504.0397644,0
504.155365,0
504.2709351,0
504.3865356,0
504.5021362,0
504.6177368,0
504.7333679,0
504.8489685,0
504.9645691,0
505.0802002,0
505.1958008,0
505.3114319,0.000451075004005039
505.427063,0.000755482226329526
505.5426941,0.0012878483840905
505.6583252,0.000944016059028922
505.7739563,0.000453137912585908
505.8895874,0
506.005249,0
506.1208801,0
506.2365417,0
506.3521729,0
506.4678345,0
506.5834961,0
506.6991577,0
506.8148193,0
506.930481,0
507.0461731,0
507.1618347,0
507.2775269,0
507.3931885,0.000151487598437241
507.5088806,0.000904126514219367
507.6245728,0.00112229384611496
507.7402649,0.00103940276452931
507.855957,0.000878850016088111
507.9716492,0.000397953247343523
508.0873413,1.03878173726479e-05
508.203064,0
508.3187561,0
508.4344788,0
508.5501709,0
508.6658936,0
508.7816162,0
508.8973389,0
509.0130615,0
509.1287842,0
509.2445068,0
509.36026,0
509.4759827,0
509.5917358,0.000419565825114054
509.707489,0.00112781237628617
509.8232117,0.00149076544623983
509.9389648,0.00156441671116458
510.054718,0.000897510867586913
510.1704712,0.000344510840027695
510.2862549,0
510.4020081,0
510.5177612,0
510.6335449,0
510.7493286,0
510.8650818,0
510.9808655,0
511.0966492,0
511.2124329,0
511.3282166,0
511.4440308,0
511.5598145,0
511.6755981,0
511.7914124,0
511.9072266,0.000864705323550046
512.0230103,0.000927766482309997
512.138855,0.00180945163066008
512.2546387,0.00106866458750693
512.3704834,0.000938269573846815
512.4862671,0.00016547134109277
512.6021118,0
512.7179565,0
512.8337402,0
512.949585,0
513.0654297,0
513.1812744,0
513.2971191,0
513.4129639,0
513.5288086,0
513.6446533,0
513.760498,0
513.8763428,0
513.9922485,0
514.1080933,0
514.223938,0.000569767923557471
514.3398438,0.00101902574473357
514.4556885,0.00059820842953546
514.5715942,0.000673714916952246
514.687439,0.0005189427809848
514.8033447,0.000254070879838449
514.9191895,0
515.0350952,0
515.151001,0
515.2669067,0
515.3828125,0
515.4986572,0
515.614563,0
515.7304688,0
515.8463745,0
515.9623413,0
516.0782471,0
516.1941528,0
516.3100586,0.000412017146426084
516.4260254,0.000930903410164625
516.5419312,0.00190568473042066
516.6578369,0.001826911452629
516.7738037,0.00168765221074211
516.8897095,0.000831306229284245
517.0056763,0
517.121582,0
517.2375488,0
517.3535156,0
517.4694824,0
517.5853882,0
517.701355,0
517.8173218,0
517.9332886,0
518.0492554,0
518.1652222,0
518.281189,0
518.3971558,0.000522480939787163
518.5131836,0.000827025425372754
518.6291504,0.000975741691713948
518.7451172,0.0014936640014585
518.861145,0.00193935330774201
518.9771118,0.0013696225047342
519.0930786,0.000822631091932254
519.2091064,0.000561307283601223
519.3251343,0
519.4411011,0
519.5571289,0
519.6730957,0
519.7891235,0
519.9051514,0
520.0211792,0
520.137207,0
520.2532349,0
520.3692627,0
520.4852905,0.00051228320294117
520.6013184,0.00100083386017802
520.7173462,0.00162892125550235
520.833374,0.0024048860179306
520.9494019,0.00238448408628394
521.0654907,0.00272877580964157
521.1815186,0.00199568276828223
521.2975464,0.00122643282879158
521.4136353,0.000707926207346492
521.5296631,0
521.645752,0
521.7618408,0
521.8778687,0
521.9939575,0
522.1100464,0
522.2260742,0
522.3421631,0
522.458252,0
522.5743408,0
522.6904297,9.63831604457949e-05
522.8065186,0.000534228380002565
522.9226074,0.00128130575315377
523.0386963,0.00136429671825112
523.1547852,0.00230580847673795
523.2709351,0.00290190938239732
523.3870239,0.00280828032553468
523.5031128,0.00211868324228957
523.6192627,0.0016418717879071
523.7353516,0.000938557051144715
523.8514404,0.000678442215373291
523.9675903,0
524.0836792,0
524.1998291,0
524.315979,0
524.4320679,2.87816373592036e-05
524.5482178,0
524.6643677,0
524.7805176,0
524.8966675,0.000131909458494876
525.0128174,0.000425838195341331
525.1289673,0.00128879395454044
525.2451172,0.00274453973243199
525.3612671,0.00353267812527446
525.477417,0.00441902277704938
525.5935669,0.00459824693585127
525.7097168,0.00444999053919619
525.8259277,0.00399204256722687
525.9420776,0.00297726903764262
526.0582275,0.00235426316426953
526.1744385,0.00136127211806105
526.2905884,0.0010706420364356
526.4067993,0.000760216724887468
526.5229492,0.000753916378579563
526.6391602,0.00118608841111148
526.7553711,0.00144415815615372
526.871521,0.001979922946727
526.9877319,0.00212902121206898
527.1039429,0.00282630013601785
527.2201538,0.00336173275147843
527.3363037,0.00370310310522143
527.4525146,0.00453859756100592
527.5687256,0.00493952494783756
527.6849365,0.00554977254924028
527.8012085,0.00610532988278863
527.9174194,0.00598786561539932
528.0336304,0.00591663144711598
528.1498413,0.00483338565421142
528.2660522,0.00375784866439209
528.3823242,0.00389112488699144
528.4985352,0.00317128901696392
528.6147461,0.0028040283692207
528.7310181,0.00258928451162804
528.847229,0.00263528213038668
528.963501,0.00388399530492214
529.0797729,0.00364633762620219
529.1959839,0.00387481832244601
529.3122559,0.00481745359388073
529.4285278,0.00512023468004807
529.5447388,0.00619481563506033
529.6610107,0.00680376187497534
529.7772827,0.00778843435226638
529.8935547,0.00827188274703742
530.0098267,0.00838893013365512
530.1260986,0.00844186529814319
530.2423706,0.00816752655616046
530.3586426,0.00742015464702792
530.4749146,0.00669159402752548
530.5912476,0.00569819175726654
530.7075195,0.00522257132822493
530.8237915,0.0047424636347283
530.9401245,0.00466481193745659
531.0563965,0.00492703465042395
531.1726685,0.00475137650839434
531.2890015,0.00548288659101441
531.4052734,0.00647003150408239
531.5216064,0.00728778383406139
531.6379395,0.00787560680319269
531.7542114,0.00772386631413383
531.8705444,0.00898134962996567
531.9868774,0.00927868722832704
532.1032104,0.00879000190039341
532.2194824,0.00818856667632176
532.3358154,0.00807471084919007
532.4521484,0.00847949815267005
532.5684814,0.00731326134838753
532.6848145,0.00681480449737218
532.8011475,0.00678069306685535
532.9175415,0.0071465005248
533.0338745,0.00658343924585421
533.1502075,0.00636507789777646
533.2665405,0.00626429931953513
533.3829346,0.00671680587760012
533.4992676,0.00661848483970398
533.6156006,0.0064210337969104
533.7319946,0.00703376099887878
533.8483276,0.00720499928255886
533.9647217,0.00810257133438437
534.0810547,0.0085790107236778
534.1974487,0.0094355267286694
534.3138428,0.00972018142718002
534.4301758,0.0102158615253566
534.5465698,0.0100213921876348
534.6629639,0.0100475949534978
534.7793579,0.0092756233170731
534.895752,0.00838203661367965
535.012146,0.00798816541688291
535.12854,0.00689812726055522
535.2449341,0.00668833034843834
535.3613281,0.00629211483439353
535.4777222,0.00628190833008527
535.5941162,0.00663876624174005
535.7105103,0.00646988321077179
535.8269653,0.00727652324964097
535.9433594,0.0080084204223716
536.0597534,0.0086222489357759
536.1762085,0.00962520674707699
536.2926025,0.0101277368102375
536.4090576,0.0109851789650931
536.5254517,0.0111562748004644
536.6419067,0.0105772766528029
536.7583618,0.0100173470693975
536.8747559,0.00965929300628807
536.9912109,0.0086189258638498
537.107666,0.00856526441086394
537.2241211,0.00840618721905587
537.3405151,0.0083333723548432
537.4569702,0.00818113494628541
537.5734253,0.00777646378870716
537.6898804,0.00815364024633092
537.8063354,0.00784590165578542
537.9227905,0.00782626659766016
538.0393066,0.00791047355873335
538.1557617,0.00859954185777513
538.2722168,0.0093817624219934
538.3886719,0.00946308807998701
538.505127,0.0100828651083055
538.6216431,0.0101819171486
538.7380981,0.0112491835561551
538.8546143,0.0116200926639448
538.9710693,0.0110589992651792
539.0875854,0.0112969140298397
539.2040405,0.010737848092374
539.3205566,0.010529245257385
539.4370728,0.00969883001284154
539.5535278,0.00870771926572364
539.6700439,0.00835046191416242
539.7865601,0.00759843776073655
539.9030762,0.00748688957802664
540.0195313,0.00715072862939266
540.1360474,0.00715842970203729
540.2525635,0.00686852883145102
540.3690796,0.00731666031139963
540.4855957,0.00759542409673906
540.6021729,0.00792627373020429
540.718689,0.00836919344829606
540.8352051,0.00870387900557901
540.9517212,0.00913806893070288
541.0682373,0.00960474952387919
541.1848145,0.0101483629734441
541.3013306,0.0102552243131587
541.4179077,0.00979736891841846
541.5344238,0.00943571169460384
541.6509399,0.00926931269507341
541.7675171,0.00824853592446513
541.8840942,0.00859523729664707
542.0006104,0.00857408612064106
542.1171875,0.00872781909553404
542.2337646,0.00858626729315445
542.3502808,0.00848636075149052
542.4668579,0.00874525435884435
542.5834351,0.00815009987217346
542.7000122,0.00876585139037224
542.8165894,0.00858514901155507
542.9331665,0.00926294484748716
543.0497437,0.00971299414803289
543.1663208,0.00999372835878352
543.2828979,0.0099639670237629
543.3994751,0.00881750272898548
543.5160522,0.00920594948145424
543.6326904,0.00824600371868048
543.7492676,0.00807766003049402
543.8658447,0.00788508824444726
543.9824829,0.00784440429794936
544.0990601,0.0072758219435609
544.2156372,0.0070137242382396
544.3322754,0.00767366038833479
544.4488525,0.00730756567702478
544.5654907,0.00761254957474956
544.6821289,0.00713101852906412
544.7987061,0.00777835153561484
544.9153442,0.00817342849974557
545.0319824,0.0083677455845937
545.1486206,0.00900900799098386
545.2651978,0.00875644725453579
545.3818359,0.00926622625127766
545.4984741,0.0100190040327717
545.6151123,0.00983746242498315
545.7317505,0.00924132107561999
545.8483887,0.00894453752698903
545.9650269,0.00865000675495339
546.0817261,0.00855151112113716
546.1983643,0.00755998160841626
546.3150024,0.00768365336189654
546.4316406,0.00730451109801443
546.5483398,0.00768050234025466
546.664978,0.00803579671401934
546.7816162,0.00788372928202634
546.8983154,0.00856976600489639
547.0149536,0.008510980370536
547.1316528,0.00978302980892357
547.248291,0.0096042053726516
547.3649902,0.0101258510427065
547.4816895,0.0107771843872614
547.5983276,0.0110252353277249
547.7150269,0.0110815117593417
547.8317261,0.0103698017146852
547.9484253,0.0105491829344017
548.0650635,0.00996501535402583
548.1817627,0.0098730374631119
548.2984619,0.00884940852029288
548.4151611,0.0086400360307026
548.5318604,0.00821403419881456
548.6485596,0.0079521811350926
548.7652588,0.00764091706582139
548.882019,0.00713557517960862
548.9987183,0.00760573222888847
549.1154175,0.00757941454256785
549.2321167,0.00831255292960976
549.348877,0.00854332133094572
549.4655762,0.00925283384359719
549.5822754,0.00990004957294245
549.6990356,0.0104138667118185
549.8157349,0.0115680698831681
549.9324951,0.0109908046843096
550.0491943,0.0109267297006581
550.1659546,0.0109516243176159
550.2827148,0.010479450176848
550.3994141,0.00960800867694157
550.5161743,0.00853393208993367
550.6329346,0.00883436631362197
550.7496948,0.00835802185848762
550.8664551,0.00773804741989353
550.9831543,0.0070757610134081
551.0999146,0.00753959245091371
551.2166748,0.00737256190856143
551.3334351,0.00738544693218339
551.4502563,0.00792525208012448
551.5670166,0.00870695017636936
551.6837769,0.0102474230261953
551.8005371,0.0108121397606502
551.9172974,0.0118698773065365
552.0340576,0.0121393694106928
552.1508789,0.0122690249375815
552.2676392,0.0115017955776304
552.3844604,0.0111151338133293
552.5012207,0.0105627254270961
552.617981,0.00943119416777378
552.7348022,0.00953294886132186
552.8516235,0.00881706831341081
552.9683838,0.00887828377137723
553.0852051,0.00867167332808198
553.2020264,0.00845888217241187
553.3187866,0.0087526639357346
553.4356079,0.00856185290937037
553.5524292,0.00859376680788218
553.6692505,0.0092126769848329
553.7860718,0.00961026569774798
553.902832,0.0103523887954336
554.0196533,0.0112366428213823
554.1364746,0.0113257566613962
554.2533569,0.011836232344458
554.3701782,0.011619170849193
554.4869995,0.0113555050799568
554.6038208,0.011164509464422
554.7206421,0.0101885944031026
554.8374634,0.00965137613968211
554.9543457,0.00925507087668786
555.071167,0.00925871928913773
555.1879883,0.00883871094108264
555.3048706,0.00803586902210361
555.4216919,0.00773539237492997
555.5385742,0.00803155654205183
555.6553955,0.00846470002316133
555.7722778,0.00795306834932034
555.8890991,0.00845658197560474
556.0059814,0.00986135330363042
556.1228638,0.0103676713049475
556.2397461,0.0109774047352791
556.3565674,0.0107255831088386
556.4734497,0.0116089159816499
556.590332,0.0112884471657895
556.7072144,0.0105787421456511
556.8240967,0.0111653966806743
556.940979,0.0105035271541506
557.0578613,0.0103358873174777
557.1747437,0.0097274824005309
557.291626,0.0101617847004765
557.4085083,0.010208806608747
557.5253906,0.00960644014333724
557.642334,0.00937400912170343
557.7592163,0.00959441622042403
557.8760986,0.0095269249272381
557.992981,0.00923376999324157
558.1099243,0.00912727839711511
558.2268066,0.00978200551906756
558.34375,0.0108013540357107
558.4606323,0.0111021481984223
558.5775757,0.0115918929801608
558.694458,0.0114396456728978
558.8114014,0.011721743183206
558.9283447,0.0114377675420719
559.0452271,0.010390191249154
559.1621704,0.0102555037413358
559.2791138,0.0099346179505635
559.3960571,0.00965960005726642
559.5129395,0.00961466594595539
559.6298828,0.00948135710443563
559.7468262,0.00976048026314646
559.8637695,0.00909938567138385
559.9807129,0.00860539091351777
560.0976563,0.00850340147707562
560.2145996,0.00809548144129674
560.331543,0.00783721947131002
560.4485474,0.00790948726209786
560.5654907,0.0089317873153756
560.6824341,0.00935766432810073
560.7993774,0.0104618716177634
560.9163818,0.0112568574769027
561.0333252,0.0115672481898096
561.1502686,0.0120296187536198
561.2672729,0.0116627800303234
561.3842163,0.0117236684510129
561.5012207,0.0105468361654557
561.6181641,0.00941359665833928
561.7351685,0.00924612415845488
561.8521729,0.00866111791496192
561.9691162,0.0077332553668652
562.0861206,0.00750157806764239
562.203125,0.00743032108520603
562.3200684,0.00732668882628148
562.4370728,0.00708392421836657
562.5540771,0.00678421156947793
562.6710815,0.00802069643429634
562.7880859,0.00785523876309002
562.9050903,0.00950213269266143
563.0220947,0.0105154981904361
563.1390991,0.0106718555709513
563.2561035,0.0113690098644836
563.3731079,0.0109768896230069
563.4901123,0.0116081813047414
563.6071777,0.0105848651629524
563.7241821,0.0101586185943124
563.8411865,0.00980300727086413
563.9581909,0.00903956104102865
564.0752563,0.00826165125990655
564.1922607,0.00779571241631163
564.3093262,0.00737675777119996
564.4263306,0.00687323895990839
564.543396,0.00621453129715986
564.6604004,0.00613126556986552
564.7774658,0.00669693598223799
564.8944702,0.00702516865749316
565.0115356,0.00790797717668983
565.1286011,0.00847975863272419
565.2456055,0.00983597986783114
565.3626709,0.0109812375474041
565.4797363,0.011296637238402
565.5968018,0.0112811496806927
565.7138672,0.0105123468845511
565.8309326,0.0107298197925521
565.947998,0.0104971562906317
566.0650635,0.0100299619029456
566.1821289,0.00922354435111254
566.2991943,0.0092618507957901
566.4162598,0.00892813673445859
566.5333252,0.00848576380676326
566.6503906,0.00780376268059399
566.7674561,0.00758988284610978
566.8845825,0.0077686624078058
567.0016479,0.00704864699250555
567.1187134,0.00798450776551998
567.2358398,0.00844963509668019
567.3529053,0.00900292720929209
567.4699707,0.00938474902924639
567.5870972,0.0111154957321341
567.7041626,0.0117700656050938
567.8212891,0.0116215865329195
567.9384155,0.0115295658413515
568.055481,0.0116211170473338
568.1726074,0.0119098493896716
568.2897339,0.0101204844835548
568.4067993,0.0102004312869693
568.5239258,0.0100598557883796
568.6410522,0.00979269913952453
568.7581787,0.00915535231851067
568.8753052,0.00845452755190314
568.9924316,0.00888152058281036
569.1095581,0.00859652131181486
569.2266846,0.00809719035009775
569.343811,0.00770534982002898
569.4609375,0.00783221322733806
569.578064,0.00785583636781194
569.6951904,0.00796927522003168
569.8123169,0.00821691908449096
569.9294434,0.00902334681785526
570.0466309,0.00977341836370138
570.1637573,0.0105590018778977
570.2808838,0.011358659497332
570.3980713,0.0111160845692521
570.5151978,0.0102577162643301
570.6323853,0.00973490404479601
570.7495117,0.00943130842924902
570.8666992,0.00892343000072225
570.9838257,0.00765028962010328
571.1010132,0.00789443251714793
571.2181396,0.00803598931625401
571.3353271,0.00831217375882783
571.4525146,0.00789632299817462
571.5696411,0.0072913019597177
571.6868286,0.007769259635359
571.8040161,0.00808516124217737
571.9212036,0.00881302281820722
572.0383911,0.00904370071645874
572.1555786,0.0103140296497771
572.2727661,0.0112999783172501
572.3899536,0.0113754426640479
572.5071411,0.0110856665182818
572.6243286,0.0110452849092666
572.7415161,0.0107204387526824
572.8587036,0.00963604149484113
572.9758911,0.00894195912704402
573.0930786,0.00873577546302319
573.2102661,0.00862194443002852
573.3275146,0.00879582983954599
573.4447021,0.00877678380681936
573.5618896,0.0084123917821398
573.6791382,0.00856511347716978
573.7963257,0.00872984900792455
573.9135742,0.00819997546072225
574.0307617,0.00812741504287629
574.1480103,0.00781316945701646
574.2651978,0.00875374280998378
574.3824463,0.00939014321200916
574.4996338,0.00929423446291599
574.6168823,0.00948853382407302
574.7341309,0.00995632591001402
574.8513794,0.0106121117318388
574.9685669,0.00989975213764099
575.0858154,0.00951476656908019
575.203064,0.00926345449476051
575.3203125,0.00984160624866192
575.437561,0.00935821950933733
575.5548096,0.00883608201044788
575.6720581,0.00901491417695798
575.7893066,0.00863814404120345
575.9065552,0.0089459273176393
576.0238037,0.00804283701842803
576.1410522,0.00765227965464433
576.2583008,0.00739452440851901
576.3755493,0.00699757496967618
576.4928589,0.00779431319826516
576.6101074,0.00773347229172537
576.727356,0.00906371042096078
576.8446045,0.00923010461224787
576.9619141,0.0101775846822496
577.0791626,0.0111641603677344
577.1964722,0.0106462306103752
577.3137207,0.0105262790119797
577.4310303,0.00990531855836131
577.5482788,0.00959278310694904
577.6655884,0.00850786385325327
577.7828369,0.00779128190512182
577.9001465,0.00797742334067035
578.0174561,0.00743493147166589
578.1347046,0.00693999048349692
578.2520142,0.00687575825024528
578.3693237,0.0074619184105956
578.4866333,0.00752412751887426
578.6039429,0.00713141316092967
578.7212524,0.00708906367173423
578.838501,0.0078846135738544
578.9558105,0.00899628483550756
579.0731201,0.00920445061514571
579.1904297,0.00966418942026431
579.3078003,0.00996679836180462
579.4251099,0.0107481718720656
579.5424194,0.0105461011095563
579.659729,0.0094102524694182
579.7770386,0.00898237816302052
579.8943481,0.00855653857705423
580.0117188,0.00855179658381147
580.1290283,0.00803699314809747
580.2463379,0.00717688397544873
580.3637085,0.00729632809564543
580.4810181,0.00756286338300737
580.5983276,0.00708955795165939
580.7156982,0.00661178769304314
580.8330078,0.00713759868114297
580.9503784,0.00731689524257439
581.067749,0.00823007212870734
581.1850586,0.00825216208740159
581.3024292,0.0092807601304621
581.4197388,0.00977862965323688
581.5371094,0.00927322526330232
581.65448,0.00966448402730642
581.7718506,0.00907404127231307
581.8891602,0.00848832344666359
582.0065308,0.00790991451288382
582.1239014,0.00770359650816354
582.241272,0.00754311632743151
582.3586426,0.00713650500641219
582.4760132,0.00681077427476908
582.5933838,0.00700126797407851
582.7107544,0.00757014502964943
582.828125,0.00748867758313926
582.9454956,0.00844526473246436
583.0628662,0.00897852479833763
583.1802979,0.00920331225452457
583.2976685,0.00943513162508987
583.4150391,0.0093170154518163
583.5324097,0.00944731260891766
583.6498413,0.00948808903848401
583.7672119,0.00933528730452427
583.8845825,0.00929956567044543
584.0020142,0.00918785015114938
584.1193848,0.00862749114849091
584.2368164,0.00852649093148886
584.354187,0.00837474544590596
584.4716187,0.00813980446719111
584.5889893,0.00781194634336256
584.7064209,0.00754245951855621
584.8237915,0.00768596185459367
584.9412231,0.00703673817853312
585.0586548,0.00669354013031118
585.1760864,0.00683428777373038
585.293457,0.00747107026913983
585.4108887,0.00771610707429677
585.5283203,0.00801884837675498
585.645752,0.0086844583268805
585.7631836,0.00905562678261074
585.8806152,0.00942765002273883
585.9980469,0.00902065934225198
586.1154785,0.00878321887121814
586.2329102,0.00856409013094417
586.3503418,0.00874983636897529
586.4677734,0.00806994057477098
586.5852051,0.007552128000072
586.7026367,0.00709076880965775
586.8200684,0.00703783373931001
586.937561,0.00620806012599157
587.0549927,0.00588257988094964
587.1724243,0.00528173396490011
587.289856,0.00465770677197092
587.4073486,0.00539610914891992
587.5247803,0.00524261355669722
587.6422729,0.0058295525164215
587.7597046,0.00594054910069408
587.8771973,0.0069382322692478
587.9946289,0.00833147197490879
588.1121216,0.00919957230162441
588.2295532,0.00962744905911271
588.3470459,0.0099970148532384
588.4644775,0.00971108132476961
588.5819702,0.00948556720271371
588.6994629,0.00872036520971971
588.8169556,0.00720135596097581
588.9343872,0.0066672870222416
589.0518799,0.00621683319112505
589.1693726,0.00617888140591833
589.2868652,0.00602358762725425
589.4043579,0.00599304966112435
589.5218506,0.005885831116303
589.6393433,0.00606908587528163
589.7568359,0.00611848981018251
589.8743286,0.00645631422759214
589.9918213,0.006808751997869
590.109314,0.00725808924515159
590.2268066,0.00779110712051613
590.3442993,0.00844226219261622
590.461792,0.0084138341778066
590.5792847,0.00829939158788375
590.6968384,0.00823931713071958
590.8143311,0.00780496797641645
590.9318237,0.00737802981313324
591.0493774,0.00626092090786613
591.1668701,0.00656950080170984
591.2843628,0.00624513883765993
591.4019165,0.00603991168001845
591.5194092,0.00578884396447217
591.6369629,0.00625055017825948
591.7544556,0.00684186431044293
591.8720093,0.00674539387552157
591.989563,0.00677256059537854
592.1070557,0.00652259871628069
592.2246094,0.00689613496340669
592.3421021,0.00704208663803969
592.4596558,0.00731014209718825
592.5772095,0.0072420195440064
592.6947632,0.00792047973036634
592.8123169,0.00886303567026006
592.9298096,0.00881258793112103
593.0473633,0.0082015764257761
593.164917,0.00789473494877097
593.2824707,0.00762073314297289
593.4000244,0.00713021210749624
593.5175781,0.00636916562798224
593.6351318,0.00683780910461231
593.7526855,0.00722262497963671
593.8702393,0.00740739020017984
593.987793,0.00742904074677539
594.1053467,0.00737714674674927
594.2229614,0.00736622404092919
594.3405151,0.00661569036297169
594.4580688,0.00682542486570956
594.5756226,0.00707163321666727
594.6932373,0.00754830244647107
594.810791,0.00795781326557016
594.9283447,0.00853934625859011
595.0459595,0.00958681545542877
595.1635132,0.00966320368968559
595.2811279,0.00946075083379223
595.3986816,0.00927186752652794
595.5162964,0.0088978617936138
595.6338501,0.00866286066812742
595.7514648,0.00841403271938591
595.8690186,0.00837464523199203
595.9866333,0.00875560547972605
596.104248,0.00908162082536321
596.2218018,0.00998713576317334
596.3394165,0.0106957594581744
596.4570313,0.0101228244628564
596.574585,0.0105287885912846
596.6921997,0.0103205298574714
596.8098145,0.0102250979474382
596.9274292,0.0102729713403357
597.0450439,0.00996480813898288
597.1626587,0.0109510869554254
597.2802734,0.0110599110838461
597.3978882,0.0120574068357797
597.5155029,0.0126214943839582
597.6331177,0.0132910798773435
597.7507324,0.0130975844866637
597.8683472,0.0131055751696239
597.9859619,0.0130636352083332
598.1035767,0.013005925807231
598.2212524,0.0128183487636357
598.3388672,0.0120384758170437
598.4564819,0.0124068730821111
598.5740967,0.0119544165832243
598.6917725,0.0125368555519339
598.8093872,0.0122455783732142
598.927002,0.0124970152656845
599.0446777,0.012797252266973
599.1622925,0.0129534625802291
599.2799683,0.0136938917576735
599.397583,0.014114599714853
599.5152588,0.0146158636752225
599.6328735,0.0155509502698379
599.7505493,0.0161303079795564
599.8681641,0.0163247297081784
599.9858398,0.0164439200438251
600.1035156,0.0167967494284152
600.2211304,0.0172671080352071
600.3388062,0.0171530473501852
600.4564819,0.0171908694154649
600.5741577,0.0177131367302437
600.6917725,0.0184794298531425
600.8094482,0.0180998807019417
600.927124,0.0179348702690346
601.0447998,0.019216029425307
601.1624756,0.0196252545928438
601.2801514,0.0201815788470768
601.3978271,0.0200374697609374
601.5155029,0.0204227025169358
601.6331787,0.0212696466701091
601.7508545,0.0210583615453338
601.8685303,0.0217738199335282
601.9862061,0.022176907472575
602.1038818,0.0231175202328925
602.2216187,0.0238172065443336
602.3392944,0.0241105034565445
602.4569702,0.0242753513627285
602.574646,0.0243034673298333
602.6923828,0.0245665312509462
602.8100586,0.0249853312850192
602.9277344,0.0251536179354949
603.0454712,0.0256795312106207
603.163147,0.0262546209372898
603.2808838,0.0268546228165295
603.3985596,0.0281581811531686
603.5162964,0.0282768064078612
603.6339722,0.0289096858565782
603.751709,0.0293578628706925
603.8693848,0.0293647950416562
603.9871216,0.0307139213859368
604.1047974,0.0307971444053003
604.2225342,0.0319098815312096
604.340271,0.0322110624076728
604.4580078,0.0325652680086855
604.5756836,0.0336357661359971
604.6934204,0.0339701074038236
604.8111572,0.0347320060291739
604.928894,0.0349917043621523
605.0466309,0.036253093082639
605.1643066,0.0369854748252751
605.2820435,0.0364233451648362
605.3997803,0.0364392865585645
605.5175171,0.036444028174841
605.6352539,0.037047524986998
605.7529907,0.0375994138280625
605.8707275,0.038507795362206
605.9884644,0.040523210809951
606.1062622,0.041757992329359
606.223999,0.0432256798217951
606.3417358,0.0441093581159739
606.4594727,0.0447154327620192
606.5772095,0.0447981044671884
606.6950073,0.0448465350194844
606.8127441,0.0451815758026999
606.930481,0.0457696780125374
607.0482178,0.0468117633978423
607.1660156,0.0482157252895822
607.2837524,0.0493436650767858
607.4015503,0.0506285669210896
607.5192871,0.0521044442043245
607.6370239,0.052604851777076
607.7548218,0.0532220990517127
607.8725586,0.053178730646354
607.9903564,0.0548434474941883
608.1081543,0.0557113352317634
608.2258911,0.0565179673521137
608.343689,0.0581877531371372
608.4614868,0.059529605659964
608.5792236,0.0612155681450347
608.6970215,0.0615356872040103
608.8148193,0.0628434833542495
608.9325562,0.0635343414494999
609.050354,0.0646739976381391
609.1681519,0.066193505785961
609.2859497,0.0674457804538556
609.4037476,0.0696250505340336
609.5215454,0.0717894267939794
609.6393433,0.073290082360192
609.7570801,0.0746538630681127
609.8748779,0.0763766814976216
609.9926758,0.0781603399825607
610.1105347,0.0794382142461812
610.2283325,0.0807230617887153
610.3461304,0.0828341120243997
610.4639282,0.085073390287345
610.5817261,0.0867237668945832
610.6995239,0.0885792193502195
610.8173218,0.0909614565533245
610.9351196,0.0924085085513227
611.0529785,0.0949058794672797
611.1707764,0.0969339774373018
611.2885742,0.0993548293592797
611.4064331,0.101655758438587
611.524231,0.104089312492376
611.6420288,0.106288175018306
611.7598877,0.107850469332696
611.8776855,0.109824689207091
611.9955444,0.111416947641684
612.1133423,0.113810502273376
612.2312012,0.116183321101563
612.348999,0.119021739960832
612.4668579,0.121906163118633
612.5846558,0.124405770963013
612.7025146,0.127225221844857
612.8203125,0.1297974766585
612.9381714,0.132497055976829
613.0560303,0.13645348111445
613.1738892,0.140015339232008
613.291687,0.143563001917064
613.4095459,0.146752095229751
613.5274048,0.149674664010156
613.6452637,0.151659407904397
613.7630615,0.153677917064989
613.8809204,0.155921055288515
613.9987793,0.158150610497901
614.1166382,0.161078188637817
614.2344971,0.163780947632286
614.352356,0.167443059222968
614.4702148,0.169989618656629
614.5880737,0.172681520293455
614.7059326,0.176262124648452
614.8237915,0.17870814703398
614.9416504,0.181958115865676
615.0595093,0.185765283047731
615.1774292,0.189525539388089
615.2952881,0.193548924871611
615.413147,0.197231613881249
615.5310059,0.201963787658594
615.6488647,0.205522903518563
615.7667847,0.208319556633875
615.8846436,0.211314547620942
616.0025024,0.214812422960558
616.1204224,0.217941352738666
616.2382813,0.220872608324319
616.3561401,0.224583012453504
616.4740601,0.228104931479765
616.5919189,0.231676201931063
616.7098389,0.235592793596777
616.8276978,0.238732544534048
616.9456177,0.242752358170979
617.0634766,0.246442429241197
617.1813965,0.250246124122482
617.2992554,0.254049788838367
617.4171753,0.257310913685415
617.5350952,0.260709437558113
617.6529541,0.263770257587342
617.770874,0.267503875793927
617.8887939,0.271141545474188
618.0067139,0.275755558220083
618.1245728,0.279926672172146
618.2424927,0.284709521757075
618.3604126,0.288877796942512
618.4783325,0.293616296910443
618.5962524,0.297549797598997
618.7141724,0.301254412522214
618.8320313,0.304400091426295
618.9499512,0.309250233196774
619.0678711,0.312599981844073
619.185791,0.315926845237081
619.3037109,0.32126977720734
619.4216309,0.324219495455422
619.5395508,0.32838470860978
619.6575317,0.331553680041547
619.7754517,0.336003694863284
619.8933716,0.340761330242807
620.0112915,0.344803507232113
620.1292114,0.351806099950521
620.2471313,0.357490156783838
620.3651123,0.362302088061932
620.4830322,0.367161521484304
620.6009521,0.372096344133529
620.7188721,0.376896709106335
620.836853,0.380155453721088
620.9547729,0.383791880485628
621.0726929,0.389297694199497
621.1906738,0.395390904198172
621.3085938,0.399719686887513
621.4265747,0.40375371859112
621.5444946,0.408464183666015
621.6624756,0.413860005766451
621.7803955,0.418304686920254
621.8983765,0.421989201078331
622.0162964,0.428103184571065
622.1342773,0.433589527996906
622.2521973,0.43981173528914
622.3701782,0.445568448141341
622.4881592,0.45124864955306
622.6060791,0.458756491773611
622.7240601,0.465054679575036
622.842041,0.471292924049304
622.960022,0.477279002316953
623.0779419,0.483197384142197
623.1959229,0.488585181598292
623.3139038,0.49374900160459
623.4318848,0.498203475216668
623.5498657,0.505055904936518
623.6678467,0.510375927540412
623.7858276,0.516011806504238
623.9037476,0.523417802397055
624.0217285,0.530600068196361
624.1397095,0.536294050215714
624.2576904,0.541563113437015
624.3756714,0.548441046970359
624.4937134,0.555198261223605
624.6116943,0.56166537634002
624.7296753,0.567023356006446
624.8476563,0.575429274084131
624.9656372,0.582589264030968
625.0836182,0.588886619186362
625.2015991,0.596552986902297
625.3196411,0.602535221814508
625.4376221,0.610018610038234
625.555603,0.616095933681877
625.673584,0.62292533936635
625.791626,0.62999346246921
625.9096069,0.635617117441041
626.0275879,0.64186648776526
626.1456299,0.647441729536985
626.2636108,0.653403070253046
626.3815918,0.659797426808462
626.4996338,0.666834549536733
626.6176147,0.675016357416616
626.7356567,0.68347806168512
626.8536377,0.692548527035072
626.9716797,0.702546723138665
627.0896606,0.711010575345636
627.2077026,0.718703955266554
627.3257446,0.726090227461736
627.4437256,0.732329183900188
627.5617676,0.739080509421889
627.6798096,0.744621287567877
627.7977905,0.749898411611755
627.9158325,0.756592309782896
628.0338745,0.76302068349588
628.1518555,0.768882024148425
628.2698975,0.773399536300678
628.3879395,0.778511401405437
628.5059814,0.78548687332342
628.6240234,0.791737112492151
628.7420044,0.797678433889652
628.8600464,0.804638037551843
628.9780884,0.811670719568768
629.0961304,0.818337261629117
629.2141724,0.824352156134408
629.3322144,0.831239996754548
629.4502563,0.837804994161412
629.5682983,0.843517535412966
629.6863403,0.850899547949939
629.8043823,0.857927330741432
629.9224243,0.864043492358279
630.0404663,0.867895033309898
630.1585693,0.87354557379203
630.2766113,0.879274876215472
630.3946533,0.881794100633875
630.5126953,0.884281866143359
630.6307373,0.886716898423238
630.7487793,0.88893186297264
630.8668823,0.890095457275097
630.9849243,0.892472736418092
631.1029663,0.894938250187183
631.2210693,0.896259814880921
631.3391113,0.900234741916237
631.4571533,0.905097457597356
631.5752563,0.909923730640511
631.6932983,0.915770023617135
631.8113403,0.922163016595229
631.9294434,0.928253680431662
632.0474854,0.933412583093044
632.1655884,0.936335198639942
632.2836304,0.937044442471802
632.4017334,0.936829973885027
632.5197754,0.936314081199583
632.6378784,0.935761818273137
632.7559814,0.933791538303708
632.8740234,0.932317988459268
632.9921265,0.931049712058747
633.1101685,0.927533974408904
633.2282715,0.923020806418471
633.3463745,0.919877556031571
633.4644775,0.916951537564325
633.5825195,0.912675065748493
633.7006226,0.910433891434247
633.8187256,0.906488806341166
633.9368286,0.902834441832652
634.0548706,0.898065656450612
634.1729736,0.89161060239254
634.2910767,0.88607084997139
634.4091797,0.877703281167177
634.5272827,0.870643315416175
634.6453857,0.864740355338062
634.7634888,0.855368441736875
634.8815918,0.846593089397952
634.9996948,0.835442014572164
635.1177979,0.825456404445371
635.2359009,0.815324384199503
635.3540039,0.803624811392912
635.4721069,0.795346864944683
635.59021,0.782608037226964
635.708313,0.773877176282421
635.826416,0.76272941991386
635.944519,0.751011674052928
636.0626221,0.738632892415273
636.1807861,0.725001038933345
636.2988892,0.714291873395276
636.4169922,0.701859296645188
636.5350952,0.689420408787214
636.6532593,0.677300526799914
636.7713623,0.664183624782202
636.8894653,0.649393770108439
637.0075684,0.637328781375615
637.1257324,0.62410766786033
637.2438354,0.611425633959028
637.3619995,0.60076814578057
637.4801025,0.587750338783382
637.5982056,0.577150929568622
637.7163696,0.563251663112512
637.8344727,0.55099315426654
637.9526367,0.539303096376295
638.0707397,0.525705465196902
638.1889038,0.514421537635711
638.3070068,0.503344047983872
638.4251709,0.492866051893909
638.5432739,0.481501763483472
638.661438,0.469812200326038
638.7796021,0.458648654151971
638.8977051,0.44928541075494
639.0158691,0.438728139851125
639.1340332,0.428858760028443
639.2521362,0.417472768928391
639.3703003,0.406069763226597
639.4884644,0.393742327108905
639.6066284,0.380694937612171
639.7247314,0.369526196551259
639.8428955,0.357423510178346
639.9610596,0.348083785569749
640.0792236,0.338452875788927
640.1973877,0.329713622182157
640.3154907,0.32211162340178
640.4336548,0.313907114296793
640.5518188,0.3072347136703
640.6699829,0.300417918094947
640.788147,0.293310739828001
640.906311,0.287937443993346
641.0244751,0.281291066045478
641.1426392,0.275365763710526
641.2608032,0.267509308987436
641.3789673,0.259347490280957
641.4971313,0.252451893529028
641.6152954,0.24398436387632
641.7334595,0.238246014140728
641.8516235,0.231242407804132
641.9698486,0.226074276817954
642.0880127,0.220650453026667
642.2061768,0.21534790659563
642.3243408,0.209696904542382
642.4425049,0.202796248647909
642.5606689,0.197911353623359
642.678894,0.192442613085301
642.7970581,0.188197455384468
642.9152222,0.18414754641594
643.0334473,0.181003759024177
643.1516113,0.178178292708009
643.2697754,0.17387057012452
643.3880005,0.169774504469551
643.5061646,0.166121672484847
643.6243286,0.162916940193655
643.7425537,0.159038703834493
643.8607178,0.154819022818538
643.9789429,0.150711500972115
644.0971069,0.146903089376192
644.215332,0.143449622486229
644.3334961,0.139220453723033
644.4517212,0.135565446630757
644.5698853,0.132508110968457
644.6881104,0.12830159667197
644.8062744,0.124991667930245
644.9244995,0.121649227405903
645.0426636,0.119330607955102
645.1608887,0.116903647063789
645.2791138,0.11412170072703
645.3972778,0.112864428018735
645.5155029,0.110974822653132
645.633728,0.108227584322344
645.7518921,0.105940870287099
645.8701172,0.104707458762753
645.9883423,0.102733326376118
646.1065674,0.100153179676262
646.2247314,0.0977746757329826
646.3429565,0.0951994116837851
646.4611816,0.0923649312333581
646.5794067,0.0885564623069784
646.6976318,0.0856041707518428
646.8158569,0.0830920704312572
646.934021,0.0808188866328487
647.0522461,0.0785206424826992
647.1704712,0.0766838955412105
647.2886963,0.0752778362370368
647.4069214,0.0741877079551983
647.5251465,0.0727821056932814
647.6433716,0.0712150705157379
647.7615967,0.0702047216055752
647.8798218,0.0686569379784408
647.9980469,0.0676437623516161
648.116272,0.0666419049085255
648.2344971,0.0651288013752565
648.3527222,0.0636428978397472
648.4710083,0.0617762908588086
648.5892334,0.0604025917490303
648.7074585,0.0580241149566356
648.8256836,0.0554967195876497
648.9439087,0.0541865085088314
649.0621338,0.0524162942812396
649.1804199,0.0515435269095466
649.298645,0.0496232432022119
649.4168701,0.047450788018424
649.5350952,0.0467268713471224
649.6533813,0.0459963170163418
649.7716064,0.0455034536421839
649.8898315,0.0448542851161684
650.0081177,0.0449568087097778
650.1263428,0.0455908888345571
650.2445679,0.0449655475533781
650.362854,0.0437249930586064
650.4810791,0.043197037804525
650.5993042,0.0421658874760507
650.7175903,0.0407030366269758
650.8358154,0.0389596475626888
650.9541016,0.0375556193030191
651.0723267,0.035792337246391
651.1906128,0.0341210200712912
651.3088379,0.0326685084638014
651.427124,0.0312985984238881
651.5453491,0.0313806950570797
651.6636353,0.03058412124126
651.7818604,0.0303868003929417
651.9001465,0.030126411596219
652.0184326,0.0297531697690691
652.1366577,0.0294715866183151
652.2549438,0.0286212138981297
652.37323,0.0283141073223225
652.4914551,0.0282979102555687
652.6097412,0.0278797893722027
652.7280273,0.0274565599560167
652.8462524,0.0271317030524519
652.9645386,0.0262770800739204
653.0828247,0.0248415514046238
653.2011108,0.0238427175246408
653.3193359,0.0231758688104848
653.4376221,0.02298990234843
653.5559082,0.0222930710382688
653.6741943,0.0221903204328132
653.7924805,0.0218772557247953
653.9107056,0.021819489007408
654.0289917,0.0209430362680178
654.1472778,0.0198902805485278
654.265564,0.0198114797424396
654.3838501,0.0190272517018028
654.5021362,0.0194346268334338
654.6204224,0.0190497809780505
654.7387085,0.0198721580242693
654.8569946,0.0199947639132909
654.9752808,0.0196287244479884
655.0935669,0.0199169399782641
655.211853,0.0188116516452778
655.3301392,0.0180430209002302
655.4484253,0.017040870453925
655.5667114,0.0161126732338707
655.6849976,0.0148778790818409
655.8032837,0.0132595853127184
655.9215698,0.0115692630209171
656.039917,0.0114849364256881
656.1582031,0.0107051683103409
656.2764893,0.0100265307933345
656.3947754,0.010286980303088
656.5130615,0.0108395833662876
656.6314087,0.0116583968470271
656.7496948,0.0116548883376551
656.867981,0.0127203944564318
656.9862671,0.0134700791014603
657.1046143,0.013415690793515
657.2229004,0.0136544849474174
657.3411865,0.014099417608546
657.4594727,0.0144261394444606
657.5778198,0.0133282978329048
657.696106,0.0124787914929805
657.8143921,0.0120012535261677
657.9327393,0.0114147588807234
658.0510254,0.0112511821688048
658.1693726,0.00973660286539635
658.2876587,0.00913114986245538
658.4060059,0.00879158787688743
658.524292,0.00841251254780173
658.6425781,0.00796750484426736
658.7609253,0.00762462864831517
658.8792114,0.00760843940735704
658.9975586,0.00830338825016302
659.1158447,0.00861926232892782
659.2341919,0.00930247968678821
659.3525391,0.00957981012689076
659.4708252,0.010170140319389
659.5891724,0.0108131633913214
659.7074585,0.0103313251997074
659.8258057,0.0105297624451986
659.9440918,0.0103270098915987
660.062439,0.00972129970837449
660.1807861,0.00884759562690289
660.2990723,0.00812973739424668
660.4174194,0.00746419230479323
660.5357666,0.00651167799024216
660.6540527,0.0056673513595136
660.7723999,0.005259571509436
660.8907471,0.00492562091411446
661.0090942,0.00504652138258912
661.1273804,0.00557600821705205
661.2457275,0.00585057415976895
661.3640747,0.00605733440484727
661.4824219,0.00725098247745801
661.600769,0.00754073863712804
661.7190552,0.00773512548482948
661.8374023,0.00743736582068933
661.9557495,0.00746773626154751
662.0740967,0.00761605054256909
662.1924438,0.00722691210010205
662.310791,0.0069307479329802
662.4291382,0.00608441326119355
662.5474854,0.00508601096897127
662.6658325,0.00448672368863061
662.7841797,0.00343501196315759
662.9025269,0.00252376585963356
663.020813,0.00236229179273229
663.1391602,0.00230168053821974
663.2575073,0.00270510039405536
663.3759155,0.00306489966142091
663.4942627,0.00312992342095039
663.6126099,0.00413849427228211
663.730957,0.0041647845246895
663.8493042,0.00465879163255393
663.9676514,0.00468178304131791
664.0859985,0.00490578132811656
664.2043457,0.00532522280531604
664.3226929,0.00475947951900498
664.44104,0.00502555969753005
664.5593872,0.00485154447232565
664.6777954,0.00429669626947878
664.7961426,0.0035571627904328
664.9144897,0.00330499404607408
665.0328369,0.00256479140876182
665.1511841,0.00129722989482393
665.2695923,0.000614961501081754
665.3879395,0.000796795358921701
665.5062866,0.00103619890229734
665.6246338,0.00126171556978667
665.743042,0.00162810488793633
665.8613892,0.0024661291453838
665.9797363,0.00341463312857897
666.0981445,0.00358647542743223
666.2164917,0.00381873190031735
666.3348389,0.00370689636969683
666.4532471,0.00366880703856503
666.5715942,0.00380531172913122
666.6899414,0.00331761250955239
666.8083496,0.00329454643534896
666.9266968,0.00277390945214734
667.045105,0.00271359525576752
667.1634521,0.00236240124509364
667.2817993,0.00117839747268494
667.4002075,0.000740419326578636
667.5185547,0.000264911083855419
667.6369629,0
667.7553101,0
667.8737183,0
667.9920654,0
668.1104736,0
668.2288208,0
668.347229,0.00100731648571569
668.4655762,0.00182414690823999
668.5839844,0.0028257481133821
668.7023926,0.00378322926516229
668.8207397,0.00402016027827647
668.9391479,0.00403539800958175
669.0574951,0.00326553396770926
669.1759033,0.00262313018313959
669.2943115,0.00200638727642623
669.4126587,0.00107470417125261
669.5310669,0.000868959542343961
669.6494751,0
669.7678223,0
669.8862305,0
670.0046387,0
670.1230469,0
670.241394,0
670.3598022,0.000287051149445896
670.4782104,0.00146539153921246
670.5966187,0.0018821440327411
670.7149658,0.0016574988362583
670.833374,0.00291849820443192
670.9517822,0.00264712867641332
671.0701904,0.00309032570219622
671.1885986,0.00276965721345282
671.3070068,0.00239541636073907
671.425354,0.00249898639875155
671.5437622,0.00145919857128733
671.6621704,0.000740656096449943
671.7805786,0
671.8989868,0
672.017395,0
672.1358032,0
672.2542114,0
672.3726196,0
672.4910278,1.66731975139725e-05
672.609436,0.000249878493408017
672.7278442,0.000620502704175227
672.8461914,0.0015611031136846
672.9645996,0.00161315398600045
673.0830078,0.00185739681362697
673.2014771,0.00194956961675691
673.3198853,0.00181558925995985
673.4382935,0.00165482173111476
673.5567017,0.00120635039263446
673.6751099,0.00113694175046821
673.7935181,0.000977222833942665
673.9119263,0.000256353294036791
674.0303345,0.000352287025729877
674.1487427,0
674.2671509,0
674.3855591,0
674.5039673,0
674.6224365,0
674.7408447,0
674.8592529,0
674.9776611,0
675.0960693,0
675.2144775,0.000388588588095972
675.3329468,0.000747888390529183
675.451355,0.00163327908135817
675.5697632,0.00166805707775918
675.6881714,0.00215899508835024
675.8066406,0.00210396015407309
675.9250488,0.00174956713623781
676.043457,0.00078855249226294
676.1618652,0
676.2803345,0
676.3987427,0
676.5171509,0
676.6356201,0
676.7540283,0
676.8724365,0
676.9909058,0
677.109314,0
677.2277222,0
677.3461914,0
677.4645996,0.000644220378256192
677.5830688,0.0011042661165866
677.7014771,0.00205118704700338
677.8198853,0.00255352719473515
677.9383545,0.00243304881552375
678.0567627,0.00195420491497861
678.1752319,0.00167185286416328
678.2936401,0.00112695609497589
678.4121094,0.000152082009027931
678.5305176,0
678.6489868,0
678.767395,0
678.8858643,0
679.0042725,0
679.1227417,0
679.2411499,0
679.3596191,0
679.4780273,0
679.5964966,0
679.7149658,0.00115752890732598
679.833374,0.00171347069128966
679.9518433,0.00207333670482676
680.0702515,0.00232951356488261
680.1887207,0.00258891915216577
680.3071899,0.00210093541293569
680.4255981,0.00208960077610154
680.5440674,0.00184191427610834
680.6624756,0.000924800450734874
680.7809448,0.000314724994161631
680.8994141,0
681.0178223,0
681.1362915,0
681.2547607,0
681.3731689,0
681.4916382,0
681.6101074,0
681.7285767,0
681.8469849,0
681.9654541,0.000789560990734318
682.0839233,0.00168935753696656
682.2023926,0.00213999364729264
682.3208008,0.00233869061819681
682.43927,0.00180511353178162
682.5577393,0.00231187367933662
682.6762085,0.00191515144143042
682.7946777,0.00115154291850178
682.9130859,0.000114666938913199
683.0315552,0
683.1500244,0
683.2684937,0
683.3869629,0
683.5054321,0
683.6238403,0
683.7423096,0
683.8607788,0
683.979248,0
684.0977173,0
684.2161865,0
684.3346558,0.000570554194071047
684.453125,0.00103901185628888
684.5715942,0.000681115514210171
684.6900635,0.00075985579595319
684.8084717,0.000590917991784702
684.9269409,0.00117040994785989
685.0454102,0.000965252647212059
685.1638794,0.000755773627801842
685.2823486,0.000575518203121792
685.4008179,0
685.5192871,0
685.6377563,0
685.7562256,0
685.8746948,0
685.9931641,0
686.1116333,0
686.2301025,0
686.3485718,0
686.467041,0
686.5855713,0.00036436364780401
686.7040405,0.001141474549012
686.8225098,0.00191860039292436
686.940979,0.00213779889625409
687.0594482,0.00229369706709812
687.1779175,0.00195761600403625
687.2963867,0.00145207689623351
687.414856,0.000603881440001619
687.5333252,0.000554165363012632
687.6517944,0
687.7703247,0
687.8887939,0
688.0072632,0
688.1257324,0
688.2442017,0
688.3626709,0
688.4811401,0
688.5996704,0
688.7181396,0
688.8366089,0.000208777427771108
688.9550781,0.000371440575417915
689.0735474,6.73928207063881e-05
689.1920776,0.000698881394438403
689.3105469,0.000493669087810627
689.4290161,0.000854275248296069
689.5474854,0.000620860097947281
689.6660156,0
689.7844849,0
689.9029541,0
690.0214233,0
690.1399536,0
690.2584229,0
690.3768921,0
690.4954224,0
690.6138916,0
690.7323608,0
690.8508301,0
690.9693604,0
691.0878296,0
691.2062988,0.000157370215771066
691.3248291,0.00076890899678612
691.4432983,0.001416788982346
691.5617676,0.00164360390005554
691.6802979,0.00152655146980314
691.7987671,0.00119187863964475
691.9172363,0.000949965876019474
692.0357666,0.000416735789432119
692.1542358,0
692.2727661,0
692.3912354,0
692.5097046,0
692.6282349,0
692.7467041,0
692.8652344,0
692.9837036,0
693.1022339,0
693.2207031,0
693.3391724,0
693.4577026,0
693.5761719,0
693.6947021,0
693.8131714,0.000774168343436386
693.9317017,0.00100842281722694
694.0501709,0.00125105016173903
694.1687012,0.00078610516878296
694.2871704,0.000219835337310592
694.4057007,0.000137346252807032
694.5241699,0
694.6427002,0
694.7611694,0
694.8796997,0
694.9981689,0
695.1166992,0
695.2351685,0
695.3536987,0
695.472168,0
695.5906982,0
695.7091675,0
695.8276978,0
695.946167,0.00026993293058715
696.0646973,0.000511121650402057
696.1832275,0.00144754929425185
696.3016968,0.00208808739192578
696.4202271,0.00153950979165422
696.5386963,0.00127935263864447
696.6572266,0.000677487901118657
696.7757568,7.01071788844066e-05
696.8942261,0
697.0127563,0
697.1312256,0
697.2497559,0
697.3682861,0
697.4867554,0
697.6052856,0
697.7238159,0
697.8422852,0
697.9608154,0
698.0792847,0.000459385417959557
698.1978149,0.00120618555401476
698.3163452,0.00140372469601406
698.4348145,0.000764797037961572
698.5533447,0.000277000527394878
698.671875,0.000819986581981703
698.7903442,0.000306516466681148
698.9088745,0
699.0274048,0
699.145874,0
699.2644043,0
699.3829346,0
699.5014648,0
699.6199341,0
699.7384644,0
699.8569946,0
699.9754639,0
700.0939941,0
700.2125244,0
700.3310547,0
700.4495239,0.00014887564865542
700.5680542,0.000472104059517734
700.6865845,0.000336188064393338
700.8051147,0.00011418758980846
700.923584,0.000103679396087727
701.0421143,0
701.1606445,0
701.2791748,0
701.397644,0
701.5161743,0
701.6347046,0
701.7532349,0
701.8717651,0
701.9902344,0
702.1087646,0
702.2272949,0
702.3458252,0
702.4643555,0
702.5828247,0
702.701355,0.00069828186020385
702.8198853,0.000124612562979749
702.9384155,0
703.0569458,4.43113357198313e-05
703.175415,0.000535301857004867
703.2939453,0.000272669805284084
703.4124756,0
703.5310059,0
703.6495361,0
703.7680664,0
703.8865356,0
704.0050659,0
704.1235962,0
704.2421265,0
704.3606567,0
704.479187,0
704.5977173,0
704.7161865,0
704.8347168,0.000739312700525542
704.9532471,0.00101903318064647
705.0717773,0.00093754336756494
705.1903076,0.00159527697722687
705.3088379,0.00135175317912858
705.4273682,0.00138109002092623
705.5458984,0.00123327011397016
705.6643677,0.000581297307446998
705.7828979,0
705.9014282,0
706.0199585,0
706.1384888,0
706.257019,0
706.3755493,0
706.4940796,0
706.6126099,0
706.7311401,0
706.8496094,0
706.9681396,0
707.0866699,0
707.2052002,0
707.3237305,0.000828369681675109
707.4422607,0.00174370615518113
707.560791,0.00149113026395985
707.6793213,0.00121592749886868
707.7978516,0.00142204861195582
707.9163818,0.00174820876275079
708.0349121,0.0010051917569529
708.1534424,4.44367441494649e-05
708.2719727,0
708.3905029,0
708.5090332,0
708.6275024,0
708.7460327,0
708.864563,0
708.9830933,0
709.1016235,0
709.2201538,0
709.3386841,0
709.4572144,0.000542588782945065
709.5757446,0.00129294004040154
709.6942749,0.00200308664153098
709.8128052,0.00231150155531369
709.9313354,0.0024211572065595
710.0498657,0.00209833087511666
710.168396,0.00179591920254017
710.2869263,0.000311912463963604
710.4054565,0
710.5239868,0
710.6425171,0
710.7610474,0
710.8795776,0
710.9981079,0
711.1166382,0
711.2351685,0
711.3536987,0
711.472229,0
711.5907593,0
711.7092896,0
711.8278198,0.000507275968815257
711.9463501,0.00126143788464336
712.0648804,0.00167225195048669
712.1834106,0.0016674900180965
712.3019409,0.00136655147446602
712.4204712,0.000314480187057495
712.5390015,0.000283630267565566
712.6575317,0
712.776062,0
712.8945923,0
713.0131226,0
713.1316528,0
713.2501831,0
713.3687134,0
713.4872437,0
713.6057739,0
713.7243042,0
713.8428345,0
713.9613647,0.000226969833864158
714.079895,0.000773929358497461
714.1984253,0.00123492879843233
714.3169556,0.00171937657089264
714.4354858,0.00185809405426136
714.5540161,0.00181735760882387
714.6725464,0.00139095136415178
714.7910767,0.000851211076660065
714.9096069,0.000443975471664944
715.0281372,0.000287632892137442
715.1466675,0
715.2651978,0
715.383728,0
715.5022583,0
715.6207886,0
715.7393188,0
715.8578491,0
715.9763794,0
716.0949097,0
716.2134399,0
716.3319702,0
716.4505005,0.0010064044296734
716.5690308,0.00192515202730181
716.687561,0.0026408774941608
716.8060913,0.0022266777757984
716.9246216,0.0028592300925111
717.0431519,0.00176469199173272
717.1616821,0.00145936361590634
717.2802124,0.000876250209924702
717.3987427,0
717.5172729,0
717.6358032,0
717.7543335,0
717.8728638,0
717.991394,0
718.1099243,0
718.2285156,0
718.3470459,0
718.4655762,0
718.5841064,0
718.7026367,0
718.821167,0
718.9396973,0
719.0582275,0
719.1767578,0
719.2952881,0
719.4138184,0
719.5323486,0
719.6508789,6.94702974345392e-05
719.7694092,2.41139307278608e-06
719.8879395,0
720.0064697,0
720.125,0
720.2435303,0
720.3620605,0
720.4805908,0
720.5991211,0
720.7176514,0
720.8361816,0
720.9547119,0
721.0732422,0
721.1917725,0
721.3103027,0
721.428833,9.41369349048934e-06
721.5473633,0.000161855747788675
721.6658936,0.000186994723418592
721.7844238,0.000225011581467453
721.9029541,0
722.0214844,0.000230315920593815
722.1400146,0
722.2585449,0
722.3770752,0
722.4956055,0
722.6141357,0
722.732666,0
722.8511963,0
722.9697266,0
723.0882568,0
723.2067871,0
723.3253174,0
723.4438477,0
723.5623779,1.93000899596802e-05
723.6809082,0
723.7993774,0
723.9179077,0
724.036438,0
724.1549683,0
724.2734985,0
724.3920288,0
724.5105591,0
724.6290894,0
724.7476196,0
724.8661499,0
724.9846802,0
725.1032104,0
725.2217407,0
725.340271,0
725.4588013,0
725.5773315,0
725.6958618,0.000307837248430908
725.8143921,0.000706332878904658
725.9329224,0.00064628095337126
726.0514526,0.00077316684487653
726.1699219,0.000940584382935837
726.2884521,0.00110319756520061
726.4069824,0.00139521644764629
726.5255127,0.000476593763321132
726.644043,0.000361631816813844
726.7625732,0
726.8811035,0
726.9996338,0
727.1181641,0
727.2366943,0
727.3552246,0
727.4737549,0
727.5922241,0
727.7107544,0
727.8292847,0
727.9478149,0
728.0663452,0
728.1848755,0
728.3034058,0.000349450491246482
728.421936,0.000418207510054779
728.5404663,0.000421583776356457
728.6589355,0.000498036965526922
728.7774658,0.000311338746371918
728.8959961,0.000155303241590665
729.0145264,0
729.1330566,0
729.2515869,0
729.3701172,0
729.4885864,0
729.6071167,0
729.725647,0
729.8441772,0
729.9627075,0
730.0812378,0
730.1997681,0
730.3182373,0.000142263036601506
730.4367676,6.27731804937086e-05
730.5552979,0.000310502121524847
730.6738281,0.000952176859987185
730.7923584,0.000646903257543244
730.9108276,0.000535931561811219
731.0293579,0
731.1478882,0
731.2664185,0
731.3849487,0
731.503479,0
731.6219482,0
731.7404785,0
731.8590088,0
731.9775391,0
732.0960083,0
732.2145386,0.0001647942635181
732.3330688,0.000257986430028532
732.4515991,0
732.5701294,0
732.6885986,0
732.8071289,0.000222032645516692
732.9256592,0
733.0441895,0
733.1626587,0.000116267644461603
733.281189,0
733.3997192,4.7283307012909e-05
733.5181885,0
733.6367188,0
733.755249,0
733.8737793,0
733.9922485,0
734.1107788,0
734.2293091,0
734.3477783,0
734.4663086,0
734.5848389,0.000304141604778738
734.7033691,0.000289595657814539
734.8218384,0.000339476526073665
734.9403687,6.92455477504949e-05
735.0588989,6.20641145769752e-05
735.1773682,0
735.2958984,0
735.4144287,0
735.5328979,0
735.6514282,0
735.7699585,0
735.8884277,0
736.006958,0
736.1254272,0
736.2439575,0
736.3624878,0
736.480957,0
736.5994873,0
736.7180176,0
736.8364868,0
736.9550171,0
737.0734863,0
737.1920166,0
737.3105469,0
737.4290161,0
737.5475464,0
737.6660156,0
737.7845459,0
737.9030151,0.000100699835703057
738.0215454,0
738.1400146,0
738.2585449,0
738.3770752,0
738.4955444,0
738.6140747,0
738.7325439,0
738.8510742,0
738.9695435,0
739.0880737,0
739.206543,0
739.3250732,0
739.4435425,0
739.5620728,0
739.680542,0
739.7990723,0
739.9175415,0
740.0360107,0
740.154541,0
740.2730103,0
740.3915405,0
740.5100098,0
740.62854,0
740.7470093,0
740.8655396,0
740.9840088,0
741.102478,0
741.2210083,0
741.3394775,0
741.4580078,0
741.5764771,0
