0.000000E+00 0.000000E+00
1.001001E-03 2.498273E-02
2.002002E-03 3.331825E-02
3.003003E-03 3.882751E-02
4.004004E-03 4.079542E-02
5.005005E-03 4.180588E-02
6.006006E-03 4.281635E-02
7.007007E-03 4.382681E-02
8.008008E-03 4.483728E-02
9.009009E-03 4.584774E-02
1.001001E-02 4.685821E-02
1.101101E-02 4.786867E-02
1.201201E-02 4.887914E-02
1.301301E-02 4.988961E-02
1.401401E-02 5.054261E-02
1.501502E-02 5.115178E-02
1.601602E-02 5.176095E-02
1.701702E-02 5.237011E-02
1.801802E-02 5.297928E-02
1.901902E-02 5.358845E-02
2.002002E-02 5.419761E-02
2.102102E-02 5.480678E-02
2.202202E-02 5.541595E-02
2.302302E-02 5.602511E-02
2.402402E-02 5.663428E-02
2.502502E-02 5.724344E-02
2.602603E-02 5.785261E-02
2.702703E-02 5.846178E-02
2.802803E-02 5.907094E-02
2.902903E-02 5.968011E-02
3.003003E-02 6.018408E-02
3.103103E-02 6.057174E-02
3.203203E-02 6.095939E-02
3.303303E-02 6.134704E-02
3.403403E-02 6.173469E-02
3.503503E-02 6.212234E-02
3.603604E-02 6.250999E-02
3.703704E-02 6.289764E-02
3.803804E-02 6.328529E-02
3.903904E-02 6.367295E-02
4.004004E-02 6.406060E-02
4.104104E-02 6.444825E-02
4.204204E-02 6.483590E-02
4.304304E-02 6.522355E-02
4.404404E-02 6.561120E-02
4.504504E-02 6.599885E-02
4.604605E-02 6.638650E-02
4.704705E-02 6.677416E-02
4.804805E-02 6.716181E-02
4.904905E-02 6.754946E-02
5.005005E-02 6.793711E-02
5.105105E-02 6.832476E-02
5.205205E-02 6.871241E-02
5.305305E-02 6.910006E-02
5.405405E-02 6.948772E-02
5.505505E-02 6.987537E-02
5.605606E-02 7.019549E-02
5.705706E-02 7.048361E-02
5.805806E-02 7.077172E-02
5.905906E-02 7.105984E-02
6.006006E-02 7.134796E-02
6.106106E-02 7.163608E-02
6.206206E-02 7.192420E-02
6.306306E-02 7.221232E-02
6.406406E-02 7.250044E-02
6.506507E-02 7.278856E-02
6.606607E-02 7.307668E-02
6.706707E-02 7.336480E-02
6.806807E-02 7.365292E-02
6.906907E-02 7.394104E-02
7.007007E-02 7.422916E-02
7.107107E-02 7.451727E-02
7.207207E-02 7.480539E-02
7.307307E-02 7.509351E-02
7.407407E-02 7.538163E-02
7.507508E-02 7.566975E-02
7.607608E-02 7.595787E-02
7.707708E-02 7.624599E-02
7.807808E-02 7.653411E-02
7.907908E-02 7.682223E-02
8.008008E-02 7.711035E-02
8.108108E-02 7.739847E-02
8.208208E-02 7.768659E-02
8.308308E-02 7.797470E-02
8.408408E-02 7.826282E-02
8.508509E-02 7.855094E-02
8.608609E-02 7.883906E-02
8.708709E-02 7.912718E-02
8.808809E-02 7.941530E-02
8.908909E-02 7.970342E-02
9.009009E-02 7.999154E-02
9.109109E-02 8.020092E-02
9.209209E-02 8.040792E-02
9.309309E-02 8.061492E-02
9.409409E-02 8.082191E-02
9.509510E-02 8.102891E-02
9.609610E-02 8.123591E-02
9.709710E-02 8.144291E-02
9.809810E-02 8.164991E-02
9.909910E-02 8.185691E-02
1.001001E-01 8.206390E-02
1.011011E-01 8.227090E-02
1.021021E-01 8.247790E-02
1.031031E-01 8.268490E-02
1.041041E-01 8.289190E-02
1.051051E-01 8.309890E-02
1.061061E-01 8.330589E-02
1.071071E-01 8.351289E-02
1.081081E-01 8.371989E-02
1.091091E-01 8.392689E-02
1.101101E-01 8.413389E-02
1.111111E-01 8.434089E-02
1.121121E-01 8.454788E-02
1.131131E-01 8.475488E-02
1.141141E-01 8.496188E-02
1.151151E-01 8.516888E-02
1.161161E-01 8.537588E-02
1.171171E-01 8.558287E-02
1.181181E-01 8.578987E-02
1.191191E-01 8.599687E-02
1.201201E-01 8.620387E-02
1.211211E-01 8.641087E-02
1.221221E-01 8.661787E-02
1.231231E-01 8.682486E-02
1.241241E-01 8.703186E-02
1.251251E-01 8.723886E-02
1.261261E-01 8.744586E-02
1.271271E-01 8.765286E-02
1.281281E-01 8.785986E-02
1.291291E-01 8.806685E-02
1.301301E-01 8.827385E-02
1.311311E-01 8.848085E-02
1.321321E-01 8.868785E-02
1.331331E-01 8.889485E-02
1.341341E-01 8.910185E-02
1.351351E-01 8.930884E-02
1.361361E-01 8.951584E-02
1.371371E-01 8.972284E-02
1.381381E-01 8.992646E-02
1.391391E-01 9.009720E-02
1.401401E-01 9.024424E-02
1.411411E-01 9.039128E-02
1.421421E-01 9.053832E-02
1.431431E-01 9.068536E-02
1.441441E-01 9.083240E-02
1.451452E-01 9.097944E-02
1.461462E-01 9.112648E-02
1.471472E-01 9.127352E-02
1.481482E-01 9.142056E-02
1.491492E-01 9.156760E-02
1.501502E-01 9.171464E-02
1.511512E-01 9.186168E-02
1.521522E-01 9.200872E-02
1.531531E-01 9.215576E-02
1.541541E-01 9.230280E-02
1.551552E-01 9.244984E-02
1.561562E-01 9.259688E-02
1.571572E-01 9.274392E-02
1.581582E-01 9.289096E-02
1.591592E-01 9.303800E-02
1.601602E-01 9.318504E-02
1.611612E-01 9.333208E-02
1.621622E-01 9.347912E-02
1.631632E-01 9.362616E-02
1.641642E-01 9.377320E-02
1.651652E-01 9.392024E-02
1.661662E-01 9.406729E-02
1.671672E-01 9.421433E-02
1.681682E-01 9.436137E-02
1.691692E-01 9.450841E-02
1.701702E-01 9.465545E-02
1.711712E-01 9.480249E-02
1.721722E-01 9.494953E-02
1.731732E-01 9.509657E-02
1.741742E-01 9.524361E-02
1.751752E-01 9.539065E-02
1.761762E-01 9.553769E-02
1.771772E-01 9.568473E-02
1.781782E-01 9.583177E-02
1.791792E-01 9.597881E-02
1.801802E-01 9.612585E-02
1.811812E-01 9.627289E-02
1.821822E-01 9.641993E-02
1.831832E-01 9.656697E-02
1.841842E-01 9.671401E-02
1.851852E-01 9.686105E-02
1.861862E-01 9.700809E-02
1.871872E-01 9.715513E-02
1.881882E-01 9.730217E-02
1.891892E-01 9.744921E-02
1.901902E-01 9.759625E-02
1.911912E-01 9.774329E-02
1.921922E-01 9.789033E-02
1.931932E-01 9.803737E-02
1.941942E-01 9.818441E-02
1.951952E-01 9.833145E-02
1.961962E-01 9.847849E-02
1.971972E-01 9.862553E-02
1.981982E-01 9.877257E-02
1.991992E-01 9.891961E-02
2.002002E-01 9.906665E-02
2.012012E-01 9.921369E-02
2.022022E-01 9.936073E-02
2.032032E-01 9.950777E-02
2.042042E-01 9.965481E-02
2.052052E-01 9.980185E-02
2.062062E-01 9.994889E-02
2.072072E-01 1.000744E-01
2.082082E-01 1.001884E-01
2.092092E-01 1.003024E-01
2.102102E-01 1.004164E-01
2.112112E-01 1.005304E-01
2.122122E-01 1.006445E-01
2.132132E-01 1.007585E-01
2.142142E-01 1.008725E-01
2.152152E-01 1.009865E-01
2.162162E-01 1.011005E-01
2.172172E-01 1.012145E-01
2.182182E-01 1.013286E-01
2.192192E-01 1.014426E-01
2.202202E-01 1.015566E-01
2.212212E-01 1.016706E-01
2.222222E-01 1.017846E-01
2.232232E-01 1.018986E-01
2.242242E-01 1.020126E-01
2.252252E-01 1.021267E-01
2.262262E-01 1.022407E-01
2.272272E-01 1.023547E-01
2.282282E-01 1.024687E-01
2.292292E-01 1.025827E-01
2.302302E-01 1.026967E-01
2.312312E-01 1.028108E-01
2.322322E-01 1.029248E-01
2.332332E-01 1.030388E-01
2.342342E-01 1.031528E-01
2.352352E-01 1.032668E-01
2.362362E-01 1.033808E-01
2.372372E-01 1.034948E-01
2.382382E-01 1.036089E-01
2.392392E-01 1.037229E-01
2.402402E-01 1.038369E-01
2.412412E-01 1.039509E-01
2.422422E-01 1.040649E-01
2.432432E-01 1.041789E-01
2.442442E-01 1.042929E-01
2.452453E-01 1.044070E-01
2.462463E-01 1.045210E-01
2.472473E-01 1.046350E-01
2.482483E-01 1.047490E-01
2.492493E-01 1.048630E-01
2.502503E-01 1.049770E-01
2.512512E-01 1.050911E-01
2.522523E-01 1.052051E-01
2.532532E-01 1.053191E-01
2.542543E-01 1.054331E-01
2.552553E-01 1.055471E-01
2.562563E-01 1.056611E-01
2.572573E-01 1.057751E-01
2.582583E-01 1.058892E-01
2.592593E-01 1.060032E-01
2.602603E-01 1.061172E-01
2.612613E-01 1.062312E-01
2.622623E-01 1.063452E-01
2.632633E-01 1.064592E-01
2.642643E-01 1.065732E-01
2.652653E-01 1.066873E-01
2.662663E-01 1.068013E-01
2.672673E-01 1.069153E-01
2.682683E-01 1.070293E-01
2.692693E-01 1.071433E-01
2.702703E-01 1.072573E-01
2.712713E-01 1.073714E-01
2.722723E-01 1.074854E-01
2.732733E-01 1.075994E-01
2.742743E-01 1.077134E-01
2.752753E-01 1.078274E-01
2.762763E-01 1.079414E-01
2.772773E-01 1.080554E-01
2.782783E-01 1.081695E-01
2.792793E-01 1.082835E-01
2.802803E-01 1.083975E-01
2.812813E-01 1.085115E-01
2.822823E-01 1.086255E-01
2.832833E-01 1.087395E-01
2.842843E-01 1.088536E-01
2.852853E-01 1.089676E-01
2.862863E-01 1.090816E-01
2.872873E-01 1.091956E-01
2.882883E-01 1.093096E-01
2.892893E-01 1.094236E-01
2.902903E-01 1.095376E-01
2.912913E-01 1.096516E-01
2.922923E-01 1.097657E-01
2.932933E-01 1.098797E-01
2.942943E-01 1.100046E-01
2.952953E-01 1.101399E-01
2.962963E-01 1.102879E-01
2.972973E-01 1.104360E-01
2.982983E-01 1.105841E-01
2.992993E-01 1.107321E-01
3.003003E-01 1.108802E-01
3.013013E-01 1.110282E-01
3.023023E-01 1.111763E-01
3.033033E-01 1.113244E-01
3.043043E-01 1.114724E-01
3.053053E-01 1.116205E-01
3.063063E-01 1.117686E-01
3.073073E-01 1.119166E-01
3.083083E-01 1.120647E-01
3.093093E-01 1.122127E-01
3.103103E-01 1.123608E-01
3.113113E-01 1.125089E-01
3.123123E-01 1.126569E-01
3.133133E-01 1.128050E-01
3.143143E-01 1.129530E-01
3.153153E-01 1.131011E-01
3.163163E-01 1.132492E-01
3.173173E-01 1.133972E-01
3.183183E-01 1.135453E-01
3.193193E-01 1.136934E-01
3.203203E-01 1.138414E-01
3.213213E-01 1.139895E-01
3.223223E-01 1.141375E-01
3.233233E-01 1.142856E-01
3.243243E-01 1.144337E-01
3.253253E-01 1.145817E-01
3.263263E-01 1.147298E-01
3.273273E-01 1.148778E-01
3.283283E-01 1.150259E-01
3.293293E-01 1.151740E-01
3.303303E-01 1.153220E-01
3.313313E-01 1.154701E-01
3.323323E-01 1.156181E-01
3.333333E-01 1.157662E-01
3.343343E-01 1.159143E-01
3.353353E-01 1.160623E-01
3.363363E-01 1.162104E-01
3.373373E-01 1.163585E-01
3.383383E-01 1.165065E-01
3.393393E-01 1.166546E-01
3.403403E-01 1.168026E-01
3.413413E-01 1.169507E-01
3.423423E-01 1.170988E-01
3.433433E-01 1.172468E-01
3.443443E-01 1.173949E-01
3.453454E-01 1.175429E-01
3.463464E-01 1.176910E-01
3.473474E-01 1.178391E-01
3.483483E-01 1.179871E-01
3.493494E-01 1.181352E-01
3.503503E-01 1.182833E-01
3.513514E-01 1.184313E-01
3.523523E-01 1.185794E-01
3.533534E-01 1.187274E-01
3.543543E-01 1.188755E-01
3.553554E-01 1.190236E-01
3.563564E-01 1.191716E-01
3.573574E-01 1.193197E-01
3.583584E-01 1.194677E-01
3.593594E-01 1.196158E-01
3.603604E-01 1.197639E-01
3.613614E-01 1.199119E-01
3.623624E-01 1.200726E-01
3.633634E-01 1.202517E-01
3.643644E-01 1.204309E-01
3.653654E-01 1.206101E-01
3.663664E-01 1.207893E-01
3.673674E-01 1.209684E-01
3.683684E-01 1.211476E-01
3.693694E-01 1.213268E-01
3.703704E-01 1.215059E-01
3.713714E-01 1.216851E-01
3.723724E-01 1.218643E-01
3.733734E-01 1.220434E-01
3.743744E-01 1.222226E-01
3.753754E-01 1.224018E-01
3.763764E-01 1.225809E-01
3.773774E-01 1.227601E-01
3.783784E-01 1.229393E-01
3.793794E-01 1.231184E-01
3.803804E-01 1.232976E-01
3.813814E-01 1.234768E-01
3.823824E-01 1.236559E-01
3.833834E-01 1.238351E-01
3.843844E-01 1.240142E-01
3.853854E-01 1.241934E-01
3.863864E-01 1.243726E-01
3.873874E-01 1.245518E-01
3.883884E-01 1.247309E-01
3.893894E-01 1.249101E-01
3.903904E-01 1.250892E-01
3.913914E-01 1.252684E-01
3.923924E-01 1.254476E-01
3.933934E-01 1.256267E-01
3.943944E-01 1.258059E-01
3.953954E-01 1.259851E-01
3.963964E-01 1.261642E-01
3.973974E-01 1.263434E-01
3.983984E-01 1.265226E-01
3.993994E-01 1.267017E-01
4.004004E-01 1.268809E-01
4.014014E-01 1.270601E-01
4.024024E-01 1.272392E-01
4.034034E-01 1.274184E-01
4.044044E-01 1.275976E-01
4.054054E-01 1.277767E-01
4.064064E-01 1.279559E-01
4.074074E-01 1.281351E-01
4.084084E-01 1.283142E-01
4.094094E-01 1.284934E-01
4.104104E-01 1.286726E-01
4.114114E-01 1.288517E-01
4.124124E-01 1.290309E-01
4.134134E-01 1.292101E-01
4.144144E-01 1.293892E-01
4.154154E-01 1.295684E-01
4.164164E-01 1.297476E-01
4.174174E-01 1.299238E-01
4.184184E-01 1.300713E-01
4.194194E-01 1.301996E-01
4.204204E-01 1.303250E-01
4.214214E-01 1.304504E-01
4.224224E-01 1.305758E-01
4.234234E-01 1.307012E-01
4.244244E-01 1.308266E-01
4.254254E-01 1.309521E-01
4.264264E-01 1.310775E-01
4.274274E-01 1.312029E-01
4.284284E-01 1.313283E-01
4.294294E-01 1.314537E-01
4.304304E-01 1.315791E-01
4.314314E-01 1.317046E-01
4.324324E-01 1.318300E-01
4.334334E-01 1.319554E-01
4.344344E-01 1.320808E-01
4.354354E-01 1.322062E-01
4.364364E-01 1.323316E-01
4.374374E-01 1.324571E-01
4.384384E-01 1.325825E-01
4.394394E-01 1.327079E-01
4.404404E-01 1.328333E-01
4.414414E-01 1.329587E-01
4.424424E-01 1.330841E-01
4.434434E-01 1.332096E-01
4.444444E-01 1.333350E-01
4.454455E-01 1.334604E-01
4.464464E-01 1.335858E-01
4.474475E-01 1.337112E-01
4.484485E-01 1.338366E-01
4.494494E-01 1.339621E-01
4.504505E-01 1.340875E-01
4.514514E-01 1.342129E-01
4.524525E-01 1.343383E-01
4.534534E-01 1.344637E-01
4.544545E-01 1.345891E-01
4.554555E-01 1.347146E-01
4.564565E-01 1.348400E-01
4.574575E-01 1.349654E-01
4.584585E-01 1.350908E-01
4.594595E-01 1.352162E-01
4.604605E-01 1.353416E-01
4.614615E-01 1.354671E-01
4.624625E-01 1.355925E-01
4.634635E-01 1.357179E-01
4.644645E-01 1.358433E-01
4.654655E-01 1.359687E-01
4.664665E-01 1.360941E-01
4.674675E-01 1.362195E-01
4.684685E-01 1.363450E-01
4.694695E-01 1.364704E-01
4.704705E-01 1.365958E-01
4.714715E-01 1.367212E-01
4.724725E-01 1.368466E-01
4.734735E-01 1.369720E-01
4.744745E-01 1.370975E-01
4.754755E-01 1.372229E-01
4.764765E-01 1.373483E-01
4.774775E-01 1.374737E-01
4.784785E-01 1.375991E-01
4.794795E-01 1.377246E-01
4.804805E-01 1.378500E-01
4.814815E-01 1.379754E-01
4.824825E-01 1.381008E-01
4.834835E-01 1.382262E-01
4.844845E-01 1.383516E-01
4.854855E-01 1.384770E-01
4.864865E-01 1.386025E-01
4.874875E-01 1.387279E-01
4.884885E-01 1.388533E-01
4.894895E-01 1.389787E-01
4.904905E-01 1.391041E-01
4.914915E-01 1.392296E-01
4.924925E-01 1.393550E-01
4.934935E-01 1.394804E-01
4.944945E-01 1.396058E-01
4.954955E-01 1.397312E-01
4.964965E-01 1.398566E-01
4.974975E-01 1.399821E-01
4.984985E-01 1.400731E-01
4.994995E-01 1.401584E-01
5.005005E-01 1.402436E-01
5.015015E-01 1.403289E-01
5.025025E-01 1.404142E-01
5.035035E-01 1.404995E-01
5.045045E-01 1.405848E-01
5.055055E-01 1.406701E-01
5.065065E-01 1.407553E-01
5.075075E-01 1.408406E-01
5.085085E-01 1.409259E-01
5.095095E-01 1.410112E-01
5.105105E-01 1.410965E-01
5.115115E-01 1.411818E-01
5.125125E-01 1.412670E-01
5.135135E-01 1.413523E-01
5.145145E-01 1.414376E-01
5.155155E-01 1.415229E-01
5.165165E-01 1.416082E-01
5.175175E-01 1.416935E-01
5.185185E-01 1.417787E-01
5.195195E-01 1.418640E-01
5.205205E-01 1.419493E-01
5.215215E-01 1.420346E-01
5.225225E-01 1.421199E-01
5.235235E-01 1.422052E-01
5.245245E-01 1.422904E-01
5.255255E-01 1.423757E-01
5.265265E-01 1.424610E-01
5.275275E-01 1.425463E-01
5.285285E-01 1.426316E-01
5.295295E-01 1.427169E-01
5.305305E-01 1.428021E-01
5.315315E-01 1.428874E-01
5.325325E-01 1.429727E-01
5.335335E-01 1.430580E-01
5.345345E-01 1.431433E-01
5.355355E-01 1.432286E-01
5.365365E-01 1.433138E-01
5.375375E-01 1.433991E-01
5.385385E-01 1.434844E-01
5.395395E-01 1.435697E-01
5.405405E-01 1.436550E-01
5.415415E-01 1.437403E-01
5.425425E-01 1.438255E-01
5.435435E-01 1.439108E-01
5.445445E-01 1.439961E-01
5.455456E-01 1.440814E-01
5.465465E-01 1.441667E-01
5.475475E-01 1.442520E-01
5.485486E-01 1.443372E-01
5.495496E-01 1.444225E-01
5.505505E-01 1.445078E-01
5.515516E-01 1.445931E-01
5.525526E-01 1.446784E-01
5.535535E-01 1.447637E-01
5.545545E-01 1.448489E-01
5.555556E-01 1.449342E-01
5.565566E-01 1.450195E-01
5.575576E-01 1.451048E-01
5.585586E-01 1.451901E-01
5.595596E-01 1.452754E-01
5.605606E-01 1.453606E-01
5.615616E-01 1.454459E-01
5.625626E-01 1.455312E-01
5.635636E-01 1.456165E-01
5.645646E-01 1.457018E-01
5.655656E-01 1.457871E-01
5.665666E-01 1.458723E-01
5.675676E-01 1.459576E-01
5.685686E-01 1.460429E-01
5.695696E-01 1.461282E-01
5.705706E-01 1.462135E-01
5.715716E-01 1.462988E-01
5.725726E-01 1.463840E-01
5.735736E-01 1.464693E-01
5.745746E-01 1.465546E-01
5.755756E-01 1.466399E-01
5.765766E-01 1.467252E-01
5.775776E-01 1.468105E-01
5.785786E-01 1.468957E-01
5.795796E-01 1.469810E-01
5.805806E-01 1.470663E-01
5.815816E-01 1.471516E-01
5.825826E-01 1.472369E-01
5.835836E-01 1.473222E-01
5.845846E-01 1.474074E-01
5.855856E-01 1.474927E-01
5.865866E-01 1.475780E-01
5.875876E-01 1.476633E-01
5.885886E-01 1.477486E-01
5.895896E-01 1.478339E-01
5.905906E-01 1.479191E-01
5.915916E-01 1.480044E-01
5.925926E-01 1.480897E-01
5.935936E-01 1.481750E-01
5.945946E-01 1.482603E-01
5.955956E-01 1.483456E-01
5.965966E-01 1.484308E-01
5.975976E-01 1.485161E-01
5.985986E-01 1.486014E-01
5.995996E-01 1.486867E-01
6.006006E-01 1.487720E-01
6.016016E-01 1.488573E-01
6.026026E-01 1.489425E-01
6.036036E-01 1.490278E-01
6.046046E-01 1.491131E-01
6.056056E-01 1.491984E-01
6.066066E-01 1.492837E-01
6.076076E-01 1.493690E-01
6.086086E-01 1.494542E-01
6.096096E-01 1.495395E-01
6.106106E-01 1.496248E-01
6.116116E-01 1.497101E-01
6.126126E-01 1.497954E-01
6.136136E-01 1.498807E-01
6.146146E-01 1.499671E-01
6.156156E-01 1.500541E-01
6.166166E-01 1.501422E-01
6.176176E-01 1.502310E-01
6.186186E-01 1.503199E-01
6.196196E-01 1.504087E-01
6.206206E-01 1.504975E-01
6.216216E-01 1.505864E-01
6.226226E-01 1.506752E-01
6.236236E-01 1.507641E-01
6.246246E-01 1.508529E-01
6.256256E-01 1.509417E-01
6.266266E-01 1.510306E-01
6.276276E-01 1.511194E-01
6.286286E-01 1.512082E-01
6.296296E-01 1.512971E-01
6.306306E-01 1.513859E-01
6.316316E-01 1.514747E-01
6.326326E-01 1.515636E-01
6.336336E-01 1.516524E-01
6.346346E-01 1.517413E-01
6.356356E-01 1.518301E-01
6.366366E-01 1.519189E-01
6.376376E-01 1.520078E-01
6.386386E-01 1.520966E-01
6.396396E-01 1.521854E-01
6.406406E-01 1.522743E-01
6.416416E-01 1.523631E-01
6.426426E-01 1.524520E-01
6.436436E-01 1.525408E-01
6.446446E-01 1.526296E-01
6.456456E-01 1.527185E-01
6.466466E-01 1.528073E-01
6.476477E-01 1.528961E-01
6.486487E-01 1.529850E-01
6.496496E-01 1.530738E-01
6.506507E-01 1.531626E-01
6.516517E-01 1.532515E-01
6.526526E-01 1.533403E-01
6.536536E-01 1.534292E-01
6.546547E-01 1.535180E-01
6.556557E-01 1.536068E-01
6.566567E-01 1.536957E-01
6.576577E-01 1.537845E-01
6.586587E-01 1.538733E-01
6.596597E-01 1.539622E-01
6.606607E-01 1.540510E-01
6.616617E-01 1.541398E-01
6.626627E-01 1.542287E-01
6.636637E-01 1.543175E-01
6.646647E-01 1.544064E-01
6.656657E-01 1.544952E-01
6.666667E-01 1.545840E-01
6.676677E-01 1.546729E-01
6.686687E-01 1.547617E-01
6.696697E-01 1.548505E-01
6.706707E-01 1.549394E-01
6.716717E-01 1.550282E-01
6.726727E-01 1.551171E-01
6.736737E-01 1.552059E-01
6.746747E-01 1.552947E-01
6.756757E-01 1.553836E-01
6.766767E-01 1.554724E-01
6.776777E-01 1.555612E-01
6.786787E-01 1.556501E-01
6.796797E-01 1.557389E-01
6.806807E-01 1.558277E-01
6.816817E-01 1.559166E-01
6.826827E-01 1.560054E-01
6.836837E-01 1.560942E-01
6.846847E-01 1.561831E-01
6.856857E-01 1.562719E-01
6.866867E-01 1.563608E-01
6.876877E-01 1.564496E-01
6.886887E-01 1.565384E-01
6.896897E-01 1.566273E-01
6.906907E-01 1.567161E-01
6.916917E-01 1.568050E-01
6.926927E-01 1.568938E-01
6.936937E-01 1.569826E-01
6.946947E-01 1.570715E-01
6.956957E-01 1.571603E-01
6.966967E-01 1.572491E-01
6.976977E-01 1.573380E-01
6.986987E-01 1.574268E-01
6.996997E-01 1.575156E-01
7.007007E-01 1.576045E-01
7.017017E-01 1.576933E-01
7.027027E-01 1.577822E-01
7.037037E-01 1.578710E-01
7.047047E-01 1.579598E-01
7.057057E-01 1.580487E-01
7.067067E-01 1.581375E-01
7.077077E-01 1.582263E-01
7.087087E-01 1.583152E-01
7.097097E-01 1.584040E-01
7.107107E-01 1.584928E-01
7.117117E-01 1.585817E-01
7.127127E-01 1.586705E-01
7.137137E-01 1.587594E-01
7.147147E-01 1.588482E-01
7.157157E-01 1.589370E-01
7.167167E-01 1.590259E-01
7.177177E-01 1.591147E-01
7.187187E-01 1.592035E-01
7.197197E-01 1.592924E-01
7.207207E-01 1.593812E-01
7.217217E-01 1.594701E-01
7.227227E-01 1.595589E-01
7.237237E-01 1.596477E-01
7.247247E-01 1.597366E-01
7.257257E-01 1.598254E-01
7.267267E-01 1.599142E-01
7.277277E-01 1.600017E-01
7.287287E-01 1.600513E-01
7.297297E-01 1.601009E-01
7.307307E-01 1.601505E-01
7.317317E-01 1.602001E-01
7.327327E-01 1.602496E-01
7.337337E-01 1.602992E-01
7.347347E-01 1.603488E-01
7.357357E-01 1.603984E-01
7.367367E-01 1.604480E-01
7.377377E-01 1.604976E-01
7.387387E-01 1.605471E-01
7.397397E-01 1.605967E-01
7.407407E-01 1.606463E-01
7.417417E-01 1.606959E-01
7.427427E-01 1.607455E-01
7.437437E-01 1.607951E-01
7.447447E-01 1.608446E-01
7.457457E-01 1.608942E-01
7.467468E-01 1.609438E-01
7.477478E-01 1.609934E-01
7.487487E-01 1.610430E-01
7.497497E-01 1.610926E-01
7.507508E-01 1.611421E-01
7.517518E-01 1.611917E-01
7.527527E-01 1.612413E-01
7.537538E-01 1.612909E-01
7.547548E-01 1.613405E-01
7.557558E-01 1.613901E-01
7.567568E-01 1.614396E-01
7.577578E-01 1.614892E-01
7.587588E-01 1.615388E-01
7.597598E-01 1.615884E-01
7.607608E-01 1.616380E-01
7.617618E-01 1.616876E-01
7.627628E-01 1.617371E-01
7.637638E-01 1.617867E-01
7.647648E-01 1.618363E-01
7.657658E-01 1.618859E-01
7.667668E-01 1.619355E-01
7.677678E-01 1.619851E-01
7.687688E-01 1.620346E-01
7.697698E-01 1.620842E-01
7.707708E-01 1.621338E-01
7.717718E-01 1.621834E-01
7.727728E-01 1.622330E-01
7.737738E-01 1.622826E-01
7.747748E-01 1.623321E-01
7.757758E-01 1.623817E-01
7.767768E-01 1.624313E-01
7.777778E-01 1.624809E-01
7.787788E-01 1.625305E-01
7.797798E-01 1.625801E-01
7.807808E-01 1.626296E-01
7.817818E-01 1.626792E-01
7.827828E-01 1.627288E-01
7.837838E-01 1.627784E-01
7.847848E-01 1.628280E-01
7.857858E-01 1.628775E-01
7.867868E-01 1.629271E-01
7.877878E-01 1.629767E-01
7.887888E-01 1.630263E-01
7.897898E-01 1.630759E-01
7.907908E-01 1.631255E-01
7.917918E-01 1.631750E-01
7.927928E-01 1.632246E-01
7.937938E-01 1.632742E-01
7.947948E-01 1.633238E-01
7.957958E-01 1.633734E-01
7.967968E-01 1.634230E-01
7.977978E-01 1.634725E-01
7.987988E-01 1.635221E-01
7.997998E-01 1.635717E-01
8.008008E-01 1.636213E-01
8.018018E-01 1.636709E-01
8.028028E-01 1.637205E-01
8.038038E-01 1.637700E-01
8.048048E-01 1.638196E-01
8.058058E-01 1.638692E-01
8.068068E-01 1.639188E-01
8.078078E-01 1.639684E-01
8.088088E-01 1.640180E-01
8.098098E-01 1.640675E-01
8.108108E-01 1.641171E-01
8.118118E-01 1.641667E-01
8.128128E-01 1.642163E-01
8.138138E-01 1.642659E-01
8.148148E-01 1.643155E-01
8.158158E-01 1.643650E-01
8.168168E-01 1.644146E-01
8.178178E-01 1.644642E-01
8.188188E-01 1.645138E-01
8.198198E-01 1.645634E-01
8.208208E-01 1.646130E-01
8.218218E-01 1.646625E-01
8.228228E-01 1.647121E-01
8.238238E-01 1.647617E-01
8.248248E-01 1.648113E-01
8.258258E-01 1.648609E-01
8.268268E-01 1.649105E-01
8.278278E-01 1.649600E-01
8.288288E-01 1.650096E-01
8.298298E-01 1.650592E-01
8.308308E-01 1.651088E-01
8.318318E-01 1.651584E-01
8.328328E-01 1.652080E-01
8.338338E-01 1.652575E-01
8.348348E-01 1.653071E-01
8.358358E-01 1.653567E-01
8.368368E-01 1.654063E-01
8.378378E-01 1.654559E-01
8.388388E-01 1.655055E-01
8.398398E-01 1.655550E-01
8.408408E-01 1.656046E-01
8.418418E-01 1.656542E-01
8.428428E-01 1.657038E-01
8.438438E-01 1.657534E-01
8.448448E-01 1.658030E-01
8.458459E-01 1.658525E-01
8.468469E-01 1.659021E-01
8.478478E-01 1.659517E-01
8.488488E-01 1.660013E-01
8.498499E-01 1.660509E-01
8.508509E-01 1.661005E-01
8.518518E-01 1.661500E-01
8.528529E-01 1.661996E-01
8.538539E-01 1.662492E-01
8.548549E-01 1.662988E-01
8.558559E-01 1.663484E-01
8.568569E-01 1.663980E-01
8.578579E-01 1.664475E-01
8.588589E-01 1.664971E-01
8.598599E-01 1.665467E-01
8.608609E-01 1.665963E-01
8.618619E-01 1.666459E-01
8.628629E-01 1.666955E-01
8.638639E-01 1.667450E-01
8.648649E-01 1.667946E-01
8.658659E-01 1.668442E-01
8.668669E-01 1.668938E-01
8.678679E-01 1.669434E-01
8.688689E-01 1.669930E-01
8.698699E-01 1.670425E-01
8.708709E-01 1.670921E-01
8.718719E-01 1.671417E-01
8.728729E-01 1.671913E-01
8.738739E-01 1.672409E-01
8.748749E-01 1.672905E-01
8.758759E-01 1.673400E-01
8.768769E-01 1.673896E-01
8.778779E-01 1.674392E-01
8.788789E-01 1.674888E-01
8.798799E-01 1.675384E-01
8.808809E-01 1.675880E-01
8.818819E-01 1.676375E-01
8.828829E-01 1.676871E-01
8.838839E-01 1.677367E-01
8.848849E-01 1.677863E-01
8.858859E-01 1.678359E-01
8.868869E-01 1.678855E-01
8.878879E-01 1.679350E-01
8.888889E-01 1.679846E-01
8.898899E-01 1.680342E-01
8.908909E-01 1.680838E-01
8.918919E-01 1.681334E-01
8.928929E-01 1.681830E-01
8.938939E-01 1.682325E-01
8.948949E-01 1.682821E-01
8.958959E-01 1.683317E-01
8.968969E-01 1.683813E-01
8.978979E-01 1.684309E-01
8.988989E-01 1.684805E-01
8.998999E-01 1.685300E-01
9.009009E-01 1.685796E-01
9.019019E-01 1.686292E-01
9.029029E-01 1.686788E-01
9.039039E-01 1.687284E-01
9.049049E-01 1.687780E-01
9.059059E-01 1.688275E-01
9.069069E-01 1.688771E-01
9.079079E-01 1.689267E-01
9.089089E-01 1.689763E-01
9.099099E-01 1.690259E-01
9.109109E-01 1.690755E-01
9.119119E-01 1.691250E-01
9.129129E-01 1.691746E-01
9.139139E-01 1.692242E-01
9.149149E-01 1.692738E-01
9.159159E-01 1.693234E-01
9.169169E-01 1.693730E-01
9.179179E-01 1.694225E-01
9.189189E-01 1.694721E-01
9.199199E-01 1.695217E-01
9.209209E-01 1.695713E-01
9.219219E-01 1.696209E-01
9.229229E-01 1.696705E-01
9.239239E-01 1.697200E-01
9.249249E-01 1.697696E-01
9.259259E-01 1.698192E-01
9.269269E-01 1.698688E-01
9.279279E-01 1.699225E-01
9.289289E-01 1.699960E-01
9.299299E-01 1.700695E-01
9.309309E-01 1.701924E-01
9.319319E-01 1.703346E-01
9.329329E-01 1.704767E-01
9.339339E-01 1.706188E-01
9.349349E-01 1.707610E-01
9.359359E-01 1.709031E-01
9.369369E-01 1.710453E-01
9.379379E-01 1.711874E-01
9.389389E-01 1.713295E-01
9.399399E-01 1.714717E-01
9.409409E-01 1.716138E-01
9.419419E-01 1.717559E-01
9.429429E-01 1.718981E-01
9.439439E-01 1.720402E-01
9.449449E-01 1.721824E-01
9.459460E-01 1.723245E-01
9.469469E-01 1.724666E-01
9.479479E-01 1.726088E-01
9.489490E-01 1.727509E-01
9.499500E-01 1.728931E-01
9.509509E-01 1.730352E-01
9.519519E-01 1.731773E-01
9.529530E-01 1.733195E-01
9.539540E-01 1.734616E-01
9.549549E-01 1.736038E-01
9.559560E-01 1.737459E-01
9.569570E-01 1.738880E-01
9.579580E-01 1.740302E-01
9.589590E-01 1.741723E-01
9.599600E-01 1.743145E-01
9.609610E-01 1.744566E-01
9.619620E-01 1.745987E-01
9.629630E-01 1.747409E-01
9.639640E-01 1.748830E-01
9.649650E-01 1.750251E-01
9.659660E-01 1.751673E-01
9.669670E-01 1.753094E-01
9.679680E-01 1.754516E-01
9.689690E-01 1.755937E-01
9.699700E-01 1.757358E-01
9.709710E-01 1.758780E-01
9.719720E-01 1.760201E-01
9.729730E-01 1.761623E-01
9.739740E-01 1.763044E-01
9.749750E-01 1.764465E-01
9.759760E-01 1.765887E-01
9.769770E-01 1.767308E-01
9.779780E-01 1.768730E-01
9.789790E-01 1.770151E-01
9.799800E-01 1.771572E-01
9.809810E-01 1.772994E-01
9.819820E-01 1.774415E-01
9.829830E-01 1.775836E-01
9.839840E-01 1.777258E-01
9.849850E-01 1.778679E-01
9.859860E-01 1.780101E-01
9.869870E-01 1.781522E-01
9.879880E-01 1.782943E-01
9.889890E-01 1.784365E-01
9.899900E-01 1.785786E-01
9.909910E-01 1.787208E-01
9.919920E-01 1.788629E-01
9.929930E-01 1.790050E-01
9.939940E-01 1.791472E-01
9.949950E-01 1.792893E-01
9.959960E-01 1.794314E-01
9.969970E-01 1.795736E-01
9.979980E-01 1.797157E-01
9.989990E-01 1.798579E-01
1.000000E+00 1.800000E-01
