   3.9215686e-03	
   2.4728838e-01	
   2.6024157e-01	
   2.6715910e-01	
   2.7148912e-01	
   2.7480181e-01	
   2.7737271e-01	
   2.8006757e-01	
   2.8283328e-01	
   2.8552564e-01	
   2.8819306e-01	
   2.9080887e-01	
   2.9329624e-01	
   2.9567901e-01	
   2.9801021e-01	
   3.0016535e-01	
   3.0233187e-01	
   3.0456667e-01	
   3.0672278e-01	
   3.0876624e-01	
   3.1086128e-01	
   3.1300953e-01	
   3.1626682e-01	
   3.1948772e-01	
   3.2223975e-01	
   3.2464648e-01	
   3.2720850e-01	
   3.2983413e-01	
   3.3235916e-01	
   3.3482968e-01	
   3.3726714e-01	
   3.3996019e-01	
   3.4269074e-01	
   3.4545921e-01	
   3.4827546e-01	
   3.5109807e-01	
   3.5383592e-01	
   3.5641035e-01	
   3.5932073e-01	
   3.6333309e-01	
   3.6694830e-01	
   3.6995555e-01	
   3.7289022e-01	
   3.7603614e-01	
   3.7929786e-01	
   3.8224481e-01	
   3.8508220e-01	
   3.8808630e-01	
   3.9113384e-01	
   3.9430378e-01	
   3.9746926e-01	
   4.0051386e-01	
   4.0336925e-01	
   4.0650472e-01	
   4.0961831e-01	
   4.1314088e-01	
   4.1830024e-01	
   4.2210939e-01	
   4.2521359e-01	
   4.2822169e-01	
   4.3124335e-01	
   4.3452783e-01	
   4.3746089e-01	
   4.4046752e-01	
   4.4371516e-01	
   4.4670964e-01	
   4.4984646e-01	
   4.5304810e-01	
   4.5617934e-01	
   4.5918221e-01	
   4.6219612e-01	
   4.6513951e-01	
   4.6779730e-01	
   4.7016081e-01	
   4.7313030e-01	
   4.7653779e-01	
   4.7994624e-01	
   4.8309982e-01	
   4.8627431e-01	
   4.8940744e-01	
   4.9244545e-01	
   4.9545675e-01	
   4.9843192e-01	
   5.0115345e-01	
   5.0408334e-01	
   5.0709261e-01	
   5.1009478e-01	
   5.1314859e-01	
   5.1633394e-01	
   5.2094531e-01	
   5.2532086e-01	
   5.2887838e-01	
   5.3207486e-01	
   5.3511428e-01	
   5.3814203e-01	
   5.4129507e-01	
   5.4415134e-01	
   5.4709791e-01	
   5.5007782e-01	
   5.5303934e-01	
   5.5606411e-01	
   5.5920623e-01	
   5.6216104e-01	
   5.6490780e-01	
   5.6789359e-01	
   5.7124560e-01	
   5.7478778e-01	
   5.7839856e-01	
   5.8168870e-01	
   5.8457596e-01	
   5.8762067e-01	
   5.9076966e-01	
   5.9375109e-01	
   5.9662373e-01	
   5.9968882e-01	
   6.0250008e-01	
   6.0547673e-01	
   6.0859131e-01	
   6.1151735e-01	
   6.1450985e-01	
   6.1734169e-01	
   6.2020870e-01	
   6.2388448e-01	
   6.2856497e-01	
   6.3220335e-01	
   6.3524891e-01	
   6.3812767e-01	
   6.4107093e-01	
   6.4408263e-01	
   6.4714579e-01	
   6.4988011e-01	
   6.5269001e-01	
   6.5559714e-01	
   6.5866224e-01	
   6.6149936e-01	
   6.6457176e-01	
   6.6760454e-01	
   6.7021722e-01	
   6.7282417e-01	
   6.7627884e-01	
   6.8019619e-01	
   6.8322493e-01	
   6.8610193e-01	
   6.8886484e-01	
   6.9166771e-01	
   6.9449854e-01	
   6.9722944e-01	
   7.0004031e-01	
   7.0288714e-01	
   7.0573864e-01	
   7.0873704e-01	
   7.1148709e-01	
   7.1413659e-01	
   7.1702986e-01	
   7.1971872e-01	
   7.2262258e-01	
   7.2638621e-01	
   7.3056984e-01	
   7.3375424e-01	
   7.3658751e-01	
   7.3934547e-01	
   7.4207182e-01	
   7.4478115e-01	
   7.4757266e-01	
   7.5006625e-01	
   7.5223019e-01	
   7.5485801e-01	
   7.5766201e-01	
   7.6034616e-01	
   7.6307579e-01	
   7.6574498e-01	
   7.6831227e-01	
   7.7150534e-01	
   7.7510310e-01	
   7.7827572e-01	
   7.8100892e-01	
   7.8342207e-01	
   7.8606564e-01	
   7.8883511e-01	
   7.9157199e-01	
   7.9419861e-01	
   7.9679705e-01	
   7.9940017e-01	
   8.0212858e-01	
   8.0484544e-01	
   8.0747188e-01	
   8.1008460e-01	
   8.1270702e-01	
   8.1535101e-01	
   8.1886997e-01	
   8.2296796e-01	
   8.2620610e-01	
   8.2883772e-01	
   8.3116094e-01	
   8.3390021e-01	
   8.3653405e-01	
   8.3902005e-01	
   8.4163578e-01	
   8.4426134e-01	
   8.4688521e-01	
   8.4949454e-01	
   8.5204598e-01	
   8.5452215e-01	
   8.5703739e-01	
   8.5960878e-01	
   8.6229921e-01	
   8.6472921e-01	
   8.6713047e-01	
   8.6963275e-01	
   8.7215633e-01	
   8.7469878e-01	
   8.7731437e-01	
   8.7983088e-01	
   8.8227355e-01	
   8.8478651e-01	
   8.8732799e-01	
   8.8990738e-01	
   8.9245134e-01	
   8.9505213e-01	
   8.9776987e-01	
   9.0017673e-01	
   9.0266411e-01	
   9.0549921e-01	
   9.0971194e-01	
   9.1285041e-01	
   9.1557607e-01	
   9.1817000e-01	
   9.2084257e-01	
   9.2335334e-01	
   9.2581535e-01	
   9.2835635e-01	
   9.3088531e-01	
   9.3339685e-01	
   9.3560846e-01	
   9.3785398e-01	
   9.4019829e-01	
   9.4254300e-01	
   9.4488799e-01	
   9.4753623e-01	
   9.5045384e-01	
   9.5360278e-01	
   9.5652577e-01	
   9.5902249e-01	
   9.6148218e-01	
   9.6398989e-01	
   9.6644877e-01	
   9.6887360e-01	
   9.7117696e-01	
   9.7351922e-01	
   9.7591879e-01	
   9.7927565e-01	
   9.8331290e-01	
   9.8760634e-01	
   9.9164807e-01	
   9.9587041e-01	
   1.0000000e+00	
