   4.3137255e-02	
   2.8764938e-01	
   2.9672206e-01	
   3.0196802e-01	
   3.0562054e-01	
   3.0829570e-01	
   3.1078012e-01	
   3.1310524e-01	
   3.1512178e-01	
   3.1702607e-01	
   3.1871540e-01	
   3.2030071e-01	
   3.2188534e-01	
   3.2346724e-01	
   3.2504914e-01	
   3.2656394e-01	
   3.2805280e-01	
   3.2954577e-01	
   3.3108190e-01	
   3.3261804e-01	
   3.3415137e-01	
   3.3568227e-01	
   3.3721318e-01	
   3.3880904e-01	
   3.4040672e-01	
   3.4207181e-01	
   3.4379958e-01	
   3.4566374e-01	
   3.4794046e-01	
   3.5000947e-01	
   3.5189132e-01	
   3.5379685e-01	
   3.5573225e-01	
   3.5771728e-01	
   3.5977200e-01	
   3.6184853e-01	
   3.6394624e-01	
   3.6604321e-01	
   3.6813974e-01	
   3.7107984e-01	
   3.7437998e-01	
   3.7755504e-01	
   3.8038573e-01	
   3.8290174e-01	
   3.8542419e-01	
   3.8795578e-01	
   3.9066801e-01	
   3.9336773e-01	
   3.9602572e-01	
   3.9878697e-01	
   4.0138985e-01	
   4.0386720e-01	
   4.0637316e-01	
   4.0894741e-01	
   4.1161761e-01	
   4.1435708e-01	
   4.1707802e-01	
   4.1977150e-01	
   4.2237195e-01	
   4.2500228e-01	
   4.2766824e-01	
   4.3047278e-01	
   4.3334005e-01	
   4.3618376e-01	
   4.3891721e-01	
   4.4173461e-01	
   4.4477823e-01	
   4.4826705e-01	
   4.5226249e-01	
   4.5596066e-01	
   4.5916401e-01	
   4.6206801e-01	
   4.6531272e-01	
   4.6796256e-01	
   4.7013822e-01	
   4.7299679e-01	
   4.7621360e-01	
   4.7944073e-01	
   4.8235048e-01	
   4.8533623e-01	
   4.8832269e-01	
   4.9155858e-01	
   4.9512150e-01	
   4.9835057e-01	
   5.0077470e-01	
   5.0349248e-01	
   5.0649279e-01	
   5.0949775e-01	
   5.1250093e-01	
   5.1538430e-01	
   5.1822565e-01	
   5.2123659e-01	
   5.2381819e-01	
   5.2654077e-01	
   5.2968649e-01	
   5.3339138e-01	
   5.3784055e-01	
   5.4138210e-01	
   5.4431230e-01	
   5.4715725e-01	
   5.4996634e-01	
   5.5276637e-01	
   5.5563156e-01	
   5.5859414e-01	
   5.6158575e-01	
   5.6447099e-01	
   5.6730389e-01	
   5.7007986e-01	
   5.7283528e-01	
   5.7583164e-01	
   5.7968144e-01	
   5.8310690e-01	
   5.8603908e-01	
   5.8880699e-01	
   5.9174767e-01	
   5.9481667e-01	
   5.9770902e-01	
   6.0050333e-01	
   6.0348595e-01	
   6.0653060e-01	
   6.0940022e-01	
   6.1219059e-01	
   6.1537291e-01	
   6.1935050e-01	
   6.2321390e-01	
   6.2623053e-01	
   6.2915830e-01	
   6.3207551e-01	
   6.3499178e-01	
   6.3773663e-01	
   6.4057054e-01	
   6.4353354e-01	
   6.4649545e-01	
   6.4937067e-01	
   6.5213586e-01	
   6.5478514e-01	
   6.5781688e-01	
   6.6125911e-01	
   6.6519094e-01	
   6.6845653e-01	
   6.7123001e-01	
   6.7397366e-01	
   6.7682512e-01	
   6.7946442e-01	
   6.8180258e-01	
   6.8479233e-01	
   6.8768037e-01	
   6.9030988e-01	
   6.9302576e-01	
   6.9583123e-01	
   6.9888743e-01	
   7.0269026e-01	
   7.0668660e-01	
   7.0974334e-01	
   7.1257135e-01	
   7.1546465e-01	
   7.1837588e-01	
   7.2119971e-01	
   7.2362160e-01	
   7.2609425e-01	
   7.2898833e-01	
   7.3165681e-01	
   7.3429391e-01	
   7.3694382e-01	
   7.3953574e-01	
   7.4215677e-01	
   7.4484185e-01	
   7.4755431e-01	
   7.5008629e-01	
   7.5240332e-01	
   7.5503365e-01	
   7.5773610e-01	
   7.6039245e-01	
   7.6319497e-01	
   7.6596406e-01	
   7.6866620e-01	
   7.7139817e-01	
   7.7433560e-01	
   7.7765312e-01	
   7.8136394e-01	
   7.8468884e-01	
   7.8751336e-01	
   7.9024879e-01	
   7.9293381e-01	
   7.9557132e-01	
   7.9837666e-01	
   8.0110115e-01	
   8.0366516e-01	
   8.0636183e-01	
   8.0915666e-01	
   8.1201354e-01	
   8.1452182e-01	
   8.1737811e-01	
   8.2063780e-01	
   8.2401585e-01	
   8.2679760e-01	
   8.2932501e-01	
   8.3178664e-01	
   8.3431090e-01	
   8.3692879e-01	
   8.3960055e-01	
   8.4223794e-01	
   8.4498013e-01	
   8.4775570e-01	
   8.5047092e-01	
   8.5322245e-01	
   8.5639533e-01	
   8.6038286e-01	
   8.6411880e-01	
   8.6707957e-01	
   8.6955846e-01	
   8.7220739e-01	
   8.7493108e-01	
   8.7742781e-01	
   8.7995160e-01	
   8.8249979e-01	
   8.8515399e-01	
   8.8762202e-01	
   8.8995402e-01	
   8.9249926e-01	
   8.9511605e-01	
   8.9781254e-01	
   9.0052910e-01	
   9.0320166e-01	
   9.0582321e-01	
   9.0838188e-01	
   9.1098834e-01	
   9.1365649e-01	
   9.1634391e-01	
   9.1901922e-01	
   9.2167709e-01	
   9.2421088e-01	
   9.2680653e-01	
   9.2947978e-01	
   9.3285948e-01	
   9.3596164e-01	
   9.3886470e-01	
   9.4160724e-01	
   9.4411924e-01	
   9.4669789e-01	
   9.4931062e-01	
   9.5185782e-01	
   9.5448159e-01	
   9.5714684e-01	
   9.5969124e-01	
   9.6225977e-01	
   9.6484987e-01	
   9.6749877e-01	
   9.7037837e-01	
   9.7344797e-01	
   9.7658515e-01	
   9.8042411e-01	
   9.8525279e-01	
   9.9026875e-01	
   9.9497126e-01	
   1.0000000e+00	
