   0.050980392000000
   0.234138320000000
   0.246030390000000
   0.252895190000000
   0.258988710000000
   0.263603740000000
   0.267626660000000
   0.271380600000000
   0.275141930000000
   0.278753190000000
   0.282360200000000
   0.285364630000000
   0.288327870000000
   0.291227700000000
   0.294048550000000
   0.296684340000000
   0.299255570000000
   0.301763210000000
   0.303914220000000
   0.306041470000000
   0.308255690000000
   0.310490840000000
   0.312774650000000
   0.315045530000000
   0.317307190000000
   0.319403910000000
   0.321471450000000
   0.323645860000000
   0.325844580000000
   0.328148010000000
   0.330433610000000
   0.332697540000000
   0.334929970000000
   0.337150090000000
   0.339343830000000
   0.341532890000000
   0.343704750000000
   0.346060540000000
   0.348745500000000
   0.351175160000000
   0.353579930000000
   0.355996170000000
   0.358605770000000
   0.361326040000000
   0.364056620000000
   0.367238290000000
   0.370734030000000
   0.374294290000000
   0.377535490000000
   0.380351320000000
   0.383365800000000
   0.386258620000000
   0.389103250000000
   0.391968300000000
   0.394749540000000
   0.397595640000000
   0.400528510000000
   0.403564580000000
   0.406602510000000
   0.409457190000000
   0.412183120000000
   0.414897450000000
   0.417796450000000
   0.420680310000000
   0.423422760000000
   0.426390980000000
   0.429372310000000
   0.432333780000000
   0.435250350000000
   0.438464590000000
   0.441560120000000
   0.444615840000000
   0.447665900000000
   0.450703150000000
   0.453869280000000
   0.456935960000000
   0.460231690000000
   0.464519540000000
   0.468581790000000
   0.471811940000000
   0.475133170000000
   0.478681790000000
   0.481670730000000
   0.484892860000000
   0.487809230000000
   0.490502220000000
   0.493636240000000
   0.496830760000000
   0.499700390000000
   0.502421880000000
   0.505450090000000
   0.508628480000000
   0.511982370000000
   0.515633390000000
   0.519322910000000
   0.522611660000000
   0.525528230000000
   0.528592770000000
   0.531828980000000
   0.534920730000000
   0.537863110000000
   0.540902220000000
   0.543911220000000
   0.546942970000000
   0.549969740000000
   0.552950170000000
   0.556005510000000
   0.559193150000000
   0.563080760000000
   0.567413850000000
   0.571310120000000
   0.574469300000000
   0.577391000000000
   0.580447950000000
   0.583497920000000
   0.586523670000000
   0.589448410000000
   0.592263090000000
   0.595383840000000
   0.598346200000000
   0.601362670000000
   0.604427960000000
   0.607138810000000
   0.610013850000000
   0.613188530000000
   0.616844890000000
   0.620597050000000
   0.623857220000000
   0.626910500000000
   0.630024070000000
   0.633044760000000
   0.636033470000000
   0.639179320000000
   0.642054110000000
   0.645073520000000
   0.648077400000000
   0.650895690000000
   0.653695040000000
   0.656670580000000
   0.659844350000000
   0.663368860000000
   0.667952430000000
   0.671585580000000
   0.674747900000000
   0.677714480000000
   0.680570940000000
   0.683407590000000
   0.686270450000000
   0.688932330000000
   0.691777810000000
   0.694770700000000
   0.697698000000000
   0.700574610000000
   0.703383870000000
   0.706201000000000
   0.709652460000000
   0.712888270000000
   0.716173220000000
   0.719382860000000
   0.722427670000000
   0.725270240000000
   0.728063110000000
   0.730781060000000
   0.733444300000000
   0.736404190000000
   0.739181620000000
   0.741920620000000
   0.744758550000000
   0.747743630000000
   0.750409670000000
   0.752825530000000
   0.756051830000000
   0.759941950000000
   0.763608770000000
   0.766913440000000
   0.769975110000000
   0.772867360000000
   0.775624820000000
   0.778433060000000
   0.781196970000000
   0.783810740000000
   0.786561760000000
   0.789351800000000
   0.792151350000000
   0.794716720000000
   0.797308900000000
   0.799931950000000
   0.802415770000000
   0.804959720000000
   0.807602370000000
   0.810308130000000
   0.813218410000000
   0.816293540000000
   0.819129810000000
   0.821914920000000
   0.824628750000000
   0.827257860000000
   0.829937390000000
   0.832613450000000
   0.835280920000000
   0.838017360000000
   0.840755610000000
   0.843559940000000
   0.846796510000000
   0.850600080000000
   0.854202870000000
   0.857184680000000
   0.860059020000000
   0.862976560000000
   0.865813970000000
   0.868408170000000
   0.870931790000000
   0.873694020000000
   0.876678750000000
   0.879539990000000
   0.882114620000000
   0.884663970000000
   0.887276750000000
   0.890003120000000
   0.893299980000000
   0.896573950000000
   0.899525170000000
   0.902243110000000
   0.905085150000000
   0.907697830000000
   0.910250980000000
   0.912955000000000
   0.915617500000000
   0.918267310000000
   0.920929760000000
   0.923621090000000
   0.926320280000000
   0.929016650000000
   0.931626420000000
   0.934439930000000
   0.937717500000000
   0.941287290000000
   0.944787210000000
   0.947519320000000
   0.950154380000000
   0.952760630000000
   0.955266850000000
   0.957825120000000
   0.960488530000000
   0.962972080000000
   0.965483880000000
   0.968116630000000
   0.970737620000000
   0.973258570000000
   0.975561220000000
   0.978506930000000
   0.982016330000000
   0.985701370000000
   0.989635660000000
   0.994039660000000
   1.000000000000000
