   2.5882000e-01	
   3.1018000e-01	
   3.1690000e-01	
   3.2203000e-01	
   3.2566000e-01	
   3.2926000e-01	
   3.3198000e-01	
   3.3456000e-01	
   3.3704000e-01	
   3.3970000e-01	
   3.4218000e-01	
   3.4441000e-01	
   3.4665000e-01	
   3.4891000e-01	
   3.5099000e-01	
   3.5306000e-01	
   3.5509000e-01	
   3.5715000e-01	
   3.5946000e-01	
   3.6169000e-01	
   3.6382000e-01	
   3.6623000e-01	
   3.6882000e-01	
   3.7110000e-01	
   3.7375000e-01	
   3.7686000e-01	
   3.7923000e-01	
   3.8184000e-01	
   3.8462000e-01	
   3.8704000e-01	
   3.8994000e-01	
   3.9304000e-01	
   3.9560000e-01	
   3.9875000e-01	
   4.0168000e-01	
   4.0449000e-01	
   4.0774000e-01	
   4.1080000e-01	
   4.1368000e-01	
   4.1664000e-01	
   4.1993000e-01	
   4.2264000e-01	
   4.2592000e-01	
   4.2903000e-01	
   4.3194000e-01	
   4.3561000e-01	
   4.3857000e-01	
   4.4194000e-01	
   4.4521000e-01	
   4.4830000e-01	
   4.5133000e-01	
   4.5463000e-01	
   4.5750000e-01	
   4.6070000e-01	
   4.6392000e-01	
   4.6673000e-01	
   4.7006000e-01	
   4.7348000e-01	
   4.7657000e-01	
   4.7974000e-01	
   4.8314000e-01	
   4.8607000e-01	
   4.8929000e-01	
   4.9231000e-01	
   4.9526000e-01	
   4.9819000e-01	
   5.0080000e-01	
   5.0354000e-01	
   5.0646000e-01	
   5.0962000e-01	
   5.1266000e-01	
   5.1566000e-01	
   5.1859000e-01	
   5.2144000e-01	
   5.2427000e-01	
   5.2719000e-01	
   5.3019000e-01	
   5.3323000e-01	
   5.3642000e-01	
   5.3934000e-01	
   5.4220000e-01	
   5.4514000e-01	
   5.4807000e-01	
   5.5103000e-01	
   5.5399000e-01	
   5.5689000e-01	
   5.5975000e-01	
   5.6259000e-01	
   5.6541000e-01	
   5.6819000e-01	
   5.7142000e-01	
   5.7425000e-01	
   5.7695000e-01	
   5.8039000e-01	
   5.8325000e-01	
   5.8630000e-01	
   5.8930000e-01	
   5.9207000e-01	
   5.9532000e-01	
   5.9824000e-01	
   6.0112000e-01	
   6.0407000e-01	
   6.0686000e-01	
   6.0976000e-01	
   6.1272000e-01	
   6.1566000e-01	
   6.1861000e-01	
   6.2174000e-01	
   6.2477000e-01	
   6.2757000e-01	
   6.3075000e-01	
   6.3339000e-01	
   6.3601000e-01	
   6.3894000e-01	
   6.4156000e-01	
   6.4435000e-01	
   6.4737000e-01	
   6.4988000e-01	
   6.5268000e-01	
   6.5564000e-01	
   6.5840000e-01	
   6.6136000e-01	
   6.6415000e-01	
   6.6677000e-01	
   6.6935000e-01	
   6.7206000e-01	
   6.7483000e-01	
   6.7727000e-01	
   6.8002000e-01	
   6.8291000e-01	
   6.8537000e-01	
   6.8800000e-01	
   6.9068000e-01	
   6.9316000e-01	
   6.9574000e-01	
   6.9838000e-01	
   7.0104000e-01	
   7.0368000e-01	
   7.0635000e-01	
   7.0934000e-01	
   7.1191000e-01	
   7.1451000e-01	
   7.1738000e-01	
   7.2039000e-01	
   7.2313000e-01	
   7.2571000e-01	
   7.2858000e-01	
   7.3119000e-01	
   7.3369000e-01	
   7.3623000e-01	
   7.3894000e-01	
   7.4169000e-01	
   7.4422000e-01	
   7.4691000e-01	
   7.4962000e-01	
   7.5207000e-01	
   7.5459000e-01	
   7.5717000e-01	
   7.5985000e-01	
   7.6248000e-01	
   7.6506000e-01	
   7.6744000e-01	
   7.6997000e-01	
   7.7261000e-01	
   7.7510000e-01	
   7.7751000e-01	
   7.7983000e-01	
   7.8239000e-01	
   7.8499000e-01	
   7.8754000e-01	
   7.9008000e-01	
   7.9258000e-01	
   7.9494000e-01	
   7.9739000e-01	
   7.9995000e-01	
   8.0227000e-01	
   8.0468000e-01	
   8.0734000e-01	
   8.0971000e-01	
   8.1202000e-01	
   8.1447000e-01	
   8.1697000e-01	
   8.1952000e-01	
   8.2178000e-01	
   8.2410000e-01	
   8.2667000e-01	
   8.2930000e-01	
   8.3191000e-01	
   8.3437000e-01	
   8.3681000e-01	
   8.3925000e-01	
   8.4168000e-01	
   8.4429000e-01	
   8.4713000e-01	
   8.4948000e-01	
   8.5188000e-01	
   8.5437000e-01	
   8.5683000e-01	
   8.5928000e-01	
   8.6175000e-01	
   8.6431000e-01	
   8.6691000e-01	
   8.6929000e-01	
   8.7174000e-01	
   8.7427000e-01	
   8.7683000e-01	
   8.7932000e-01	
   8.8168000e-01	
   8.8411000e-01	
   8.8657000e-01	
   8.8906000e-01	
   8.9144000e-01	
   8.9372000e-01	
   8.9600000e-01	
   8.9831000e-01	
   9.0078000e-01	
   9.0322000e-01	
   9.0563000e-01	
   9.0806000e-01	
   9.1126000e-01	
   9.1641000e-01	
   9.1627000e-01	
   9.2143000e-01	
   9.2493000e-01	
   9.2757000e-01	
   9.3026000e-01	
   9.3348000e-01	
   9.3563000e-01	
   9.3794000e-01	
   9.4074000e-01	
   9.4359000e-01	
   9.4598000e-01	
   9.4783000e-01	
   9.5012000e-01	
   9.5311000e-01	
   9.5518000e-01	
   9.5742000e-01	
   9.6040000e-01	
   9.6248000e-01	
   9.6442000e-01	
   9.6664000e-01	
   9.6892000e-01	
   9.7139000e-01	
   9.7355000e-01	
   9.7544000e-01	
   9.7767000e-01	
   9.8030000e-01	
   9.8220000e-01	
   9.8407000e-01	
   9.8631000e-01	
   9.8862000e-01	
   9.9106000e-01	
   9.9315000e-01	
   9.9497000e-01	
   9.9717000e-01	
   1.0000000e+00	
