   1.1764706e-02	
   2.9083527e-01	
   2.9957728e-01	
   3.0419244e-01	
   3.0777159e-01	
   3.1076235e-01	
   3.1315513e-01	
   3.1541547e-01	
   3.1763436e-01	
   3.1923847e-01	
   3.2083904e-01	
   3.2250985e-01	
   3.2423949e-01	
   3.2592291e-01	
   3.2748561e-01	
   3.2904831e-01	
   3.3064070e-01	
   3.3224208e-01	
   3.3384674e-01	
   3.3545840e-01	
   3.3707005e-01	
   3.3894819e-01	
   3.4086085e-01	
   3.4341932e-01	
   3.4598917e-01	
   3.4836530e-01	
   3.5065939e-01	
   3.5292231e-01	
   3.5517740e-01	
   3.5741247e-01	
   3.5958851e-01	
   3.6185586e-01	
   3.6423460e-01	
   3.6641057e-01	
   3.6853644e-01	
   3.7085563e-01	
   3.7328591e-01	
   3.7598966e-01	
   3.7852859e-01	
   3.8112860e-01	
   3.8401046e-01	
   3.8669618e-01	
   3.8941180e-01	
   3.9219764e-01	
   3.9483656e-01	
   3.9752203e-01	
   4.0025021e-01	
   4.0299155e-01	
   4.0578929e-01	
   4.0872282e-01	
   4.1196974e-01	
   4.1572543e-01	
   4.1933742e-01	
   4.2215029e-01	
   4.2530824e-01	
   4.2862818e-01	
   4.3156270e-01	
   4.3437153e-01	
   4.3714323e-01	
   4.3994177e-01	
   4.4287720e-01	
   4.4601396e-01	
   4.4881257e-01	
   4.5152219e-01	
   4.5465244e-01	
   4.5754065e-01	
   4.6039995e-01	
   4.6334558e-01	
   4.6670563e-01	
   4.6917948e-01	
   4.7186687e-01	
   4.7487036e-01	
   4.7814607e-01	
   4.8118691e-01	
   4.8417532e-01	
   4.8721368e-01	
   4.9046397e-01	
   4.9432521e-01	
   4.9809039e-01	
   5.0175083e-01	
   5.0557814e-01	
   5.0911707e-01	
   5.1231553e-01	
   5.1543825e-01	
   5.1850762e-01	
   5.2144669e-01	
   5.2435636e-01	
   5.2724319e-01	
   5.3009779e-01	
   5.3289555e-01	
   5.3566597e-01	
   5.3851540e-01	
   5.4147334e-01	
   5.4438680e-01	
   5.4734262e-01	
   5.5020025e-01	
   5.5291275e-01	
   5.5580413e-01	
   5.5878124e-01	
   5.6171430e-01	
   5.6446626e-01	
   5.6724629e-01	
   5.6988826e-01	
   5.7239153e-01	
   5.7470566e-01	
   5.7717297e-01	
   5.8018598e-01	
   5.8294023e-01	
   5.8573674e-01	
   5.8860499e-01	
   5.9154226e-01	
   5.9457585e-01	
   5.9749804e-01	
   6.0029939e-01	
   6.0319887e-01	
   6.0602905e-01	
   6.0889070e-01	
   6.1184453e-01	
   6.1455729e-01	
   6.1729169e-01	
   6.2007117e-01	
   6.2300901e-01	
   6.2563210e-01	
   6.2841180e-01	
   6.3164522e-01	
   6.3408166e-01	
   6.3678110e-01	
   6.3971741e-01	
   6.4254414e-01	
   6.4532088e-01	
   6.4815943e-01	
   6.5115482e-01	
   6.5472727e-01	
   6.5894366e-01	
   6.6310813e-01	
   6.6720880e-01	
   6.7057022e-01	
   6.7350012e-01	
   6.7625759e-01	
   6.7892902e-01	
   6.8161588e-01	
   6.8437130e-01	
   6.8714954e-01	
   6.8992110e-01	
   6.9258986e-01	
   6.9524245e-01	
   6.9788848e-01	
   7.0036948e-01	
   7.0307349e-01	
   7.0614384e-01	
   7.0872540e-01	
   7.1144189e-01	
   7.1427843e-01	
   7.1721508e-01	
   7.1992552e-01	
   7.2244733e-01	
   7.2473006e-01	
   7.2739463e-01	
   7.3027009e-01	
   7.3319432e-01	
   7.3646854e-01	
   7.3968282e-01	
   7.4299213e-01	
   7.4618837e-01	
   7.4903024e-01	
   7.5120426e-01	
   7.5346798e-01	
   7.5608814e-01	
   7.5892210e-01	
   7.6173209e-01	
   7.6434262e-01	
   7.6692842e-01	
   7.6961904e-01	
   7.7251912e-01	
   7.7493967e-01	
   7.7743612e-01	
   7.8007257e-01	
   7.8248081e-01	
   7.8502202e-01	
   7.8811746e-01	
   7.9042584e-01	
   7.9280035e-01	
   7.9548316e-01	
   7.9807054e-01	
   8.0064968e-01	
   8.0328687e-01	
   8.0631213e-01	
   8.0968269e-01	
   8.1330149e-01	
   8.1690531e-01	
   8.2030043e-01	
   8.2340429e-01	
   8.2642158e-01	
   8.2889257e-01	
   8.3108202e-01	
   8.3369498e-01	
   8.3636395e-01	
   8.3901989e-01	
   8.4158839e-01	
   8.4414940e-01	
   8.4670957e-01	
   8.4912725e-01	
   8.5154659e-01	
   8.5404855e-01	
   8.5663416e-01	
   8.5932490e-01	
   8.6232355e-01	
   8.6487787e-01	
   8.6732581e-01	
   8.6968674e-01	
   8.7200823e-01	
   8.7430537e-01	
   8.7702713e-01	
   8.7958991e-01	
   8.8194554e-01	
   8.8487291e-01	
   8.8814344e-01	
   8.9151280e-01	
   8.9465983e-01	
   8.9744033e-01	
   8.9986058e-01	
   9.0221346e-01	
   9.0486570e-01	
   9.0740927e-01	
   9.0988512e-01	
   9.1235661e-01	
   9.1480323e-01	
   9.1721900e-01	
   9.1971480e-01	
   9.2221074e-01	
   9.2465858e-01	
   9.2699498e-01	
   9.2927405e-01	
   9.3180471e-01	
   9.3427139e-01	
   9.3661772e-01	
   9.3891493e-01	
   9.4119417e-01	
   9.4351877e-01	
   9.4585780e-01	
   9.4822741e-01	
   9.5115248e-01	
   9.5429320e-01	
   9.5749733e-01	
   9.6132691e-01	
   9.6454111e-01	
   9.6717825e-01	
   9.6976564e-01	
   9.7232975e-01	
   9.7479742e-01	
   9.7759997e-01	
   9.8135328e-01	
   9.8639652e-01	
   9.9104649e-01	
   9.9517530e-01	
   1.0000000e+00	
