   0.002541449983065
   0.007450180099830
   0.009521252475440
   0.010208811554060
   0.011218803907081
   0.011418981125880
   0.011689058271436
   0.011918676640876
   0.012148611795607
   0.012317479775192
   0.012456265015063
   0.012592594070502
   0.012748023279884
   0.012913920683386
   0.013042661830389
   0.013133775387437
   0.013215197115981
   0.013318090494460
   0.013439052497522
   0.013552826637928
   0.013676779867432
   0.013797656413158
   0.013899800996446
   0.014003099143926
   0.014118296401612
   0.014231432138372
   0.014323950029661
   0.014401038258442
   0.014481553458203
   0.014595564748208
   0.014718099583652
   0.014821807443038
   0.014924487727389
   0.015027857382228
   0.015156111927691
   0.015284676558063
   0.015389444945184
   0.015501892519722
   0.015625111343380
   0.015747910898849
   0.015855209064766
   0.015953094182023
   0.016064529010241
   0.016185574054108
   0.016311923274444
   0.016469310313588
   0.016634225287254
   0.016780363263125
   0.016864152313653
   0.016950314947178
   0.017107590716037
   0.017264578917666
   0.017406951937695
   0.017547793975272
   0.017676019082989
   0.017802305583352
   0.017937462071875
   0.018056176481098
   0.018178672102829
   0.018327532740634
   0.018511210652277
   0.018669431284894
   0.018823754162287
   0.018984815647190
   0.019112554812422
   0.019243367915372
   0.019361334957354
   0.019459657686470
   0.019562726263472
   0.019726267219382
   0.019890501280419
   0.020037884428989
   0.020233339196321
   0.020397280527538
   0.020536487561972
   0.020670051885863
   0.020779177059323
   0.020933694797016
   0.021142257269756
   0.021307273078685
   0.021412117696386
   0.021528495209952
   0.021707339729370
   0.021846316973641
   0.021962203931343
   0.022176582885198
   0.022386082862259
   0.022575845819524
   0.022753579503417
   0.022885563086279
   0.023021803389113
   0.023178261162111
   0.023341162506109
   0.023541879929508
   0.023701642968180
   0.023835310104496
   0.023990996564624
   0.024116999891450
   0.024241008920859
   0.024368611991439
   0.024482770360329
   0.024713622918235
   0.024928535815676
   0.025008720280169
   0.025107689980633
   0.025226891430765
   0.025381491000998
   0.025524570856446
   0.025629307169606
   0.025769926227244
   0.025944356293098
   0.026125906668573
   0.026218966082569
   0.026287145878373
   0.026429948381928
   0.026590840709636
   0.026758370919434
   0.026901283155481
   0.027022716711683
   0.027127179627273
   0.027236369497868
   0.027360056799080
   0.027521403874052
   0.027677561887320
   0.027795542879278
   0.027921737880978
   0.028044786558860
   0.028163981967664
   0.028326066853593
   0.028551361938607
   0.028830887502053
   0.028860535925178
   0.028811265926551
   0.028973890577710
   0.029120781522781
   0.029246333177929
   0.029390645684050
   0.029524889492620
   0.029679774982448
   0.029832716262964
   0.029948996126694
   0.030082315721865
   0.030185653412585
   0.030301256208169
   0.030454412230447
   0.030579671704987
   0.030719809103991
   0.030852168896847
   0.030958683667237
   0.031074623788629
   0.031184652305443
   0.031304587172840
   0.031459818666020
   0.031608047051351
   0.031725101962591
   0.031826290038833
   0.031919867688961
   0.032031694214942
   0.032155835933890
   0.032278749286017
   0.032396815405784
   0.032513613835174
   0.032644316546578
   0.032773381728466
   0.032880753818274
   0.032975276442002
   0.033104138415572
   0.033235166479969
   0.033335944514779
   0.033443146458812
   0.033585644589259
   0.033727618002876
   0.033836049412153
   0.033972059046085
   0.034112523335875
   0.034228420179387
   0.034364510108065
   0.034507022408173
   0.034613313869099
   0.034698590514357
   0.034837444295844
   0.034993996752934
   0.035135078466484
   0.035272019673251
   0.035390031860432
   0.035524967346179
   0.035663629123267
   0.035806108031306
   0.035933630807139
   0.036029158817750
   0.036142159118913
   0.036270282292944
   0.036382192408941
   0.036518046176601
   0.036623730209419
   0.036704529900825
   0.036815259760943
   0.036918183016537
   0.037050834440790
   0.037193416051411
   0.037321017913724
   0.037444817583645
   0.037554350272164
   0.037654657742414
   0.037753471576606
   0.037863361472395
   0.037975948546697
   0.038095602107876
   0.038232852410971
   0.038368023728210
   0.038484825892239
   0.038585622819930
   0.038703123251677
   0.038828645029711
   0.038950389659403
   0.039076003704997
   0.039192659229510
   0.039318206381123
   0.039436543701613
   0.039529852897076
   0.039628854232133
   0.039741680323353
   0.039859065860019
   0.039973672056105
   0.040085904449511
   0.040185845375893
   0.040296354782446
   0.040426072647483
   0.040536832274873
   0.040633615783362
   0.040736042551606
   0.040870515930654
   0.041018635352389
   0.041132244070240
   0.041237353737493
   0.041345727918915
   0.041440276904802
   0.041529503041024
   0.041660184223331
   0.041793662101305
   0.041884944815547
   0.041968659392972
   0.042044644585034
   0.042125482062204
   0.042233472344668
   0.042379918098759
   0.042522677983488
   0.042627741846488
   0.042721569497768
   0.042845981428858
   0.042975845494042
   0.043103964054695
   0.043274068749118
   0.043448846795487
   0.043603805769837
   0.043808325824998
