   8.6275000e-02	
   2.4709000e-01	
   2.5897000e-01	
   2.6596000e-01	
   2.7113000e-01	
   2.7538000e-01	
   2.7927000e-01	
   2.8273000e-01	
   2.8595000e-01	
   2.8894000e-01	
   2.9172000e-01	
   2.9436000e-01	
   2.9692000e-01	
   2.9960000e-01	
   3.0242000e-01	
   3.0548000e-01	
   3.0835000e-01	
   3.1100000e-01	
   3.1347000e-01	
   3.1593000e-01	
   3.1837000e-01	
   3.2076000e-01	
   3.2322000e-01	
   3.2571000e-01	
   3.2812000e-01	
   3.3062000e-01	
   3.3322000e-01	
   3.3573000e-01	
   3.3830000e-01	
   3.4096000e-01	
   3.4398000e-01	
   3.4791000e-01	
   3.5214000e-01	
   3.5565000e-01	
   3.5870000e-01	
   3.6159000e-01	
   3.6452000e-01	
   3.6739000e-01	
   3.7029000e-01	
   3.7323000e-01	
   3.7616000e-01	
   3.7917000e-01	
   3.8217000e-01	
   3.8515000e-01	
   3.8814000e-01	
   3.9100000e-01	
   3.9406000e-01	
   3.9744000e-01	
   4.0112000e-01	
   4.0477000e-01	
   4.0818000e-01	
   4.1121000e-01	
   4.1431000e-01	
   4.1732000e-01	
   4.2027000e-01	
   4.2330000e-01	
   4.2637000e-01	
   4.2945000e-01	
   4.3257000e-01	
   4.3573000e-01	
   4.3869000e-01	
   4.4158000e-01	
   4.4449000e-01	
   4.4755000e-01	
   4.5132000e-01	
   4.5530000e-01	
   4.5910000e-01	
   4.6238000e-01	
   4.6550000e-01	
   4.6852000e-01	
   4.7156000e-01	
   4.7471000e-01	
   4.7765000e-01	
   4.8075000e-01	
   4.8389000e-01	
   4.8698000e-01	
   4.9005000e-01	
   4.9307000e-01	
   4.9610000e-01	
   4.9920000e-01	
   5.0251000e-01	
   5.0626000e-01	
   5.1007000e-01	
   5.1353000e-01	
   5.1662000e-01	
   5.1965000e-01	
   5.2266000e-01	
   5.2566000e-01	
   5.2884000e-01	
   5.3185000e-01	
   5.3485000e-01	
   5.3788000e-01	
   5.4092000e-01	
   5.4388000e-01	
   5.4679000e-01	
   5.4973000e-01	
   5.5288000e-01	
   5.5686000e-01	
   5.6151000e-01	
   5.6550000e-01	
   5.6887000e-01	
   5.7187000e-01	
   5.7492000e-01	
   5.7783000e-01	
   5.8063000e-01	
   5.8370000e-01	
   5.8668000e-01	
   5.8965000e-01	
   5.9264000e-01	
   5.9559000e-01	
   5.9856000e-01	
   6.0146000e-01	
   6.0435000e-01	
   6.0757000e-01	
   6.1097000e-01	
   6.1454000e-01	
   6.1784000e-01	
   6.2090000e-01	
   6.2386000e-01	
   6.2694000e-01	
   6.2987000e-01	
   6.3277000e-01	
   6.3565000e-01	
   6.3844000e-01	
   6.4126000e-01	
   6.4410000e-01	
   6.4692000e-01	
   6.4961000e-01	
   6.5227000e-01	
   6.5490000e-01	
   6.5785000e-01	
   6.6100000e-01	
   6.6420000e-01	
   6.6730000e-01	
   6.7018000e-01	
   6.7297000e-01	
   6.7578000e-01	
   6.7862000e-01	
   6.8135000e-01	
   6.8420000e-01	
   6.8704000e-01	
   6.8968000e-01	
   6.9255000e-01	
   6.9540000e-01	
   6.9816000e-01	
   7.0093000e-01	
   7.0383000e-01	
   7.0696000e-01	
   7.1040000e-01	
   7.1359000e-01	
   7.1658000e-01	
   7.1944000e-01	
   7.2223000e-01	
   7.2504000e-01	
   7.2771000e-01	
   7.3045000e-01	
   7.3333000e-01	
   7.3589000e-01	
   7.3860000e-01	
   7.4148000e-01	
   7.4409000e-01	
   7.4675000e-01	
   7.4951000e-01	
   7.5272000e-01	
   7.5697000e-01	
   7.6070000e-01	
   7.6389000e-01	
   7.6678000e-01	
   7.6951000e-01	
   7.7215000e-01	
   7.7482000e-01	
   7.7751000e-01	
   7.8023000e-01	
   7.8289000e-01	
   7.8557000e-01	
   7.8827000e-01	
   7.9096000e-01	
   7.9358000e-01	
   7.9616000e-01	
   7.9903000e-01	
   8.0211000e-01	
   8.0530000e-01	
   8.0841000e-01	
   8.1133000e-01	
   8.1390000e-01	
   8.1649000e-01	
   8.1929000e-01	
   8.2192000e-01	
   8.2448000e-01	
   8.2697000e-01	
   8.2955000e-01	
   8.3219000e-01	
   8.3491000e-01	
   8.3742000e-01	
   8.3992000e-01	
   8.4250000e-01	
   8.4528000e-01	
   8.4833000e-01	
   8.5162000e-01	
   8.5465000e-01	
   8.5730000e-01	
   8.5990000e-01	
   8.6248000e-01	
   8.6509000e-01	
   8.6762000e-01	
   8.7005000e-01	
   8.7264000e-01	
   8.7527000e-01	
   8.7788000e-01	
   8.8041000e-01	
   8.8292000e-01	
   8.8543000e-01	
   8.8810000e-01	
   8.9090000e-01	
   8.9392000e-01	
   8.9692000e-01	
   8.9969000e-01	
   9.0232000e-01	
   9.0501000e-01	
   9.0756000e-01	
   9.1004000e-01	
   9.1248000e-01	
   9.1491000e-01	
   9.1735000e-01	
   9.1978000e-01	
   9.2225000e-01	
   9.2482000e-01	
   9.2726000e-01	
   9.2968000e-01	
   9.3255000e-01	
   9.3586000e-01	
   9.3920000e-01	
   9.4226000e-01	
   9.4503000e-01	
   9.4754000e-01	
   9.5005000e-01	
   9.5257000e-01	
   9.5493000e-01	
   9.5728000e-01	
   9.5973000e-01	
   9.6222000e-01	
   9.6473000e-01	
   9.6715000e-01	
   9.6953000e-01	
   9.7187000e-01	
   9.7439000e-01	
   9.7705000e-01	
   9.7996000e-01	
   9.8281000e-01	
   9.8545000e-01	
   9.8786000e-01	
   9.9038000e-01	
   9.9286000e-01	
   9.9518000e-01	
   9.9757000e-01	
   1.0000000e+00	
