   0.0000000e+00	
   2.5141000e-01	
   2.6311000e-01	
   2.7111000e-01	
   2.7733000e-01	
   2.8199000e-01	
   2.8576000e-01	
   2.8927000e-01	
   2.9247000e-01	
   2.9546000e-01	
   2.9831000e-01	
   3.0115000e-01	
   3.0386000e-01	
   3.0653000e-01	
   3.0921000e-01	
   3.1182000e-01	
   3.1452000e-01	
   3.1754000e-01	
   3.2185000e-01	
   3.2563000e-01	
   3.2859000e-01	
   3.3138000e-01	
   3.3414000e-01	
   3.3699000e-01	
   3.3984000e-01	
   3.4267000e-01	
   3.4552000e-01	
   3.4858000e-01	
   3.5152000e-01	
   3.5446000e-01	
   3.5746000e-01	
   3.6059000e-01	
   3.6433000e-01	
   3.6807000e-01	
   3.7162000e-01	
   3.7490000e-01	
   3.7809000e-01	
   3.8131000e-01	
   3.8454000e-01	
   3.8760000e-01	
   3.9076000e-01	
   3.9394000e-01	
   3.9710000e-01	
   4.0023000e-01	
   4.0322000e-01	
   4.0625000e-01	
   4.0972000e-01	
   4.1378000e-01	
   4.1779000e-01	
   4.2127000e-01	
   4.2444000e-01	
   4.2766000e-01	
   4.3086000e-01	
   4.3405000e-01	
   4.3720000e-01	
   4.4038000e-01	
   4.4363000e-01	
   4.4684000e-01	
   4.5000000e-01	
   4.5308000e-01	
   4.5632000e-01	
   4.6000000e-01	
   4.6391000e-01	
   4.6754000e-01	
   4.7081000e-01	
   4.7402000e-01	
   4.7721000e-01	
   4.8040000e-01	
   4.8352000e-01	
   4.8654000e-01	
   4.8971000e-01	
   4.9283000e-01	
   4.9599000e-01	
   4.9917000e-01	
   5.0235000e-01	
   5.0586000e-01	
   5.1038000e-01	
   5.1479000e-01	
   5.1821000e-01	
   5.2129000e-01	
   5.2445000e-01	
   5.2753000e-01	
   5.3059000e-01	
   5.3370000e-01	
   5.3673000e-01	
   5.3981000e-01	
   5.4287000e-01	
   5.4587000e-01	
   5.4877000e-01	
   5.5196000e-01	
   5.5540000e-01	
   5.5906000e-01	
   5.6249000e-01	
   5.6563000e-01	
   5.6872000e-01	
   5.7170000e-01	
   5.7469000e-01	
   5.7762000e-01	
   5.8047000e-01	
   5.8351000e-01	
   5.8643000e-01	
   5.8927000e-01	
   5.9203000e-01	
   5.9473000e-01	
   5.9761000e-01	
   6.0070000e-01	
   6.0399000e-01	
   6.0710000e-01	
   6.1001000e-01	
   6.1289000e-01	
   6.1583000e-01	
   6.1868000e-01	
   6.2158000e-01	
   6.2452000e-01	
   6.2749000e-01	
   6.3033000e-01	
   6.3319000e-01	
   6.3608000e-01	
   6.3903000e-01	
   6.4224000e-01	
   6.4562000e-01	
   6.4884000e-01	
   6.5185000e-01	
   6.5471000e-01	
   6.5753000e-01	
   6.6032000e-01	
   6.6311000e-01	
   6.6599000e-01	
   6.6878000e-01	
   6.7154000e-01	
   6.7425000e-01	
   6.7692000e-01	
   6.7973000e-01	
   6.8287000e-01	
   6.8679000e-01	
   6.9054000e-01	
   6.9381000e-01	
   6.9667000e-01	
   6.9946000e-01	
   7.0220000e-01	
   7.0483000e-01	
   7.0750000e-01	
   7.1020000e-01	
   7.1297000e-01	
   7.1568000e-01	
   7.1835000e-01	
   7.2098000e-01	
   7.2381000e-01	
   7.2685000e-01	
   7.3011000e-01	
   7.3337000e-01	
   7.3613000e-01	
   7.3879000e-01	
   7.4139000e-01	
   7.4402000e-01	
   7.4673000e-01	
   7.4946000e-01	
   7.5199000e-01	
   7.5457000e-01	
   7.5717000e-01	
   7.5967000e-01	
   7.6225000e-01	
   7.6495000e-01	
   7.6812000e-01	
   7.7129000e-01	
   7.7419000e-01	
   7.7689000e-01	
   7.7949000e-01	
   7.8207000e-01	
   7.8463000e-01	
   7.8721000e-01	
   7.8978000e-01	
   7.9235000e-01	
   7.9494000e-01	
   7.9744000e-01	
   7.9987000e-01	
   8.0255000e-01	
   8.0540000e-01	
   8.0843000e-01	
   8.1145000e-01	
   8.1406000e-01	
   8.1661000e-01	
   8.1913000e-01	
   8.2153000e-01	
   8.2393000e-01	
   8.2641000e-01	
   8.2888000e-01	
   8.3134000e-01	
   8.3390000e-01	
   8.3640000e-01	
   8.3882000e-01	
   8.4170000e-01	
   8.4500000e-01	
   8.4849000e-01	
   8.5161000e-01	
   8.5415000e-01	
   8.5661000e-01	
   8.5904000e-01	
   8.6143000e-01	
   8.6388000e-01	
   8.6640000e-01	
   8.6877000e-01	
   8.7115000e-01	
   8.7363000e-01	
   8.7606000e-01	
   8.7845000e-01	
   8.8120000e-01	
   8.8406000e-01	
   8.8691000e-01	
   8.8949000e-01	
   8.9191000e-01	
   8.9427000e-01	
   8.9664000e-01	
   8.9901000e-01	
   9.0137000e-01	
   9.0375000e-01	
   9.0612000e-01	
   9.0837000e-01	
   9.1059000e-01	
   9.1277000e-01	
   9.1512000e-01	
   9.1759000e-01	
   9.2045000e-01	
   9.2308000e-01	
   9.2555000e-01	
   9.2790000e-01	
   9.3026000e-01	
   9.3263000e-01	
   9.3494000e-01	
   9.3723000e-01	
   9.3939000e-01	
   9.4159000e-01	
   9.4399000e-01	
   9.4632000e-01	
   9.4858000e-01	
   9.5119000e-01	
   9.5384000e-01	
   9.5644000e-01	
   9.5887000e-01	
   9.6124000e-01	
   9.6351000e-01	
   9.6579000e-01	
   9.6807000e-01	
   9.7029000e-01	
   9.7249000e-01	
   9.7484000e-01	
   9.7713000e-01	
   9.7929000e-01	
   9.8159000e-01	
   9.8405000e-01	
   9.8711000e-01	
   9.9024000e-01	
   9.9312000e-01	
   9.9561000e-01	
   9.9784000e-01	
   1.0000000e+00	
