   3.5294000e-02	
   2.3903000e-01	
   2.5172000e-01	
   2.5893000e-01	
   2.6381000e-01	
   2.6794000e-01	
   2.7148000e-01	
   2.7466000e-01	
   2.7755000e-01	
   2.8024000e-01	
   2.8292000e-01	
   2.8592000e-01	
   2.8846000e-01	
   2.9083000e-01	
   2.9297000e-01	
   2.9508000e-01	
   2.9717000e-01	
   2.9920000e-01	
   3.0119000e-01	
   3.0315000e-01	
   3.0509000e-01	
   3.0714000e-01	
   3.0925000e-01	
   3.1214000e-01	
   3.1488000e-01	
   3.1719000e-01	
   3.1925000e-01	
   3.2125000e-01	
   3.2332000e-01	
   3.2540000e-01	
   3.2750000e-01	
   3.2962000e-01	
   3.3184000e-01	
   3.3408000e-01	
   3.3639000e-01	
   3.3905000e-01	
   3.4182000e-01	
   3.4430000e-01	
   3.4675000e-01	
   3.4918000e-01	
   3.5157000e-01	
   3.5402000e-01	
   3.5654000e-01	
   3.5902000e-01	
   3.6152000e-01	
   3.6405000e-01	
   3.6665000e-01	
   3.6945000e-01	
   3.7280000e-01	
   3.7594000e-01	
   3.7871000e-01	
   3.8137000e-01	
   3.8400000e-01	
   3.8669000e-01	
   3.8940000e-01	
   3.9213000e-01	
   3.9490000e-01	
   3.9760000e-01	
   4.0028000e-01	
   4.0335000e-01	
   4.0669000e-01	
   4.0986000e-01	
   4.1282000e-01	
   4.1564000e-01	
   4.1845000e-01	
   4.2123000e-01	
   4.2401000e-01	
   4.2688000e-01	
   4.2974000e-01	
   4.3257000e-01	
   4.3538000e-01	
   4.3850000e-01	
   4.4261000e-01	
   4.4663000e-01	
   4.4982000e-01	
   4.5273000e-01	
   4.5553000e-01	
   4.5840000e-01	
   4.6130000e-01	
   4.6424000e-01	
   4.6719000e-01	
   4.6995000e-01	
   4.7291000e-01	
   4.7601000e-01	
   4.7931000e-01	
   4.8281000e-01	
   4.8600000e-01	
   4.8901000e-01	
   4.9200000e-01	
   4.9496000e-01	
   4.9788000e-01	
   5.0088000e-01	
   5.0388000e-01	
   5.0678000e-01	
   5.0947000e-01	
   5.1224000e-01	
   5.1522000e-01	
   5.1843000e-01	
   5.2164000e-01	
   5.2462000e-01	
   5.2764000e-01	
   5.3063000e-01	
   5.3354000e-01	
   5.3647000e-01	
   5.3942000e-01	
   5.4238000e-01	
   5.4531000e-01	
   5.4807000e-01	
   5.5134000e-01	
   5.5490000e-01	
   5.5829000e-01	
   5.6141000e-01	
   5.6437000e-01	
   5.6734000e-01	
   5.7027000e-01	
   5.7319000e-01	
   5.7612000e-01	
   5.7908000e-01	
   5.8199000e-01	
   5.8488000e-01	
   5.8788000e-01	
   5.9225000e-01	
   5.9644000e-01	
   5.9968000e-01	
   6.0263000e-01	
   6.0551000e-01	
   6.0838000e-01	
   6.1126000e-01	
   6.1432000e-01	
   6.1731000e-01	
   6.2018000e-01	
   6.2293000e-01	
   6.2612000e-01	
   6.2957000e-01	
   6.3307000e-01	
   6.3636000e-01	
   6.3935000e-01	
   6.4221000e-01	
   6.4510000e-01	
   6.4796000e-01	
   6.5073000e-01	
   6.5374000e-01	
   6.5669000e-01	
   6.5956000e-01	
   6.6236000e-01	
   6.6568000e-01	
   6.6923000e-01	
   6.7251000e-01	
   6.7552000e-01	
   6.7840000e-01	
   6.8134000e-01	
   6.8425000e-01	
   6.8711000e-01	
   6.8988000e-01	
   6.9287000e-01	
   6.9576000e-01	
   6.9863000e-01	
   7.0173000e-01	
   7.0511000e-01	
   7.0842000e-01	
   7.1150000e-01	
   7.1443000e-01	
   7.1738000e-01	
   7.2021000e-01	
   7.2306000e-01	
   7.2593000e-01	
   7.2874000e-01	
   7.3163000e-01	
   7.3453000e-01	
   7.3749000e-01	
   7.4146000e-01	
   7.4539000e-01	
   7.4865000e-01	
   7.5152000e-01	
   7.5432000e-01	
   7.5713000e-01	
   7.5990000e-01	
   7.6278000e-01	
   7.6566000e-01	
   7.6844000e-01	
   7.7131000e-01	
   7.7431000e-01	
   7.7755000e-01	
   7.8103000e-01	
   7.8421000e-01	
   7.8709000e-01	
   7.8993000e-01	
   7.9274000e-01	
   7.9557000e-01	
   7.9827000e-01	
   8.0099000e-01	
   8.0380000e-01	
   8.0633000e-01	
   8.0895000e-01	
   8.1173000e-01	
   8.1505000e-01	
   8.1821000e-01	
   8.2114000e-01	
   8.2395000e-01	
   8.2688000e-01	
   8.2967000e-01	
   8.3242000e-01	
   8.3515000e-01	
   8.3794000e-01	
   8.4067000e-01	
   8.4337000e-01	
   8.4643000e-01	
   8.4978000e-01	
   8.5296000e-01	
   8.5593000e-01	
   8.5878000e-01	
   8.6159000e-01	
   8.6437000e-01	
   8.6711000e-01	
   8.6978000e-01	
   8.7255000e-01	
   8.7532000e-01	
   8.7799000e-01	
   8.8110000e-01	
   8.8493000e-01	
   8.8858000e-01	
   8.9170000e-01	
   8.9457000e-01	
   8.9730000e-01	
   9.0001000e-01	
   9.0274000e-01	
   9.0551000e-01	
   9.0825000e-01	
   9.1098000e-01	
   9.1371000e-01	
   9.1664000e-01	
   9.1968000e-01	
   9.2278000e-01	
   9.2584000e-01	
   9.2861000e-01	
   9.3142000e-01	
   9.3419000e-01	
   9.3684000e-01	
   9.3937000e-01	
   9.4195000e-01	
   9.4471000e-01	
   9.5391000e-01	
   9.5586000e-01	
   9.5313000e-01	
   9.6654000e-01	
   9.6998000e-01	
   9.7336000e-01	
   9.7660000e-01	
   9.8029000e-01	
   9.8345000e-01	
   9.8602000e-01	
   9.8843000e-01	
   9.9163000e-01	
   9.9454000e-01	
   9.9732000e-01	
   1.0000000e+00	
