   3.7000000e+02	   2.6676000e-02	
   3.7100000e+02	   2.8130000e-02	
   3.7200000e+02	   2.9653000e-02	
   3.7300000e+02	   3.1247000e-02	
   3.7400000e+02	   3.2916000e-02	
   3.7500000e+02	   3.4663000e-02	
   3.7600000e+02	   3.6490000e-02	
   3.7700000e+02	   3.8400000e-02	
   3.7800000e+02	   4.0397000e-02	
   3.7900000e+02	   4.2482000e-02	
   3.8000000e+02	   4.4661000e-02	
   3.8100000e+02	   4.6935000e-02	
   3.8200000e+02	   4.9308000e-02	
   3.8300000e+02	   5.1784000e-02	
   3.8400000e+02	   5.4366000e-02	
   3.8500000e+02	   5.7056000e-02	
   3.8600000e+02	   5.9859000e-02	
   3.8700000e+02	   6.2779000e-02	
   3.8800000e+02	   6.5818000e-02	
   3.8900000e+02	   6.8980000e-02	
   3.9000000e+02	   7.2269000e-02	
   3.9100000e+02	   7.5689000e-02	
   3.9200000e+02	   7.9242000e-02	
   3.9300000e+02	   8.2934000e-02	
   3.9400000e+02	   8.6766000e-02	
   3.9500000e+02	   9.0744000e-02	
   3.9600000e+02	   9.4870000e-02	
   3.9700000e+02	   9.9149000e-02	
   3.9800000e+02	   1.0358300e-01	
   3.9900000e+02	   1.0817600e-01	
   4.0000000e+02	   1.1293100e-01	
   4.0100000e+02	   1.1785300e-01	
   4.0200000e+02	   1.2294400e-01	
   4.0300000e+02	   1.2820800e-01	
   4.0400000e+02	   1.3364600e-01	
   4.0500000e+02	   1.3926400e-01	
   4.0600000e+02	   1.4506300e-01	
   4.0700000e+02	   1.5104600e-01	
   4.0800000e+02	   1.5721600e-01	
   4.0900000e+02	   1.6357500e-01	
   4.1000000e+02	   1.7012500e-01	
   4.1100000e+02	   1.7686900e-01	
   4.1200000e+02	   1.8380800e-01	
   4.1300000e+02	   1.9094400e-01	
   4.1400000e+02	   1.9827900e-01	
   4.1500000e+02	   2.0581300e-01	
   4.1600000e+02	   2.1354700e-01	
   4.1700000e+02	   2.2148300e-01	
   4.1800000e+02	   2.2961900e-01	
   4.1900000e+02	   2.3795800e-01	
   4.2000000e+02	   2.4649800e-01	
   4.2100000e+02	   2.5523800e-01	
   4.2200000e+02	   2.6417800e-01	
   4.2300000e+02	   2.7331700e-01	
   4.2400000e+02	   2.8265300e-01	
   4.2500000e+02	   2.9218400e-01	
   4.2600000e+02	   3.0190900e-01	
   4.2700000e+02	   3.1182300e-01	
   4.2800000e+02	   3.2192500e-01	
   4.2900000e+02	   3.3221100e-01	
   4.3000000e+02	   3.4267700e-01	
   4.3100000e+02	   3.5331900e-01	
   4.3200000e+02	   3.6413300e-01	
   4.3300000e+02	   3.7511300e-01	
   4.3400000e+02	   3.8625600e-01	
   4.3500000e+02	   3.9755400e-01	
   4.3600000e+02	   4.0900200e-01	
   4.3700000e+02	   4.2059300e-01	
   4.3800000e+02	   4.3232100e-01	
   4.3900000e+02	   4.4417900e-01	
   4.4000000e+02	   4.5616000e-01	
   4.4100000e+02	   4.6825500e-01	
   4.4200000e+02	   4.8045700e-01	
   4.4300000e+02	   4.9275700e-01	
   4.4400000e+02	   5.0514600e-01	
   4.4500000e+02	   5.1761700e-01	
   4.4600000e+02	   5.3015800e-01	
   4.4700000e+02	   5.4276200e-01	
   4.4800000e+02	   5.5541700e-01	
   4.4900000e+02	   5.6811500e-01	
   4.5000000e+02	   5.8084500e-01	
   4.5100000e+02	   5.9359600e-01	
   4.5200000e+02	   6.0635800e-01	
   4.5300000e+02	   6.1912000e-01	
   4.5400000e+02	   6.3187200e-01	
   4.5500000e+02	   6.4460200e-01	
   4.5600000e+02	   6.5729900e-01	
   4.5700000e+02	   6.6995100e-01	
   4.5800000e+02	   6.8254700e-01	
   4.5900000e+02	   6.9507600e-01	
   4.6000000e+02	   7.0752500e-01	
   4.6100000e+02	   7.1988300e-01	
   4.6200000e+02	   7.3213900e-01	
   4.6300000e+02	   7.4427900e-01	
   4.6400000e+02	   7.5629300e-01	
   4.6500000e+02	   7.6816700e-01	
   4.6600000e+02	   7.7989000e-01	
   4.6700000e+02	   7.9144900e-01	
   4.6800000e+02	   8.0283300e-01	
   4.6900000e+02	   8.1402900e-01	
   4.7000000e+02	   8.2502400e-01	
   4.7100000e+02	   8.3580600e-01	
   4.7200000e+02	   8.4636200e-01	
   4.7300000e+02	   8.5668000e-01	
   4.7400000e+02	   8.6674800e-01	
   4.7500000e+02	   8.7655200e-01	
   4.7600000e+02	   8.8607900e-01	
   4.7700000e+02	   8.9531800e-01	
   4.7800000e+02	   9.0425500e-01	
   4.7900000e+02	   9.1287800e-01	
   4.8000000e+02	   9.2117300e-01	
   4.8100000e+02	   9.2912700e-01	
   4.8200000e+02	   9.3672900e-01	
   4.8300000e+02	   9.4396400e-01	
   4.8400000e+02	   9.5081900e-01	
   4.8500000e+02	   9.5728300e-01	
   4.8600000e+02	   9.6334200e-01	
   4.8700000e+02	   9.6898300e-01	
   4.8800000e+02	   9.7419400e-01	
   4.8900000e+02	   9.7896200e-01	
   4.9000000e+02	   9.8327500e-01	
   4.9100000e+02	   9.8712100e-01	
   4.9200000e+02	   9.9048800e-01	
   4.9300000e+02	   9.9336300e-01	
   4.9400000e+02	   9.9573700e-01	
   4.9500000e+02	   9.9759800e-01	
   4.9600000e+02	   9.9893500e-01	
   4.9700000e+02	   9.9973900e-01	
   4.9800000e+02	   1.0000000e+00	
   4.9900000e+02	   9.9971000e-01	
   5.0000000e+02	   9.9886100e-01	
   5.0100000e+02	   9.9744500e-01	
   5.0200000e+02	   9.9545600e-01	
   5.0300000e+02	   9.9288900e-01	
   5.0400000e+02	   9.8974000e-01	
   5.0500000e+02	   9.8600500e-01	
   5.0600000e+02	   9.8168100e-01	
   5.0700000e+02	   9.7676900e-01	
   5.0800000e+02	   9.7126700e-01	
   5.0900000e+02	   9.6517900e-01	
   5.1000000e+02	   9.5850600e-01	
   5.1100000e+02	   9.5125400e-01	
   5.1200000e+02	   9.4342700e-01	
   5.1300000e+02	   9.3503500e-01	
   5.1400000e+02	   9.2608400e-01	
   5.1500000e+02	   9.1658700e-01	
   5.1600000e+02	   9.0655500e-01	
   5.1700000e+02	   8.9600100e-01	
   5.1800000e+02	   8.8494000e-01	
   5.1900000e+02	   8.7338800e-01	
   5.2000000e+02	   8.6136500e-01	
   5.2100000e+02	   8.4888700e-01	
   5.2200000e+02	   8.3597700e-01	
   5.2300000e+02	   8.2265500e-01	
   5.2400000e+02	   8.0894400e-01	
   5.2500000e+02	   7.9486800e-01	
   5.2600000e+02	   7.8045100e-01	
   5.2700000e+02	   7.6571900e-01	
   5.2800000e+02	   7.5069700e-01	
   5.2900000e+02	   7.3541300e-01	
   5.3000000e+02	   7.1989200e-01	
   5.3100000e+02	   7.0416200e-01	
   5.3200000e+02	   6.8825000e-01	
   5.3300000e+02	   6.7218400e-01	
   5.3400000e+02	   6.5599000e-01	
   5.3500000e+02	   6.3969600e-01	
   5.3600000e+02	   6.2332800e-01	
   5.3700000e+02	   6.0691200e-01	
   5.3800000e+02	   5.9047400e-01	
   5.3900000e+02	   5.7403800e-01	
   5.4000000e+02	   5.5762900e-01	
   5.4100000e+02	   5.4127000e-01	
   5.4200000e+02	   5.2498400e-01	
   5.4300000e+02	   5.0879200e-01	
   5.4400000e+02	   4.9271500e-01	
   5.4500000e+02	   4.7677200e-01	
   5.4600000e+02	   4.6098200e-01	
   5.4700000e+02	   4.4536400e-01	
   5.4800000e+02	   4.2993200e-01	
   5.4900000e+02	   4.1470300e-01	
   5.5000000e+02	   3.9969200e-01	
   5.5100000e+02	   3.8491200e-01	
   5.5200000e+02	   3.7037500e-01	
   5.5300000e+02	   3.5609400e-01	
   5.5400000e+02	   3.4207800e-01	
   5.5500000e+02	   3.2833700e-01	
   5.5600000e+02	   3.1488100e-01	
   5.5700000e+02	   3.0171700e-01	
   5.5800000e+02	   2.8885300e-01	
   5.5900000e+02	   2.7629400e-01	
   5.6000000e+02	   2.6404700e-01	
   5.6100000e+02	   2.5211700e-01	
   5.6200000e+02	   2.4050700e-01	
   5.6300000e+02	   2.2922200e-01	
   5.6400000e+02	   2.1826300e-01	
   5.6500000e+02	   2.0763500e-01	
   5.6600000e+02	   1.9733700e-01	
   5.6700000e+02	   1.8737100e-01	
   5.6800000e+02	   1.7773700e-01	
   5.6900000e+02	   1.6843600e-01	
   5.7000000e+02	   1.5946600e-01	
   5.7100000e+02	   1.5082700e-01	
   5.7200000e+02	   1.4251500e-01	
   5.7300000e+02	   1.3452900e-01	
   5.7400000e+02	   1.2686600e-01	
   5.7500000e+02	   1.1952100e-01	
   5.7600000e+02	   1.1249200e-01	
   5.7700000e+02	   1.0577200e-01	
   5.7800000e+02	   9.9357000e-02	
   5.7900000e+02	   9.3241000e-02	
   5.8000000e+02	   8.7418000e-02	
   5.8100000e+02	   8.1881000e-02	
   5.8200000e+02	   7.6624000e-02	
   5.8300000e+02	   7.1638000e-02	
   5.8400000e+02	   6.6917000e-02	
   5.8500000e+02	   6.2451000e-02	
   5.8600000e+02	   5.8233000e-02	
   5.8700000e+02	   5.4254000e-02	
   5.8800000e+02	   5.0505000e-02	
   5.8900000e+02	   4.6977000e-02	
   5.9000000e+02	   4.3663000e-02	
   5.9100000e+02	   4.0551000e-02	
   5.9200000e+02	   3.7634000e-02	
   5.9300000e+02	   3.4902000e-02	
   5.9400000e+02	   3.2347000e-02	
   5.9500000e+02	   2.9960000e-02	
   5.9600000e+02	   2.7732000e-02	
   5.9700000e+02	   2.5654000e-02	
   5.9800000e+02	   2.3719000e-02	
   5.9900000e+02	   2.1918000e-02	
   6.0000000e+02	   2.0244000e-02	
   6.0100000e+02	   1.8689000e-02	
   6.0200000e+02	   1.7246000e-02	
   6.0300000e+02	   1.5907000e-02	
   6.0400000e+02	   1.4667000e-02	
   6.0500000e+02	   1.3518000e-02	
   6.0600000e+02	   1.2456000e-02	
   6.0700000e+02	   1.1473000e-02	
   6.0800000e+02	   1.0564000e-02	
   6.0900000e+02	   9.7260000e-03	
   6.1000000e+02	   8.9510000e-03	
   6.1100000e+02	   8.2370000e-03	
   6.1200000e+02	   7.5780000e-03	
   6.1300000e+02	   6.9700000e-03	
   6.1400000e+02	   6.4110000e-03	
   6.1500000e+02	   5.8950000e-03	
   6.1600000e+02	   5.4200000e-03	
   6.1700000e+02	   4.9830000e-03	
   6.1800000e+02	   4.5810000e-03	
   6.1900000e+02	   4.2120000e-03	
   6.2000000e+02	   3.8710000e-03	
   6.2100000e+02	   3.5590000e-03	
   6.2200000e+02	   3.2710000e-03	
   6.2300000e+02	   3.0070000e-03	
   6.2400000e+02	   2.7640000e-03	
   6.2500000e+02	   2.5410000e-03	
   6.2600000e+02	   2.3350000e-03	
   6.2700000e+02	   2.1470000e-03	
   6.2800000e+02	   1.9740000e-03	
   6.2900000e+02	   1.8150000e-03	
   6.3000000e+02	   1.6690000e-03	
   6.3100000e+02	   1.5350000e-03	
   6.3200000e+02	   1.4110000e-03	
   6.3300000e+02	   1.2980000e-03	
   6.3400000e+02	   1.1940000e-03	
   6.3500000e+02	   1.0990000e-03	
   6.3600000e+02	   1.0110000e-03	
   6.3700000e+02	   9.3000000e-04	
   6.3800000e+02	   8.5600000e-04	
   6.3900000e+02	   7.8800000e-04	
   6.4000000e+02	   7.2500000e-04	
   6.4100000e+02	   6.6800000e-04	
   6.4200000e+02	   6.1500000e-04	
   6.4300000e+02	   5.6700000e-04	
   6.4400000e+02	   5.2200000e-04	
   6.4500000e+02	   4.8100000e-04	
   6.4600000e+02	   4.4300000e-04	
   6.4700000e+02	   4.0800000e-04	
   6.4800000e+02	   3.7700000e-04	
   6.4900000e+02	   3.4700000e-04	
   6.5000000e+02	   3.2000000e-04	
   6.5100000e+02	   2.9500000e-04	
   6.5200000e+02	   2.7200000e-04	
   6.5300000e+02	   2.5100000e-04	
   6.5400000e+02	   2.3200000e-04	
   6.5500000e+02	   2.1400000e-04	
   6.5600000e+02	   1.9800000e-04	
   6.5700000e+02	   1.8300000e-04	
   6.5800000e+02	   1.6900000e-04	
   6.5900000e+02	   1.5600000e-04	
   6.6000000e+02	   1.4400000e-04	
   6.6100000e+02	   1.3300000e-04	
   6.6200000e+02	   1.2300000e-04	
   6.6300000e+02	   1.1400000e-04	
   6.6400000e+02	   1.0500000e-04	
   6.6500000e+02	   9.7000000e-05	
   6.6600000e+02	   9.0000000e-05	
   6.6700000e+02	   8.3000000e-05	
   6.6800000e+02	   7.7000000e-05	
   6.6900000e+02	   7.1000000e-05	
   6.7000000e+02	   6.6000000e-05	
   6.7100000e+02	   6.1000000e-05	
   6.7200000e+02	   5.7000000e-05	
   6.7300000e+02	   5.3000000e-05	
   6.7400000e+02	   4.9000000e-05	
   6.7500000e+02	   4.5000000e-05	
   6.7600000e+02	   4.2000000e-05	
   6.7700000e+02	   3.9000000e-05	
   6.7800000e+02	   3.6000000e-05	
   6.7900000e+02	   3.3000000e-05	
   6.8000000e+02	   3.1000000e-05	
   6.8100000e+02	   2.9000000e-05	
   6.8200000e+02	   2.7000000e-05	
   6.8300000e+02	   2.5000000e-05	
   6.8400000e+02	   2.3000000e-05	
   6.8500000e+02	   2.1000000e-05	
   6.8600000e+02	   2.0000000e-05	
   6.8700000e+02	   1.8000000e-05	
   6.8800000e+02	   1.7000000e-05	
   6.8900000e+02	   1.6000000e-05	
   6.9000000e+02	   1.5000000e-05	
   6.9100000e+02	   1.4000000e-05	
   6.9200000e+02	   1.3000000e-05	
   6.9300000e+02	   1.2000000e-05	
   6.9400000e+02	   1.1000000e-05	
   6.9500000e+02	   1.0000000e-05	
   6.9600000e+02	   1.0000000e-05	
   6.9700000e+02	   9.0000000e-06	
   6.9800000e+02	   8.0000000e-06	
   6.9900000e+02	   8.0000000e-06	
   7.0000000e+02	   7.0000000e-06	
   7.0100000e+02	   7.0000000e-06	
   7.0200000e+02	   6.0000000e-06	
   7.0300000e+02	   6.0000000e-06	
   7.0400000e+02	   5.0000000e-06	
   7.0500000e+02	   5.0000000e-06	
   7.0600000e+02	   5.0000000e-06	
   7.0700000e+02	   4.0000000e-06	
   7.0800000e+02	   4.0000000e-06	
   7.0900000e+02	   4.0000000e-06	
   7.1000000e+02	   4.0000000e-06	
   7.1100000e+02	   3.0000000e-06	
   7.1200000e+02	   3.0000000e-06	
   7.1300000e+02	   3.0000000e-06	
   7.1400000e+02	   3.0000000e-06	
   7.1500000e+02	   3.0000000e-06	
   7.1600000e+02	   2.0000000e-06	
   7.1700000e+02	   2.0000000e-06	
   7.1800000e+02	   2.0000000e-06	
   7.1900000e+02	   2.0000000e-06	
   7.2000000e+02	   2.0000000e-06	
