   7.0588000e-02	
   2.3989000e-01	
   2.4901000e-01	
   2.5495000e-01	
   2.5965000e-01	
   2.6384000e-01	
   2.6772000e-01	
   2.7123000e-01	
   2.7457000e-01	
   2.7767000e-01	
   2.8094000e-01	
   2.8458000e-01	
   2.8858000e-01	
   2.9175000e-01	
   2.9433000e-01	
   2.9692000e-01	
   2.9932000e-01	
   3.0159000e-01	
   3.0376000e-01	
   3.0592000e-01	
   3.0808000e-01	
   3.1021000e-01	
   3.1219000e-01	
   3.1433000e-01	
   3.1703000e-01	
   3.1936000e-01	
   3.2158000e-01	
   3.2367000e-01	
   3.2576000e-01	
   3.2779000e-01	
   3.2984000e-01	
   3.3202000e-01	
   3.3418000e-01	
   3.3632000e-01	
   3.3866000e-01	
   3.4117000e-01	
   3.4481000e-01	
   3.4791000e-01	
   3.5068000e-01	
   3.5328000e-01	
   3.5588000e-01	
   3.5852000e-01	
   3.6119000e-01	
   3.6389000e-01	
   3.6665000e-01	
   3.6943000e-01	
   3.7220000e-01	
   3.7529000e-01	
   3.7875000e-01	
   3.8216000e-01	
   3.8531000e-01	
   3.8833000e-01	
   3.9142000e-01	
   3.9438000e-01	
   3.9736000e-01	
   4.0043000e-01	
   4.0355000e-01	
   4.0659000e-01	
   4.0968000e-01	
   4.1316000e-01	
   4.1766000e-01	
   4.2189000e-01	
   4.2532000e-01	
   4.2850000e-01	
   4.3164000e-01	
   4.3472000e-01	
   4.3783000e-01	
   4.4092000e-01	
   4.4402000e-01	
   4.4721000e-01	
   4.5041000e-01	
   4.5383000e-01	
   4.5772000e-01	
   4.6152000e-01	
   4.6492000e-01	
   4.6813000e-01	
   4.7128000e-01	
   4.7436000e-01	
   4.7747000e-01	
   4.8058000e-01	
   4.8368000e-01	
   4.8676000e-01	
   4.8988000e-01	
   4.9329000e-01	
   4.9778000e-01	
   5.0129000e-01	
   5.0454000e-01	
   5.0779000e-01	
   5.1100000e-01	
   5.1409000e-01	
   5.1707000e-01	
   5.1996000e-01	
   5.2294000e-01	
   5.2602000e-01	
   5.2889000e-01	
   5.3202000e-01	
   5.3527000e-01	
   5.3849000e-01	
   5.4162000e-01	
   5.4485000e-01	
   5.4788000e-01	
   5.5091000e-01	
   5.5392000e-01	
   5.5690000e-01	
   5.5993000e-01	
   5.6279000e-01	
   5.6568000e-01	
   5.6885000e-01	
   5.7299000e-01	
   5.7742000e-01	
   5.8088000e-01	
   5.8397000e-01	
   5.8695000e-01	
   5.8992000e-01	
   5.9294000e-01	
   5.9616000e-01	
   5.9918000e-01	
   6.0203000e-01	
   6.0490000e-01	
   6.0797000e-01	
   6.1151000e-01	
   6.1544000e-01	
   6.1858000e-01	
   6.2155000e-01	
   6.2451000e-01	
   6.2757000e-01	
   6.3042000e-01	
   6.3334000e-01	
   6.3629000e-01	
   6.3923000e-01	
   6.4215000e-01	
   6.4528000e-01	
   6.4909000e-01	
   6.5331000e-01	
   6.5676000e-01	
   6.5978000e-01	
   6.6268000e-01	
   6.6575000e-01	
   6.6855000e-01	
   6.7128000e-01	
   6.7416000e-01	
   6.7711000e-01	
   6.7991000e-01	
   6.8263000e-01	
   6.8600000e-01	
   6.8919000e-01	
   6.9231000e-01	
   6.9527000e-01	
   6.9803000e-01	
   7.0091000e-01	
   7.0371000e-01	
   7.0648000e-01	
   7.0927000e-01	
   7.1204000e-01	
   7.1481000e-01	
   7.1761000e-01	
   7.2134000e-01	
   7.2575000e-01	
   7.2908000e-01	
   7.3201000e-01	
   7.3482000e-01	
   7.3757000e-01	
   7.4033000e-01	
   7.4312000e-01	
   7.4590000e-01	
   7.4861000e-01	
   7.5092000e-01	
   7.5326000e-01	
   7.5641000e-01	
   7.5984000e-01	
   7.6292000e-01	
   7.6578000e-01	
   7.6851000e-01	
   7.7126000e-01	
   7.7404000e-01	
   7.7684000e-01	
   7.7957000e-01	
   7.8231000e-01	
   7.8506000e-01	
   7.8776000e-01	
   7.9122000e-01	
   7.9511000e-01	
   7.9844000e-01	
   8.0134000e-01	
   8.0403000e-01	
   8.0675000e-01	
   8.0937000e-01	
   8.1193000e-01	
   8.1453000e-01	
   8.1710000e-01	
   8.1963000e-01	
   8.2206000e-01	
   8.2459000e-01	
   8.2728000e-01	
   8.3024000e-01	
   8.3299000e-01	
   8.3560000e-01	
   8.3821000e-01	
   8.4079000e-01	
   8.4338000e-01	
   8.4609000e-01	
   8.4882000e-01	
   8.5151000e-01	
   8.5402000e-01	
   8.5704000e-01	
   8.6078000e-01	
   8.6435000e-01	
   8.6727000e-01	
   8.6991000e-01	
   8.7253000e-01	
   8.7513000e-01	
   8.7775000e-01	
   8.8034000e-01	
   8.8293000e-01	
   8.8549000e-01	
   8.8807000e-01	
   8.9079000e-01	
   8.9414000e-01	
   8.9717000e-01	
   8.9988000e-01	
   9.0246000e-01	
   9.0506000e-01	
   9.0764000e-01	
   9.1019000e-01	
   9.1268000e-01	
   9.1519000e-01	
   9.1772000e-01	
   9.2020000e-01	
   9.2317000e-01	
   9.2679000e-01	
   9.3027000e-01	
   9.3321000e-01	
   9.3558000e-01	
   9.3791000e-01	
   9.4020000e-01	
   9.4265000e-01	
   9.4521000e-01	
   9.4763000e-01	
   9.5011000e-01	
   9.5266000e-01	
   9.5531000e-01	
   9.5763000e-01	
   9.5949000e-01	
   9.6174000e-01	
   9.6488000e-01	
   9.6800000e-01	
   9.7138000e-01	
   9.7495000e-01	
   9.7827000e-01	
   9.8143000e-01	
   9.8468000e-01	
   9.8761000e-01	
   9.9062000e-01	
   9.9401000e-01	
   9.9729000e-01	
   1.0000000e+00	
