   1.8824000e-01	
   2.4692000e-01	
   2.5563000e-01	
   2.6238000e-01	
   2.6768000e-01	
   2.7230000e-01	
   2.7633000e-01	
   2.8002000e-01	
   2.8373000e-01	
   2.8732000e-01	
   2.9075000e-01	
   2.9386000e-01	
   2.9712000e-01	
   3.0039000e-01	
   3.0362000e-01	
   3.0683000e-01	
   3.1007000e-01	
   3.1305000e-01	
   3.1857000e-01	
   3.2219000e-01	
   3.2509000e-01	
   3.2784000e-01	
   3.3049000e-01	
   3.3305000e-01	
   3.3555000e-01	
   3.3806000e-01	
   3.4059000e-01	
   3.4312000e-01	
   3.4564000e-01	
   3.4808000e-01	
   3.5105000e-01	
   3.5454000e-01	
   3.5798000e-01	
   3.6091000e-01	
   3.6362000e-01	
   3.6631000e-01	
   3.6901000e-01	
   3.7178000e-01	
   3.7461000e-01	
   3.7744000e-01	
   3.8023000e-01	
   3.8315000e-01	
   3.8598000e-01	
   3.8880000e-01	
   3.9182000e-01	
   3.9509000e-01	
   3.9836000e-01	
   4.0157000e-01	
   4.0471000e-01	
   4.0780000e-01	
   4.1081000e-01	
   4.1384000e-01	
   4.1689000e-01	
   4.1993000e-01	
   4.2304000e-01	
   4.2606000e-01	
   4.2912000e-01	
   4.3246000e-01	
   4.3664000e-01	
   4.4097000e-01	
   4.4459000e-01	
   4.4792000e-01	
   4.5103000e-01	
   4.5411000e-01	
   4.5720000e-01	
   4.6029000e-01	
   4.6340000e-01	
   4.6655000e-01	
   4.6958000e-01	
   4.7257000e-01	
   4.7568000e-01	
   4.7929000e-01	
   4.8395000e-01	
   4.8816000e-01	
   4.9161000e-01	
   4.9477000e-01	
   4.9792000e-01	
   5.0037000e-01	
   5.0298000e-01	
   5.0595000e-01	
   5.0909000e-01	
   5.1225000e-01	
   5.1531000e-01	
   5.1825000e-01	
   5.2115000e-01	
   5.2507000e-01	
   5.2942000e-01	
   5.3341000e-01	
   5.3652000e-01	
   5.3948000e-01	
   5.4243000e-01	
   5.4540000e-01	
   5.4828000e-01	
   5.5123000e-01	
   5.5424000e-01	
   5.5724000e-01	
   5.6002000e-01	
   5.6272000e-01	
   5.6556000e-01	
   5.6884000e-01	
   5.7213000e-01	
   5.7515000e-01	
   5.7808000e-01	
   5.8100000e-01	
   5.8406000e-01	
   5.8688000e-01	
   5.8972000e-01	
   5.9265000e-01	
   5.9576000e-01	
   5.9878000e-01	
   6.0160000e-01	
   6.0440000e-01	
   6.0803000e-01	
   6.1229000e-01	
   6.1596000e-01	
   6.1878000e-01	
   6.2171000e-01	
   6.2464000e-01	
   6.2748000e-01	
   6.3031000e-01	
   6.3316000e-01	
   6.3600000e-01	
   6.3876000e-01	
   6.4158000e-01	
   6.4440000e-01	
   6.4725000e-01	
   6.5139000e-01	
   6.5568000e-01	
   6.5911000e-01	
   6.6204000e-01	
   6.6493000e-01	
   6.6769000e-01	
   6.7029000e-01	
   6.7301000e-01	
   6.7583000e-01	
   6.7872000e-01	
   6.8143000e-01	
   6.8419000e-01	
   6.8704000e-01	
   6.9010000e-01	
   6.9415000e-01	
   6.9761000e-01	
   7.0066000e-01	
   7.0348000e-01	
   7.0615000e-01	
   7.0875000e-01	
   7.1139000e-01	
   7.1405000e-01	
   7.1674000e-01	
   7.1956000e-01	
   7.2237000e-01	
   7.2504000e-01	
   7.2774000e-01	
   7.3056000e-01	
   7.3355000e-01	
   7.3634000e-01	
   7.3909000e-01	
   7.4178000e-01	
   7.4440000e-01	
   7.4701000e-01	
   7.4952000e-01	
   7.5177000e-01	
   7.5422000e-01	
   7.5689000e-01	
   7.5929000e-01	
   7.6188000e-01	
   7.6481000e-01	
   7.6883000e-01	
   7.7249000e-01	
   7.7542000e-01	
   7.7811000e-01	
   7.8069000e-01	
   7.8337000e-01	
   7.8597000e-01	
   7.8855000e-01	
   7.9125000e-01	
   7.9381000e-01	
   7.9630000e-01	
   7.9887000e-01	
   8.0164000e-01	
   8.0483000e-01	
   8.0877000e-01	
   8.1206000e-01	
   8.1460000e-01	
   8.1715000e-01	
   8.1968000e-01	
   8.2213000e-01	
   8.2460000e-01	
   8.2712000e-01	
   8.2975000e-01	
   8.3238000e-01	
   8.3499000e-01	
   8.3750000e-01	
   8.4025000e-01	
   8.4361000e-01	
   8.4728000e-01	
   8.5022000e-01	
   8.5286000e-01	
   8.5537000e-01	
   8.5777000e-01	
   8.6033000e-01	
   8.6300000e-01	
   8.6548000e-01	
   8.6795000e-01	
   8.7041000e-01	
   8.7277000e-01	
   8.7512000e-01	
   8.7743000e-01	
   8.7987000e-01	
   8.8239000e-01	
   8.8491000e-01	
   8.8740000e-01	
   8.8988000e-01	
   8.9236000e-01	
   8.9482000e-01	
   8.9722000e-01	
   8.9971000e-01	
   9.0223000e-01	
   9.0465000e-01	
   9.0709000e-01	
   9.0957000e-01	
   9.1279000e-01	
   9.1616000e-01	
   9.1905000e-01	
   9.2155000e-01	
   9.2401000e-01	
   9.2641000e-01	
   9.2873000e-01	
   9.3124000e-01	
   9.3378000e-01	
   9.3610000e-01	
   9.3837000e-01	
   9.4058000e-01	
   9.4300000e-01	
   9.4566000e-01	
   9.4920000e-01	
   9.5272000e-01	
   9.5528000e-01	
   9.5777000e-01	
   9.6026000e-01	
   9.6264000e-01	
   9.6497000e-01	
   9.6726000e-01	
   9.6958000e-01	
   9.7194000e-01	
   9.7432000e-01	
   9.7672000e-01	
   9.7924000e-01	
   9.8221000e-01	
   9.8542000e-01	
   9.8834000e-01	
   9.9079000e-01	
   9.9319000e-01	
   9.9550000e-01	
   9.9776000e-01	
   1.0000000e+00	
