   6.6667000e-02	
   2.3557000e-01	
   2.4514000e-01	
   2.5023000e-01	
   2.5457000e-01	
   2.5833000e-01	
   2.6159000e-01	
   2.6463000e-01	
   2.6750000e-01	
   2.7018000e-01	
   2.7304000e-01	
   2.7648000e-01	
   2.7995000e-01	
   2.8279000e-01	
   2.8507000e-01	
   2.8729000e-01	
   2.8946000e-01	
   2.9151000e-01	
   2.9352000e-01	
   2.9559000e-01	
   2.9768000e-01	
   3.0002000e-01	
   3.0237000e-01	
   3.0456000e-01	
   3.0664000e-01	
   3.0855000e-01	
   3.1042000e-01	
   3.1220000e-01	
   3.1400000e-01	
   3.1586000e-01	
   3.1773000e-01	
   3.1985000e-01	
   3.2210000e-01	
   3.2495000e-01	
   3.2719000e-01	
   3.2929000e-01	
   3.3132000e-01	
   3.3335000e-01	
   3.3542000e-01	
   3.3749000e-01	
   3.3962000e-01	
   3.4180000e-01	
   3.4409000e-01	
   3.4664000e-01	
   3.4935000e-01	
   3.5185000e-01	
   3.5439000e-01	
   3.5695000e-01	
   3.5943000e-01	
   3.6203000e-01	
   3.6475000e-01	
   3.6735000e-01	
   3.7011000e-01	
   3.7326000e-01	
   3.7746000e-01	
   3.8105000e-01	
   3.8396000e-01	
   3.8690000e-01	
   3.8977000e-01	
   3.9259000e-01	
   3.9551000e-01	
   3.9846000e-01	
   4.0142000e-01	
   4.0449000e-01	
   4.0804000e-01	
   4.1193000e-01	
   4.1511000e-01	
   4.1821000e-01	
   4.2123000e-01	
   4.2421000e-01	
   4.2725000e-01	
   4.3027000e-01	
   4.3329000e-01	
   4.3637000e-01	
   4.3971000e-01	
   4.4407000e-01	
   4.4819000e-01	
   4.5141000e-01	
   4.5450000e-01	
   4.5762000e-01	
   4.6070000e-01	
   4.6377000e-01	
   4.6687000e-01	
   4.6982000e-01	
   4.7271000e-01	
   4.7571000e-01	
   4.7893000e-01	
   4.8219000e-01	
   4.8531000e-01	
   4.8843000e-01	
   4.9150000e-01	
   4.9452000e-01	
   4.9762000e-01	
   5.0016000e-01	
   5.0279000e-01	
   5.0590000e-01	
   5.1053000e-01	
   5.1480000e-01	
   5.1806000e-01	
   5.2090000e-01	
   5.2398000e-01	
   5.2704000e-01	
   5.3009000e-01	
   5.3342000e-01	
   5.3649000e-01	
   5.3951000e-01	
   5.4290000e-01	
   5.4683000e-01	
   5.5049000e-01	
   5.5371000e-01	
   5.5683000e-01	
   5.5974000e-01	
   5.6262000e-01	
   5.6556000e-01	
   5.6872000e-01	
   5.7174000e-01	
   5.7492000e-01	
   5.7886000e-01	
   5.8316000e-01	
   5.8660000e-01	
   5.8974000e-01	
   5.9287000e-01	
   5.9606000e-01	
   5.9913000e-01	
   6.0206000e-01	
   6.0503000e-01	
   6.0815000e-01	
   6.1122000e-01	
   6.1472000e-01	
   6.1805000e-01	
   6.2120000e-01	
   6.2426000e-01	
   6.2728000e-01	
   6.3020000e-01	
   6.3318000e-01	
   6.3620000e-01	
   6.3921000e-01	
   6.4218000e-01	
   6.4587000e-01	
   6.5026000e-01	
   6.5388000e-01	
   6.5701000e-01	
   6.6001000e-01	
   6.6305000e-01	
   6.6604000e-01	
   6.6900000e-01	
   6.7192000e-01	
   6.7485000e-01	
   6.7797000e-01	
   6.8153000e-01	
   6.8527000e-01	
   6.8838000e-01	
   6.9126000e-01	
   6.9414000e-01	
   6.9693000e-01	
   6.9993000e-01	
   7.0301000e-01	
   7.0596000e-01	
   7.0874000e-01	
   7.1214000e-01	
   7.1631000e-01	
   7.2013000e-01	
   7.2334000e-01	
   7.2630000e-01	
   7.2923000e-01	
   7.3219000e-01	
   7.3508000e-01	
   7.3792000e-01	
   7.4071000e-01	
   7.4340000e-01	
   7.4621000e-01	
   7.4925000e-01	
   7.5182000e-01	
   7.5460000e-01	
   7.5749000e-01	
   7.6025000e-01	
   7.6308000e-01	
   7.6598000e-01	
   7.6894000e-01	
   7.7170000e-01	
   7.7494000e-01	
   7.7911000e-01	
   7.8293000e-01	
   7.8607000e-01	
   7.8898000e-01	
   7.9193000e-01	
   7.9471000e-01	
   7.9753000e-01	
   8.0039000e-01	
   8.0323000e-01	
   8.0610000e-01	
   8.0924000e-01	
   8.1265000e-01	
   8.1572000e-01	
   8.1856000e-01	
   8.2131000e-01	
   8.2405000e-01	
   8.2690000e-01	
   8.2979000e-01	
   8.3263000e-01	
   8.3541000e-01	
   8.3830000e-01	
   8.4210000e-01	
   8.4621000e-01	
   8.4959000e-01	
   8.5254000e-01	
   8.5529000e-01	
   8.5797000e-01	
   8.6081000e-01	
   8.6367000e-01	
   8.6640000e-01	
   8.6915000e-01	
   8.7208000e-01	
   8.7495000e-01	
   8.7693000e-01	
   8.7944000e-01	
   8.8327000e-01	
   8.8639000e-01	
   8.9070000e-01	
   8.9427000e-01	
   8.9826000e-01	
   9.0201000e-01	
   9.0526000e-01	
   9.0896000e-01	
   9.1260000e-01	
   9.1631000e-01	
   9.1956000e-01	
   9.2251000e-01	
   9.2540000e-01	
   9.2821000e-01	
   9.3128000e-01	
   9.3430000e-01	
   9.3691000e-01	
   9.3955000e-01	
   9.4229000e-01	
   9.4516000e-01	
   9.4785000e-01	
   9.5070000e-01	
   9.5364000e-01	
   9.5653000e-01	
   9.5931000e-01	
   9.6213000e-01	
   9.6500000e-01	
   9.6770000e-01	
   9.7032000e-01	
   9.7291000e-01	
   9.7557000e-01	
   9.7838000e-01	
   9.8131000e-01	
   9.8429000e-01	
   9.8697000e-01	
   9.8951000e-01	
   9.9194000e-01	
   9.9477000e-01	
   9.9746000e-01	
   1.0000000e+00	
