   3.0000000e+02	   1.0357500e-01	
   3.0020000e+02	   1.0414800e-01	
   3.0040000e+02	   1.0472300e-01	
   3.0060000e+02	   1.0529900e-01	
   3.0080000e+02	   1.0587600e-01	
   3.0100000e+02	   1.0645400e-01	
   3.0120000e+02	   1.0703400e-01	
   3.0140000e+02	   1.0761600e-01	
   3.0160000e+02	   1.0819900e-01	
   3.0180000e+02	   1.0878300e-01	
   3.0200000e+02	   1.0936800e-01	
   3.0220000e+02	   1.0995500e-01	
   3.0240000e+02	   1.1054300e-01	
   3.0260000e+02	   1.1113200e-01	
   3.0280000e+02	   1.1172300e-01	
   3.0300000e+02	   1.1231500e-01	
   3.0320000e+02	   1.1290800e-01	
   3.0340000e+02	   1.1350300e-01	
   3.0360000e+02	   1.1409800e-01	
   3.0380000e+02	   1.1469500e-01	
   3.0400000e+02	   1.1529400e-01	
   3.0420000e+02	   1.1589300e-01	
   3.0440000e+02	   1.1649300e-01	
   3.0460000e+02	   1.1709500e-01	
   3.0480000e+02	   1.1769800e-01	
   3.0500000e+02	   1.1830200e-01	
   3.0520000e+02	   1.1890700e-01	
   3.0540000e+02	   1.1951400e-01	
   3.0560000e+02	   1.2012100e-01	
   3.0580000e+02	   1.2073000e-01	
   3.0600000e+02	   1.2133900e-01	
   3.0620000e+02	   1.2195000e-01	
   3.0640000e+02	   1.2256100e-01	
   3.0660000e+02	   1.2317400e-01	
   3.0680000e+02	   1.2378800e-01	
   3.0700000e+02	   1.2440200e-01	
   3.0720000e+02	   1.2501800e-01	
   3.0740000e+02	   1.2563500e-01	
   3.0760000e+02	   1.2625200e-01	
   3.0780000e+02	   1.2687100e-01	
   3.0800000e+02	   1.2749000e-01	
   3.0820000e+02	   1.2811100e-01	
   3.0840000e+02	   1.2873200e-01	
   3.0860000e+02	   1.2935400e-01	
   3.0880000e+02	   1.2997700e-01	
   3.0900000e+02	   1.3060100e-01	
   3.0920000e+02	   1.3122600e-01	
   3.0940000e+02	   1.3185100e-01	
   3.0960000e+02	   1.3247700e-01	
   3.0980000e+02	   1.3310400e-01	
   3.1000000e+02	   1.3373200e-01	
   3.1020000e+02	   1.3436100e-01	
   3.1040000e+02	   1.3499000e-01	
   3.1060000e+02	   1.3562000e-01	
   3.1080000e+02	   1.3625000e-01	
   3.1100000e+02	   1.3688200e-01	
   3.1120000e+02	   1.3751400e-01	
   3.1140000e+02	   1.3814600e-01	
   3.1160000e+02	   1.3877900e-01	
   3.1180000e+02	   1.3941300e-01	
   3.1200000e+02	   1.4004800e-01	
   3.1220000e+02	   1.4068300e-01	
   3.1240000e+02	   1.4131800e-01	
   3.1260000e+02	   1.4195400e-01	
   3.1280000e+02	   1.4259000e-01	
   3.1300000e+02	   1.4322700e-01	
   3.1320000e+02	   1.4386500e-01	
   3.1340000e+02	   1.4450300e-01	
   3.1360000e+02	   1.4514100e-01	
   3.1380000e+02	   1.4578000e-01	
   3.1400000e+02	   1.4641900e-01	
   3.1420000e+02	   1.4705800e-01	
   3.1440000e+02	   1.4769800e-01	
   3.1460000e+02	   1.4833800e-01	
   3.1480000e+02	   1.4897900e-01	
   3.1500000e+02	   1.4962000e-01	
   3.1520000e+02	   1.5026100e-01	
   3.1540000e+02	   1.5090200e-01	
   3.1560000e+02	   1.5154300e-01	
   3.1580000e+02	   1.5218500e-01	
   3.1600000e+02	   1.5282700e-01	
   3.1620000e+02	   1.5346900e-01	
   3.1640000e+02	   1.5411100e-01	
   3.1660000e+02	   1.5475400e-01	
   3.1680000e+02	   1.5539600e-01	
   3.1700000e+02	   1.5603900e-01	
   3.1720000e+02	   1.5668200e-01	
   3.1740000e+02	   1.5732400e-01	
   3.1760000e+02	   1.5796700e-01	
   3.1780000e+02	   1.5861000e-01	
   3.1800000e+02	   1.5925200e-01	
   3.1820000e+02	   1.5989500e-01	
   3.1840000e+02	   1.6053800e-01	
   3.1860000e+02	   1.6118000e-01	
   3.1880000e+02	   1.6182200e-01	
   3.1900000e+02	   1.6246500e-01	
   3.1920000e+02	   1.6310700e-01	
   3.1940000e+02	   1.6374900e-01	
   3.1960000e+02	   1.6439100e-01	
   3.1980000e+02	   1.6503200e-01	
   3.2000000e+02	   1.6567400e-01	
   3.2020000e+02	   1.6631500e-01	
   3.2040000e+02	   1.6695500e-01	
   3.2060000e+02	   1.6759600e-01	
   3.2080000e+02	   1.6823600e-01	
   3.2100000e+02	   1.6887600e-01	
   3.2120000e+02	   1.6951500e-01	
   3.2140000e+02	   1.7015500e-01	
   3.2160000e+02	   1.7079300e-01	
   3.2180000e+02	   1.7143100e-01	
   3.2200000e+02	   1.7206900e-01	
   3.2220000e+02	   1.7270700e-01	
   3.2240000e+02	   1.7334300e-01	
   3.2260000e+02	   1.7398000e-01	
   3.2280000e+02	   1.7461500e-01	
   3.2300000e+02	   1.7525100e-01	
   3.2320000e+02	   1.7588500e-01	
   3.2340000e+02	   1.7651900e-01	
   3.2360000e+02	   1.7715200e-01	
   3.2380000e+02	   1.7778500e-01	
   3.2400000e+02	   1.7841700e-01	
   3.2420000e+02	   1.7904800e-01	
   3.2440000e+02	   1.7967900e-01	
   3.2460000e+02	   1.8030800e-01	
   3.2480000e+02	   1.8093700e-01	
   3.2500000e+02	   1.8156600e-01	
   3.2520000e+02	   1.8219300e-01	
   3.2540000e+02	   1.8282000e-01	
   3.2560000e+02	   1.8344500e-01	
   3.2580000e+02	   1.8407000e-01	
   3.2600000e+02	   1.8469400e-01	
   3.2620000e+02	   1.8531700e-01	
   3.2640000e+02	   1.8593800e-01	
   3.2660000e+02	   1.8655900e-01	
   3.2680000e+02	   1.8717900e-01	
   3.2700000e+02	   1.8779800e-01	
   3.2720000e+02	   1.8841600e-01	
   3.2740000e+02	   1.8903300e-01	
   3.2760000e+02	   1.8964800e-01	
   3.2780000e+02	   1.9026300e-01	
   3.2800000e+02	   1.9087600e-01	
   3.2820000e+02	   1.9148800e-01	
   3.2840000e+02	   1.9209900e-01	
   3.2860000e+02	   1.9270900e-01	
   3.2880000e+02	   1.9331700e-01	
   3.2900000e+02	   1.9392400e-01	
   3.2920000e+02	   1.9453000e-01	
   3.2940000e+02	   1.9513500e-01	
   3.2960000e+02	   1.9573800e-01	
   3.2980000e+02	   1.9634000e-01	
   3.3000000e+02	   1.9694000e-01	
   3.3020000e+02	   1.9753900e-01	
   3.3040000e+02	   1.9813700e-01	
   3.3060000e+02	   1.9873300e-01	
   3.3080000e+02	   1.9932800e-01	
   3.3100000e+02	   1.9992100e-01	
   3.3120000e+02	   2.0051200e-01	
   3.3140000e+02	   2.0110200e-01	
   3.3160000e+02	   2.0169100e-01	
   3.3180000e+02	   2.0227800e-01	
   3.3200000e+02	   2.0286300e-01	
   3.3220000e+02	   2.0344600e-01	
   3.3240000e+02	   2.0402800e-01	
   3.3260000e+02	   2.0460800e-01	
   3.3280000e+02	   2.0518700e-01	
   3.3300000e+02	   2.0576300e-01	
   3.3320000e+02	   2.0633800e-01	
   3.3340000e+02	   2.0691100e-01	
   3.3360000e+02	   2.0748300e-01	
   3.3380000e+02	   2.0805200e-01	
   3.3400000e+02	   2.0862000e-01	
   3.3420000e+02	   2.0918500e-01	
   3.3440000e+02	   2.0974900e-01	
   3.3460000e+02	   2.1031100e-01	
   3.3480000e+02	   2.1087100e-01	
   3.3500000e+02	   2.1142800e-01	
   3.3520000e+02	   2.1198400e-01	
   3.3540000e+02	   2.1253800e-01	
   3.3560000e+02	   2.1309000e-01	
   3.3580000e+02	   2.1363900e-01	
   3.3600000e+02	   2.1418700e-01	
   3.3620000e+02	   2.1473200e-01	
   3.3640000e+02	   2.1527600e-01	
   3.3660000e+02	   2.1581700e-01	
   3.3680000e+02	   2.1635600e-01	
   3.3700000e+02	   2.1689200e-01	
   3.3720000e+02	   2.1742700e-01	
   3.3740000e+02	   2.1795900e-01	
   3.3760000e+02	   2.1848900e-01	
   3.3780000e+02	   2.1901700e-01	
   3.3800000e+02	   2.1954200e-01	
   3.3820000e+02	   2.2006500e-01	
   3.3840000e+02	   2.2058500e-01	
   3.3860000e+02	   2.2110300e-01	
   3.3880000e+02	   2.2161900e-01	
   3.3900000e+02	   2.2213200e-01	
   3.3920000e+02	   2.2264300e-01	
   3.3940000e+02	   2.2315100e-01	
   3.3960000e+02	   2.2365700e-01	
   3.3980000e+02	   2.2416100e-01	
   3.4000000e+02	   2.2466100e-01	
   3.4020000e+02	   2.2515900e-01	
   3.4040000e+02	   2.2565500e-01	
   3.4060000e+02	   2.2614800e-01	
   3.4080000e+02	   2.2663800e-01	
   3.4100000e+02	   2.2712600e-01	
   3.4120000e+02	   2.2761100e-01	
   3.4140000e+02	   2.2809300e-01	
   3.4160000e+02	   2.2857300e-01	
   3.4180000e+02	   2.2905000e-01	
   3.4200000e+02	   2.2952400e-01	
   3.4220000e+02	   2.2999500e-01	
   3.4240000e+02	   2.3046300e-01	
   3.4260000e+02	   2.3092900e-01	
   3.4280000e+02	   2.3139200e-01	
   3.4300000e+02	   2.3185200e-01	
   3.4320000e+02	   2.3230900e-01	
   3.4340000e+02	   2.3276300e-01	
   3.4360000e+02	   2.3321400e-01	
   3.4380000e+02	   2.3366200e-01	
   3.4400000e+02	   2.3410700e-01	
   3.4420000e+02	   2.3455000e-01	
   3.4440000e+02	   2.3498900e-01	
   3.4460000e+02	   2.3542500e-01	
   3.4480000e+02	   2.3585800e-01	
   3.4500000e+02	   2.3628800e-01	
   3.4520000e+02	   2.3671600e-01	
   3.4540000e+02	   2.3713900e-01	
   3.4560000e+02	   2.3756000e-01	
   3.4580000e+02	   2.3797800e-01	
   3.4600000e+02	   2.3839300e-01	
   3.4620000e+02	   2.3880400e-01	
   3.4640000e+02	   2.3921200e-01	
   3.4660000e+02	   2.3961700e-01	
   3.4680000e+02	   2.4001900e-01	
   3.4700000e+02	   2.4041700e-01	
   3.4720000e+02	   2.4081200e-01	
   3.4740000e+02	   2.4120400e-01	
   3.4760000e+02	   2.4159300e-01	
   3.4780000e+02	   2.4197800e-01	
   3.4800000e+02	   2.4236000e-01	
   3.4820000e+02	   2.4273900e-01	
   3.4840000e+02	   2.4311400e-01	
   3.4860000e+02	   2.4348600e-01	
   3.4880000e+02	   2.4385500e-01	
   3.4900000e+02	   2.4422000e-01	
   3.4920000e+02	   2.4458100e-01	
   3.4940000e+02	   2.4494000e-01	
   3.4960000e+02	   2.4529400e-01	
   3.4980000e+02	   2.4564500e-01	
   3.5000000e+02	   2.4599300e-01	
   3.5020000e+02	   2.4633700e-01	
   3.5040000e+02	   2.4667800e-01	
   3.5060000e+02	   2.4701500e-01	
   3.5080000e+02	   2.4734900e-01	
   3.5100000e+02	   2.4767900e-01	
   3.5120000e+02	   2.4800500e-01	
   3.5140000e+02	   2.4832800e-01	
   3.5160000e+02	   2.4864800e-01	
   3.5180000e+02	   2.4896300e-01	
   3.5200000e+02	   2.4927500e-01	
   3.5220000e+02	   2.4958400e-01	
   3.5240000e+02	   2.4988800e-01	
   3.5260000e+02	   2.5018900e-01	
   3.5280000e+02	   2.5048600e-01	
   3.5300000e+02	   2.5078000e-01	
   3.5320000e+02	   2.5107000e-01	
   3.5340000e+02	   2.5135600e-01	
   3.5360000e+02	   2.5163800e-01	
   3.5380000e+02	   2.5191700e-01	
   3.5400000e+02	   2.5219200e-01	
   3.5420000e+02	   2.5246300e-01	
   3.5440000e+02	   2.5273000e-01	
   3.5460000e+02	   2.5299400e-01	
   3.5480000e+02	   2.5325400e-01	
   3.5500000e+02	   2.5350900e-01	
   3.5520000e+02	   2.5376100e-01	
   3.5540000e+02	   2.5401000e-01	
   3.5560000e+02	   2.5425400e-01	
   3.5580000e+02	   2.5449400e-01	
   3.5600000e+02	   2.5473100e-01	
   3.5620000e+02	   2.5496400e-01	
   3.5640000e+02	   2.5519200e-01	
   3.5660000e+02	   2.5541700e-01	
   3.5680000e+02	   2.5563800e-01	
   3.5700000e+02	   2.5585500e-01	
   3.5720000e+02	   2.5606900e-01	
   3.5740000e+02	   2.5627800e-01	
   3.5760000e+02	   2.5648300e-01	
   3.5780000e+02	   2.5668400e-01	
   3.5800000e+02	   2.5688200e-01	
   3.5820000e+02	   2.5707500e-01	
   3.5840000e+02	   2.5726400e-01	
   3.5860000e+02	   2.5745000e-01	
   3.5880000e+02	   2.5763100e-01	
   3.5900000e+02	   2.5780900e-01	
   3.5920000e+02	   2.5798200e-01	
   3.5940000e+02	   2.5815100e-01	
   3.5960000e+02	   2.5831700e-01	
   3.5980000e+02	   2.5847800e-01	
   3.6000000e+02	   2.5863500e-01	
   3.6020000e+02	   2.5878900e-01	
   3.6040000e+02	   2.5893800e-01	
   3.6060000e+02	   2.5908300e-01	
   3.6080000e+02	   2.5922400e-01	
   3.6100000e+02	   2.5936100e-01	
   3.6120000e+02	   2.5949400e-01	
   3.6140000e+02	   2.5962300e-01	
   3.6160000e+02	   2.5974800e-01	
   3.6180000e+02	   2.5986900e-01	
   3.6200000e+02	   2.5998600e-01	
   3.6220000e+02	   2.6009900e-01	
   3.6240000e+02	   2.6020700e-01	
   3.6260000e+02	   2.6031200e-01	
   3.6280000e+02	   2.6041200e-01	
   3.6300000e+02	   2.6050800e-01	
   3.6320000e+02	   2.6060100e-01	
   3.6340000e+02	   2.6068900e-01	
   3.6360000e+02	   2.6077300e-01	
   3.6380000e+02	   2.6085300e-01	
   3.6400000e+02	   2.6092900e-01	
   3.6420000e+02	   2.6100000e-01	
   3.6440000e+02	   2.6106800e-01	
   3.6460000e+02	   2.6113200e-01	
   3.6480000e+02	   2.6119100e-01	
   3.6500000e+02	   2.6124700e-01	
   3.6520000e+02	   2.6129800e-01	
   3.6540000e+02	   2.6134500e-01	
   3.6560000e+02	   2.6138800e-01	
   3.6580000e+02	   2.6142700e-01	
   3.6600000e+02	   2.6146200e-01	
   3.6620000e+02	   2.6149300e-01	
   3.6640000e+02	   2.6151900e-01	
   3.6660000e+02	   2.6154200e-01	
   3.6680000e+02	   2.6156100e-01	
   3.6700000e+02	   2.6157500e-01	
   3.6720000e+02	   2.6158500e-01	
   3.6740000e+02	   2.6159200e-01	
   3.6760000e+02	   2.6159400e-01	
   3.6780000e+02	   2.6159200e-01	
   3.6800000e+02	   2.6158600e-01	
   3.6820000e+02	   2.6157600e-01	
   3.6840000e+02	   2.6156200e-01	
   3.6860000e+02	   2.6154400e-01	
   3.6880000e+02	   2.6152100e-01	
   3.6900000e+02	   2.6149500e-01	
   3.6920000e+02	   2.6146500e-01	
   3.6940000e+02	   2.6143100e-01	
   3.6960000e+02	   2.6139200e-01	
   3.6980000e+02	   2.6135000e-01	
   3.7000000e+02	   2.6130300e-01	
   3.7020000e+02	   2.6125300e-01	
   3.7040000e+02	   2.6119800e-01	
   3.7060000e+02	   2.6114000e-01	
   3.7080000e+02	   2.6107700e-01	
   3.7100000e+02	   2.6101100e-01	
   3.7120000e+02	   2.6094000e-01	
   3.7140000e+02	   2.6086600e-01	
   3.7160000e+02	   2.6078800e-01	
   3.7180000e+02	   2.6070500e-01	
   3.7200000e+02	   2.6061900e-01	
   3.7220000e+02	   2.6052900e-01	
   3.7240000e+02	   2.6043500e-01	
   3.7260000e+02	   2.6033600e-01	
   3.7280000e+02	   2.6023400e-01	
   3.7300000e+02	   2.6012800e-01	
   3.7320000e+02	   2.6001900e-01	
   3.7340000e+02	   2.5990500e-01	
   3.7360000e+02	   2.5978700e-01	
   3.7380000e+02	   2.5966600e-01	
   3.7400000e+02	   2.5954000e-01	
   3.7420000e+02	   2.5941100e-01	
   3.7440000e+02	   2.5927800e-01	
   3.7460000e+02	   2.5914100e-01	
   3.7480000e+02	   2.5900100e-01	
   3.7500000e+02	   2.5885600e-01	
   3.7520000e+02	   2.5870800e-01	
   3.7540000e+02	   2.5855600e-01	
   3.7560000e+02	   2.5840000e-01	
   3.7580000e+02	   2.5824000e-01	
   3.7600000e+02	   2.5807700e-01	
   3.7620000e+02	   2.5791000e-01	
   3.7640000e+02	   2.5773900e-01	
   3.7660000e+02	   2.5756500e-01	
   3.7680000e+02	   2.5738700e-01	
   3.7700000e+02	   2.5720500e-01	
   3.7720000e+02	   2.5701900e-01	
   3.7740000e+02	   2.5683000e-01	
   3.7760000e+02	   2.5663800e-01	
   3.7780000e+02	   2.5644100e-01	
   3.7800000e+02	   2.5624100e-01	
   3.7820000e+02	   2.5603800e-01	
   3.7840000e+02	   2.5583000e-01	
   3.7860000e+02	   2.5562000e-01	
   3.7880000e+02	   2.5540600e-01	
   3.7900000e+02	   2.5518800e-01	
   3.7920000e+02	   2.5496700e-01	
   3.7940000e+02	   2.5474200e-01	
   3.7960000e+02	   2.5451400e-01	
   3.7980000e+02	   2.5428200e-01	
   3.8000000e+02	   2.5404700e-01	
   3.8020000e+02	   2.5380800e-01	
   3.8040000e+02	   2.5356600e-01	
   3.8060000e+02	   2.5332100e-01	
   3.8080000e+02	   2.5307200e-01	
   3.8100000e+02	   2.5282000e-01	
   3.8120000e+02	   2.5256500e-01	
   3.8140000e+02	   2.5230600e-01	
   3.8160000e+02	   2.5204400e-01	
   3.8180000e+02	   2.5177900e-01	
   3.8200000e+02	   2.5151000e-01	
   3.8220000e+02	   2.5123800e-01	
   3.8240000e+02	   2.5096300e-01	
   3.8260000e+02	   2.5068500e-01	
   3.8280000e+02	   2.5040400e-01	
   3.8300000e+02	   2.5011900e-01	
   3.8320000e+02	   2.4983100e-01	
   3.8340000e+02	   2.4954000e-01	
   3.8360000e+02	   2.4924700e-01	
   3.8380000e+02	   2.4895000e-01	
   3.8400000e+02	   2.4865000e-01	
   3.8420000e+02	   2.4834600e-01	
   3.8440000e+02	   2.4804000e-01	
   3.8460000e+02	   2.4773100e-01	
   3.8480000e+02	   2.4741900e-01	
   3.8500000e+02	   2.4710400e-01	
   3.8520000e+02	   2.4678600e-01	
   3.8540000e+02	   2.4646500e-01	
   3.8560000e+02	   2.4614200e-01	
   3.8580000e+02	   2.4581500e-01	
   3.8600000e+02	   2.4548600e-01	
   3.8620000e+02	   2.4515300e-01	
   3.8640000e+02	   2.4481800e-01	
   3.8660000e+02	   2.4448100e-01	
   3.8680000e+02	   2.4414000e-01	
   3.8700000e+02	   2.4379700e-01	
   3.8720000e+02	   2.4345100e-01	
   3.8740000e+02	   2.4310200e-01	
   3.8760000e+02	   2.4275100e-01	
   3.8780000e+02	   2.4239700e-01	
   3.8800000e+02	   2.4204100e-01	
   3.8820000e+02	   2.4168200e-01	
   3.8840000e+02	   2.4132000e-01	
   3.8860000e+02	   2.4095600e-01	
   3.8880000e+02	   2.4058900e-01	
   3.8900000e+02	   2.4022000e-01	
   3.8920000e+02	   2.3984900e-01	
   3.8940000e+02	   2.3947500e-01	
   3.8960000e+02	   2.3909800e-01	
   3.8980000e+02	   2.3872000e-01	
   3.9000000e+02	   2.3833900e-01	
   3.9020000e+02	   2.3795500e-01	
   3.9040000e+02	   2.3756900e-01	
   3.9060000e+02	   2.3718200e-01	
   3.9080000e+02	   2.3679100e-01	
   3.9100000e+02	   2.3639900e-01	
   3.9120000e+02	   2.3600400e-01	
   3.9140000e+02	   2.3560800e-01	
   3.9160000e+02	   2.3520900e-01	
   3.9180000e+02	   2.3480800e-01	
   3.9200000e+02	   2.3440500e-01	
   3.9220000e+02	   2.3400000e-01	
   3.9240000e+02	   2.3359300e-01	
   3.9260000e+02	   2.3318400e-01	
   3.9280000e+02	   2.3277300e-01	
   3.9300000e+02	   2.3236000e-01	
   3.9320000e+02	   2.3194500e-01	
   3.9340000e+02	   2.3152800e-01	
   3.9360000e+02	   2.3111000e-01	
   3.9380000e+02	   2.3069000e-01	
   3.9400000e+02	   2.3026700e-01	
   3.9420000e+02	   2.2984300e-01	
   3.9440000e+02	   2.2941800e-01	
   3.9460000e+02	   2.2899000e-01	
   3.9480000e+02	   2.2856100e-01	
   3.9500000e+02	   2.2813100e-01	
   3.9520000e+02	   2.2769900e-01	
   3.9540000e+02	   2.2726500e-01	
   3.9560000e+02	   2.2682900e-01	
   3.9580000e+02	   2.2639200e-01	
   3.9600000e+02	   2.2595400e-01	
   3.9620000e+02	   2.2551400e-01	
   3.9640000e+02	   2.2507300e-01	
   3.9660000e+02	   2.2463000e-01	
   3.9680000e+02	   2.2418600e-01	
   3.9700000e+02	   2.2374100e-01	
   3.9720000e+02	   2.2329400e-01	
   3.9740000e+02	   2.2284600e-01	
   3.9760000e+02	   2.2239700e-01	
   3.9780000e+02	   2.2194600e-01	
   3.9800000e+02	   2.2149500e-01	
   3.9820000e+02	   2.2104200e-01	
   3.9840000e+02	   2.2058800e-01	
   3.9860000e+02	   2.2013300e-01	
   3.9880000e+02	   2.1967700e-01	
   3.9900000e+02	   2.1922000e-01	
   3.9920000e+02	   2.1876200e-01	
   3.9940000e+02	   2.1830300e-01	
   3.9960000e+02	   2.1784300e-01	
   3.9980000e+02	   2.1738200e-01	
   4.0000000e+02	   2.1692100e-01	
   4.0020000e+02	   2.1645800e-01	
   4.0040000e+02	   2.1599500e-01	
   4.0060000e+02	   2.1553100e-01	
   4.0080000e+02	   2.1506600e-01	
   4.0100000e+02	   2.1460100e-01	
   4.0120000e+02	   2.1413400e-01	
   4.0140000e+02	   2.1366800e-01	
   4.0160000e+02	   2.1320000e-01	
   4.0180000e+02	   2.1273200e-01	
   4.0200000e+02	   2.1226400e-01	
   4.0220000e+02	   2.1179500e-01	
   4.0240000e+02	   2.1132500e-01	
   4.0260000e+02	   2.1085500e-01	
   4.0280000e+02	   2.1038500e-01	
   4.0300000e+02	   2.0991400e-01	
   4.0320000e+02	   2.0944300e-01	
   4.0340000e+02	   2.0897200e-01	
   4.0360000e+02	   2.0850000e-01	
   4.0380000e+02	   2.0802800e-01	
   4.0400000e+02	   2.0755600e-01	
   4.0420000e+02	   2.0708400e-01	
   4.0440000e+02	   2.0661100e-01	
   4.0460000e+02	   2.0613900e-01	
   4.0480000e+02	   2.0566600e-01	
   4.0500000e+02	   2.0519300e-01	
   4.0520000e+02	   2.0472100e-01	
   4.0540000e+02	   2.0424800e-01	
   4.0560000e+02	   2.0377600e-01	
   4.0580000e+02	   2.0330300e-01	
   4.0600000e+02	   2.0283100e-01	
   4.0620000e+02	   2.0235900e-01	
   4.0640000e+02	   2.0188700e-01	
   4.0660000e+02	   2.0141500e-01	
   4.0680000e+02	   2.0094400e-01	
   4.0700000e+02	   2.0047300e-01	
   4.0720000e+02	   2.0000200e-01	
   4.0740000e+02	   1.9953100e-01	
   4.0760000e+02	   1.9906100e-01	
   4.0780000e+02	   1.9859200e-01	
   4.0800000e+02	   1.9812300e-01	
   4.0820000e+02	   1.9765400e-01	
   4.0840000e+02	   1.9718600e-01	
   4.0860000e+02	   1.9671900e-01	
   4.0880000e+02	   1.9625200e-01	
   4.0900000e+02	   1.9578600e-01	
   4.0920000e+02	   1.9532000e-01	
   4.0940000e+02	   1.9485500e-01	
   4.0960000e+02	   1.9439100e-01	
   4.0980000e+02	   1.9392800e-01	
   4.1000000e+02	   1.9346500e-01	
   4.1020000e+02	   1.9300400e-01	
   4.1040000e+02	   1.9254300e-01	
   4.1060000e+02	   1.9208300e-01	
   4.1080000e+02	   1.9162400e-01	
   4.1100000e+02	   1.9116600e-01	
   4.1120000e+02	   1.9071000e-01	
   4.1140000e+02	   1.9025400e-01	
   4.1160000e+02	   1.8979900e-01	
   4.1180000e+02	   1.8934600e-01	
   4.1200000e+02	   1.8889300e-01	
   4.1220000e+02	   1.8844200e-01	
   4.1240000e+02	   1.8799200e-01	
   4.1260000e+02	   1.8754300e-01	
   4.1280000e+02	   1.8709600e-01	
   4.1300000e+02	   1.8665000e-01	
   4.1320000e+02	   1.8620500e-01	
   4.1340000e+02	   1.8576200e-01	
   4.1360000e+02	   1.8532000e-01	
   4.1380000e+02	   1.8488000e-01	
   4.1400000e+02	   1.8444100e-01	
   4.1420000e+02	   1.8400400e-01	
   4.1440000e+02	   1.8356800e-01	
   4.1460000e+02	   1.8313400e-01	
   4.1480000e+02	   1.8270100e-01	
   4.1500000e+02	   1.8227000e-01	
   4.1520000e+02	   1.8184100e-01	
   4.1540000e+02	   1.8141400e-01	
   4.1560000e+02	   1.8098900e-01	
   4.1580000e+02	   1.8056500e-01	
   4.1600000e+02	   1.8014300e-01	
   4.1620000e+02	   1.7972300e-01	
   4.1640000e+02	   1.7930500e-01	
   4.1660000e+02	   1.7888900e-01	
   4.1680000e+02	   1.7847500e-01	
   4.1700000e+02	   1.7806300e-01	
   4.1720000e+02	   1.7765300e-01	
   4.1740000e+02	   1.7724500e-01	
   4.1760000e+02	   1.7683900e-01	
   4.1780000e+02	   1.7643500e-01	
   4.1800000e+02	   1.7603400e-01	
   4.1820000e+02	   1.7563500e-01	
   4.1840000e+02	   1.7523800e-01	
   4.1860000e+02	   1.7484300e-01	
   4.1880000e+02	   1.7445100e-01	
   4.1900000e+02	   1.7406100e-01	
   4.1920000e+02	   1.7367400e-01	
   4.1940000e+02	   1.7328900e-01	
   4.1960000e+02	   1.7290600e-01	
   4.1980000e+02	   1.7252600e-01	
   4.2000000e+02	   1.7214800e-01	
   4.2020000e+02	   1.7177300e-01	
   4.2040000e+02	   1.7140100e-01	
   4.2060000e+02	   1.7103100e-01	
   4.2080000e+02	   1.7066400e-01	
   4.2100000e+02	   1.7030000e-01	
   4.2120000e+02	   1.6993800e-01	
   4.2140000e+02	   1.6957900e-01	
   4.2160000e+02	   1.6922300e-01	
   4.2180000e+02	   1.6887000e-01	
   4.2200000e+02	   1.6852000e-01	
   4.2220000e+02	   1.6817300e-01	
   4.2240000e+02	   1.6782800e-01	
   4.2260000e+02	   1.6748700e-01	
   4.2280000e+02	   1.6714800e-01	
   4.2300000e+02	   1.6681300e-01	
   4.2320000e+02	   1.6648000e-01	
   4.2340000e+02	   1.6615100e-01	
   4.2360000e+02	   1.6582500e-01	
   4.2380000e+02	   1.6550200e-01	
   4.2400000e+02	   1.6518200e-01	
   4.2420000e+02	   1.6486600e-01	
   4.2440000e+02	   1.6455300e-01	
   4.2460000e+02	   1.6424300e-01	
   4.2480000e+02	   1.6393600e-01	
   4.2500000e+02	   1.6363300e-01	
   4.2520000e+02	   1.6333300e-01	
   4.2540000e+02	   1.6303700e-01	
   4.2560000e+02	   1.6274400e-01	
   4.2580000e+02	   1.6245500e-01	
   4.2600000e+02	   1.6216900e-01	
   4.2620000e+02	   1.6188700e-01	
   4.2640000e+02	   1.6160800e-01	
   4.2660000e+02	   1.6133300e-01	
   4.2680000e+02	   1.6106100e-01	
   4.2700000e+02	   1.6079400e-01	
   4.2720000e+02	   1.6053000e-01	
   4.2740000e+02	   1.6027000e-01	
   4.2760000e+02	   1.6001300e-01	
   4.2780000e+02	   1.5976100e-01	
   4.2800000e+02	   1.5951200e-01	
   4.2820000e+02	   1.5926700e-01	
   4.2840000e+02	   1.5902600e-01	
   4.2860000e+02	   1.5878900e-01	
   4.2880000e+02	   1.5855600e-01	
   4.2900000e+02	   1.5832700e-01	
   4.2920000e+02	   1.5810200e-01	
   4.2940000e+02	   1.5788100e-01	
   4.2960000e+02	   1.5766500e-01	
   4.2980000e+02	   1.5745200e-01	
   4.3000000e+02	   1.5724300e-01	
   4.3020000e+02	   1.5703900e-01	
   4.3040000e+02	   1.5683900e-01	
   4.3060000e+02	   1.5664300e-01	
   4.3080000e+02	   1.5645200e-01	
   4.3100000e+02	   1.5626500e-01	
   4.3120000e+02	   1.5608200e-01	
   4.3140000e+02	   1.5590400e-01	
   4.3160000e+02	   1.5573000e-01	
   4.3180000e+02	   1.5556000e-01	
   4.3200000e+02	   1.5539500e-01	
   4.3220000e+02	   1.5523400e-01	
   4.3240000e+02	   1.5507800e-01	
   4.3260000e+02	   1.5492700e-01	
   4.3280000e+02	   1.5478000e-01	
   4.3300000e+02	   1.5463800e-01	
   4.3320000e+02	   1.5450000e-01	
   4.3340000e+02	   1.5436700e-01	
   4.3360000e+02	   1.5423900e-01	
   4.3380000e+02	   1.5411600e-01	
   4.3400000e+02	   1.5399700e-01	
   4.3420000e+02	   1.5388300e-01	
   4.3440000e+02	   1.5377400e-01	
   4.3460000e+02	   1.5367000e-01	
   4.3480000e+02	   1.5357100e-01	
   4.3500000e+02	   1.5347600e-01	
   4.3520000e+02	   1.5338700e-01	
   4.3540000e+02	   1.5330200e-01	
   4.3560000e+02	   1.5322300e-01	
   4.3580000e+02	   1.5314900e-01	
   4.3600000e+02	   1.5307900e-01	
   4.3620000e+02	   1.5301500e-01	
   4.3640000e+02	   1.5295600e-01	
   4.3660000e+02	   1.5290200e-01	
   4.3680000e+02	   1.5285300e-01	
   4.3700000e+02	   1.5280900e-01	
   4.3720000e+02	   1.5277100e-01	
   4.3740000e+02	   1.5273800e-01	
   4.3760000e+02	   1.5271000e-01	
   4.3780000e+02	   1.5268800e-01	
   4.3800000e+02	   1.5267000e-01	
   4.3820000e+02	   1.5265900e-01	
   4.3840000e+02	   1.5265200e-01	
   4.3860000e+02	   1.5265100e-01	
   4.3880000e+02	   1.5265600e-01	
   4.3900000e+02	   1.5266600e-01	
   4.3920000e+02	   1.5268100e-01	
   4.3940000e+02	   1.5270200e-01	
   4.3960000e+02	   1.5272900e-01	
   4.3980000e+02	   1.5276100e-01	
   4.4000000e+02	   1.5279900e-01	
   4.4020000e+02	   1.5284200e-01	
   4.4040000e+02	   1.5289100e-01	
   4.4060000e+02	   1.5294600e-01	
   4.4080000e+02	   1.5300700e-01	
   4.4100000e+02	   1.5307300e-01	
   4.4120000e+02	   1.5314500e-01	
   4.4140000e+02	   1.5322300e-01	
   4.4160000e+02	   1.5330600e-01	
   4.4180000e+02	   1.5339600e-01	
   4.4200000e+02	   1.5349100e-01	
   4.4220000e+02	   1.5359200e-01	
   4.4240000e+02	   1.5370000e-01	
   4.4260000e+02	   1.5381300e-01	
   4.4280000e+02	   1.5393200e-01	
   4.4300000e+02	   1.5405700e-01	
   4.4320000e+02	   1.5418800e-01	
   4.4340000e+02	   1.5432500e-01	
   4.4360000e+02	   1.5446900e-01	
   4.4380000e+02	   1.5461800e-01	
   4.4400000e+02	   1.5477300e-01	
   4.4420000e+02	   1.5493500e-01	
   4.4440000e+02	   1.5510300e-01	
   4.4460000e+02	   1.5527700e-01	
   4.4480000e+02	   1.5545700e-01	
   4.4500000e+02	   1.5564400e-01	
   4.4520000e+02	   1.5583600e-01	
   4.4540000e+02	   1.5603500e-01	
   4.4560000e+02	   1.5624100e-01	
   4.4580000e+02	   1.5645200e-01	
   4.4600000e+02	   1.5667000e-01	
   4.4620000e+02	   1.5689500e-01	
   4.4640000e+02	   1.5712600e-01	
   4.4660000e+02	   1.5736300e-01	
   4.4680000e+02	   1.5760700e-01	
   4.4700000e+02	   1.5785700e-01	
   4.4720000e+02	   1.5811300e-01	
   4.4740000e+02	   1.5837700e-01	
   4.4760000e+02	   1.5864600e-01	
   4.4780000e+02	   1.5892300e-01	
   4.4800000e+02	   1.5920500e-01	
   4.4820000e+02	   1.5949500e-01	
   4.4840000e+02	   1.5979100e-01	
   4.4860000e+02	   1.6009400e-01	
   4.4880000e+02	   1.6040300e-01	
   4.4900000e+02	   1.6071900e-01	
   4.4920000e+02	   1.6104200e-01	
   4.4940000e+02	   1.6137200e-01	
   4.4960000e+02	   1.6170800e-01	
   4.4980000e+02	   1.6205100e-01	
   4.5000000e+02	   1.6240100e-01	
   4.5020000e+02	   1.6275800e-01	
   4.5040000e+02	   1.6312100e-01	
   4.5060000e+02	   1.6349200e-01	
   4.5080000e+02	   1.6386900e-01	
   4.5100000e+02	   1.6425300e-01	
   4.5120000e+02	   1.6464400e-01	
   4.5140000e+02	   1.6504200e-01	
   4.5160000e+02	   1.6544700e-01	
   4.5180000e+02	   1.6585900e-01	
   4.5200000e+02	   1.6627800e-01	
   4.5220000e+02	   1.6670400e-01	
   4.5240000e+02	   1.6713700e-01	
   4.5260000e+02	   1.6757700e-01	
   4.5280000e+02	   1.6802400e-01	
   4.5300000e+02	   1.6847800e-01	
   4.5320000e+02	   1.6894000e-01	
   4.5340000e+02	   1.6940800e-01	
   4.5360000e+02	   1.6988300e-01	
   4.5380000e+02	   1.7036600e-01	
   4.5400000e+02	   1.7085600e-01	
   4.5420000e+02	   1.7135300e-01	
   4.5440000e+02	   1.7185700e-01	
   4.5460000e+02	   1.7236900e-01	
   4.5480000e+02	   1.7288700e-01	
   4.5500000e+02	   1.7341300e-01	
   4.5520000e+02	   1.7394600e-01	
   4.5540000e+02	   1.7448700e-01	
   4.5560000e+02	   1.7503500e-01	
   4.5580000e+02	   1.7559000e-01	
   4.5600000e+02	   1.7615200e-01	
   4.5620000e+02	   1.7672200e-01	
   4.5640000e+02	   1.7729900e-01	
   4.5660000e+02	   1.7788400e-01	
   4.5680000e+02	   1.7847600e-01	
   4.5700000e+02	   1.7907500e-01	
   4.5720000e+02	   1.7968200e-01	
   4.5740000e+02	   1.8029600e-01	
   4.5760000e+02	   1.8091700e-01	
   4.5780000e+02	   1.8154700e-01	
   4.5800000e+02	   1.8218300e-01	
   4.5820000e+02	   1.8282700e-01	
   4.5840000e+02	   1.8347900e-01	
   4.5860000e+02	   1.8413800e-01	
   4.5880000e+02	   1.8480400e-01	
   4.5900000e+02	   1.8547900e-01	
   4.5920000e+02	   1.8616000e-01	
   4.5940000e+02	   1.8685000e-01	
   4.5960000e+02	   1.8754600e-01	
   4.5980000e+02	   1.8825100e-01	
   4.6000000e+02	   1.8896300e-01	
   4.6020000e+02	   1.8968200e-01	
   4.6040000e+02	   1.9041000e-01	
   4.6060000e+02	   1.9114500e-01	
   4.6080000e+02	   1.9188700e-01	
   4.6100000e+02	   1.9263700e-01	
   4.6120000e+02	   1.9339500e-01	
   4.6140000e+02	   1.9416100e-01	
   4.6160000e+02	   1.9493400e-01	
   4.6180000e+02	   1.9571500e-01	
   4.6200000e+02	   1.9650400e-01	
   4.6220000e+02	   1.9730000e-01	
   4.6240000e+02	   1.9810400e-01	
   4.6260000e+02	   1.9891600e-01	
   4.6280000e+02	   1.9973500e-01	
   4.6300000e+02	   2.0056300e-01	
   4.6320000e+02	   2.0139800e-01	
   4.6340000e+02	   2.0224000e-01	
   4.6360000e+02	   2.0309100e-01	
   4.6380000e+02	   2.0394900e-01	
   4.6400000e+02	   2.0481500e-01	
   4.6420000e+02	   2.0568900e-01	
   4.6440000e+02	   2.0657100e-01	
   4.6460000e+02	   2.0746000e-01	
   4.6480000e+02	   2.0835800e-01	
   4.6500000e+02	   2.0926300e-01	
   4.6520000e+02	   2.1017600e-01	
   4.6540000e+02	   2.1109700e-01	
   4.6560000e+02	   2.1202500e-01	
   4.6580000e+02	   2.1296200e-01	
   4.6600000e+02	   2.1390600e-01	
   4.6620000e+02	   2.1485800e-01	
   4.6640000e+02	   2.1581800e-01	
   4.6660000e+02	   2.1678600e-01	
   4.6680000e+02	   2.1776200e-01	
   4.6700000e+02	   2.1874500e-01	
   4.6720000e+02	   2.1973700e-01	
   4.6740000e+02	   2.2073600e-01	
   4.6760000e+02	   2.2174300e-01	
   4.6780000e+02	   2.2275800e-01	
   4.6800000e+02	   2.2378100e-01	
   4.6820000e+02	   2.2481200e-01	
   4.6840000e+02	   2.2585000e-01	
   4.6860000e+02	   2.2689700e-01	
   4.6880000e+02	   2.2795100e-01	
   4.6900000e+02	   2.2901300e-01	
   4.6920000e+02	   2.3008400e-01	
   4.6940000e+02	   2.3116200e-01	
   4.6960000e+02	   2.3224700e-01	
   4.6980000e+02	   2.3334100e-01	
   4.7000000e+02	   2.3444300e-01	
   4.7020000e+02	   2.3555200e-01	
   4.7040000e+02	   2.3667000e-01	
   4.7060000e+02	   2.3779500e-01	
   4.7080000e+02	   2.3892800e-01	
   4.7100000e+02	   2.4006900e-01	
   4.7120000e+02	   2.4121800e-01	
   4.7140000e+02	   2.4237400e-01	
   4.7160000e+02	   2.4353900e-01	
   4.7180000e+02	   2.4471100e-01	
   4.7200000e+02	   2.4589200e-01	
   4.7220000e+02	   2.4708000e-01	
   4.7240000e+02	   2.4827500e-01	
   4.7260000e+02	   2.4947900e-01	
   4.7280000e+02	   2.5069100e-01	
   4.7300000e+02	   2.5191000e-01	
   4.7320000e+02	   2.5313700e-01	
   4.7340000e+02	   2.5437200e-01	
   4.7360000e+02	   2.5561500e-01	
   4.7380000e+02	   2.5686600e-01	
   4.7400000e+02	   2.5812400e-01	
   4.7420000e+02	   2.5939000e-01	
   4.7440000e+02	   2.6066400e-01	
   4.7460000e+02	   2.6194600e-01	
   4.7480000e+02	   2.6323600e-01	
   4.7500000e+02	   2.6453300e-01	
   4.7520000e+02	   2.6583800e-01	
   4.7540000e+02	   2.6715000e-01	
   4.7560000e+02	   2.6847100e-01	
   4.7580000e+02	   2.6979900e-01	
   4.7600000e+02	   2.7113500e-01	
   4.7620000e+02	   2.7247800e-01	
   4.7640000e+02	   2.7383000e-01	
   4.7660000e+02	   2.7518800e-01	
   4.7680000e+02	   2.7655500e-01	
   4.7700000e+02	   2.7792900e-01	
   4.7720000e+02	   2.7931100e-01	
   4.7740000e+02	   2.8070000e-01	
   4.7760000e+02	   2.8209700e-01	
   4.7780000e+02	   2.8350200e-01	
   4.7800000e+02	   2.8491400e-01	
   4.7820000e+02	   2.8633400e-01	
   4.7840000e+02	   2.8776100e-01	
   4.7860000e+02	   2.8919600e-01	
   4.7880000e+02	   2.9063900e-01	
   4.7900000e+02	   2.9208800e-01	
   4.7920000e+02	   2.9354600e-01	
   4.7940000e+02	   2.9501100e-01	
   4.7960000e+02	   2.9648300e-01	
   4.7980000e+02	   2.9796300e-01	
   4.8000000e+02	   2.9945000e-01	
   4.8020000e+02	   3.0094400e-01	
   4.8040000e+02	   3.0244600e-01	
   4.8060000e+02	   3.0395600e-01	
   4.8080000e+02	   3.0547200e-01	
   4.8100000e+02	   3.0699600e-01	
   4.8120000e+02	   3.0852800e-01	
   4.8140000e+02	   3.1006600e-01	
   4.8160000e+02	   3.1161200e-01	
   4.8180000e+02	   3.1316500e-01	
   4.8200000e+02	   3.1472600e-01	
   4.8220000e+02	   3.1629300e-01	
   4.8240000e+02	   3.1786800e-01	
   4.8260000e+02	   3.1945000e-01	
   4.8280000e+02	   3.2103900e-01	
   4.8300000e+02	   3.2263500e-01	
   4.8320000e+02	   3.2423900e-01	
   4.8340000e+02	   3.2584900e-01	
   4.8360000e+02	   3.2746700e-01	
   4.8380000e+02	   3.2909100e-01	
   4.8400000e+02	   3.3072300e-01	
   4.8420000e+02	   3.3236100e-01	
   4.8440000e+02	   3.3400600e-01	
   4.8460000e+02	   3.3565900e-01	
   4.8480000e+02	   3.3731800e-01	
   4.8500000e+02	   3.3898400e-01	
   4.8520000e+02	   3.4065700e-01	
   4.8540000e+02	   3.4233700e-01	
   4.8560000e+02	   3.4402400e-01	
   4.8580000e+02	   3.4571700e-01	
   4.8600000e+02	   3.4741700e-01	
   4.8620000e+02	   3.4912400e-01	
   4.8640000e+02	   3.5083800e-01	
   4.8660000e+02	   3.5255800e-01	
   4.8680000e+02	   3.5428500e-01	
   4.8700000e+02	   3.5601800e-01	
   4.8720000e+02	   3.5775800e-01	
   4.8740000e+02	   3.5950500e-01	
   4.8760000e+02	   3.6125800e-01	
   4.8780000e+02	   3.6301700e-01	
   4.8800000e+02	   3.6478300e-01	
   4.8820000e+02	   3.6655500e-01	
   4.8840000e+02	   3.6833400e-01	
   4.8860000e+02	   3.7011900e-01	
   4.8880000e+02	   3.7191100e-01	
   4.8900000e+02	   3.7370800e-01	
   4.8920000e+02	   3.7551200e-01	
   4.8940000e+02	   3.7732300e-01	
   4.8960000e+02	   3.7913900e-01	
   4.8980000e+02	   3.8096100e-01	
   4.9000000e+02	   3.8279000e-01	
   4.9020000e+02	   3.8462500e-01	
   4.9040000e+02	   3.8646600e-01	
   4.9060000e+02	   3.8831200e-01	
   4.9080000e+02	   3.9016500e-01	
   4.9100000e+02	   3.9202400e-01	
   4.9120000e+02	   3.9388800e-01	
   4.9140000e+02	   3.9575900e-01	
   4.9160000e+02	   3.9763500e-01	
   4.9180000e+02	   3.9951700e-01	
   4.9200000e+02	   4.0140500e-01	
   4.9220000e+02	   4.0329800e-01	
   4.9240000e+02	   4.0519700e-01	
   4.9260000e+02	   4.0710200e-01	
   4.9280000e+02	   4.0901200e-01	
   4.9300000e+02	   4.1092800e-01	
   4.9320000e+02	   4.1284900e-01	
   4.9340000e+02	   4.1477600e-01	
   4.9360000e+02	   4.1670900e-01	
   4.9380000e+02	   4.1864600e-01	
   4.9400000e+02	   4.2058900e-01	
   4.9420000e+02	   4.2253700e-01	
   4.9440000e+02	   4.2449100e-01	
   4.9460000e+02	   4.2645000e-01	
   4.9480000e+02	   4.2841400e-01	
   4.9500000e+02	   4.3038300e-01	
   4.9520000e+02	   4.3235700e-01	
   4.9540000e+02	   4.3433600e-01	
   4.9560000e+02	   4.3632000e-01	
   4.9580000e+02	   4.3830900e-01	
   4.9600000e+02	   4.4030300e-01	
   4.9620000e+02	   4.4230200e-01	
   4.9640000e+02	   4.4430600e-01	
   4.9660000e+02	   4.4631500e-01	
   4.9680000e+02	   4.4832800e-01	
   4.9700000e+02	   4.5034600e-01	
   4.9720000e+02	   4.5236800e-01	
   4.9740000e+02	   4.5439500e-01	
   4.9760000e+02	   4.5642700e-01	
   4.9780000e+02	   4.5846300e-01	
   4.9800000e+02	   4.6050400e-01	
   4.9820000e+02	   4.6254800e-01	
   4.9840000e+02	   4.6459800e-01	
   4.9860000e+02	   4.6665100e-01	
   4.9880000e+02	   4.6870900e-01	
   4.9900000e+02	   4.7077100e-01	
   4.9920000e+02	   4.7283700e-01	
   4.9940000e+02	   4.7490800e-01	
   4.9960000e+02	   4.7698200e-01	
   4.9980000e+02	   4.7906000e-01	
   5.0000000e+02	   4.8114200e-01	
   5.0020000e+02	   4.8322900e-01	
   5.0040000e+02	   4.8531800e-01	
   5.0060000e+02	   4.8741200e-01	
   5.0080000e+02	   4.8951000e-01	
   5.0100000e+02	   4.9161100e-01	
   5.0120000e+02	   4.9371600e-01	
   5.0140000e+02	   4.9582400e-01	
   5.0160000e+02	   4.9793600e-01	
   5.0180000e+02	   5.0005100e-01	
   5.0200000e+02	   5.0217000e-01	
   5.0220000e+02	   5.0429200e-01	
   5.0240000e+02	   5.0641800e-01	
   5.0260000e+02	   5.0854600e-01	
   5.0280000e+02	   5.1067800e-01	
   5.0300000e+02	   5.1281300e-01	
   5.0320000e+02	   5.1495200e-01	
   5.0340000e+02	   5.1709300e-01	
   5.0360000e+02	   5.1923700e-01	
   5.0380000e+02	   5.2138400e-01	
   5.0400000e+02	   5.2353400e-01	
   5.0420000e+02	   5.2568700e-01	
   5.0440000e+02	   5.2784200e-01	
   5.0460000e+02	   5.3000100e-01	
   5.0480000e+02	   5.3216100e-01	
   5.0500000e+02	   5.3432500e-01	
   5.0520000e+02	   5.3649100e-01	
   5.0540000e+02	   5.3865900e-01	
   5.0560000e+02	   5.4083000e-01	
   5.0580000e+02	   5.4300400e-01	
   5.0600000e+02	   5.4517900e-01	
   5.0620000e+02	   5.4735700e-01	
   5.0640000e+02	   5.4953700e-01	
   5.0660000e+02	   5.5171900e-01	
   5.0680000e+02	   5.5390300e-01	
   5.0700000e+02	   5.5608900e-01	
   5.0720000e+02	   5.5827700e-01	
   5.0740000e+02	   5.6046700e-01	
   5.0760000e+02	   5.6265900e-01	
   5.0780000e+02	   5.6485200e-01	
   5.0800000e+02	   5.6704800e-01	
   5.0820000e+02	   5.6924400e-01	
   5.0840000e+02	   5.7144300e-01	
   5.0860000e+02	   5.7364300e-01	
   5.0880000e+02	   5.7584400e-01	
   5.0900000e+02	   5.7804700e-01	
   5.0920000e+02	   5.8025100e-01	
   5.0940000e+02	   5.8245700e-01	
   5.0960000e+02	   5.8466300e-01	
   5.0980000e+02	   5.8687100e-01	
   5.1000000e+02	   5.8908000e-01	
   5.1020000e+02	   5.9129000e-01	
   5.1040000e+02	   5.9350100e-01	
   5.1060000e+02	   5.9571300e-01	
   5.1080000e+02	   5.9792500e-01	
   5.1100000e+02	   6.0013900e-01	
   5.1120000e+02	   6.0235300e-01	
   5.1140000e+02	   6.0456800e-01	
   5.1160000e+02	   6.0678300e-01	
   5.1180000e+02	   6.0899900e-01	
   5.1200000e+02	   6.1121500e-01	
   5.1220000e+02	   6.1343200e-01	
   5.1240000e+02	   6.1564900e-01	
   5.1260000e+02	   6.1786600e-01	
   5.1280000e+02	   6.2008400e-01	
   5.1300000e+02	   6.2230200e-01	
   5.1320000e+02	   6.2451900e-01	
   5.1340000e+02	   6.2673700e-01	
   5.1360000e+02	   6.2895500e-01	
   5.1380000e+02	   6.3117300e-01	
   5.1400000e+02	   6.3339000e-01	
   5.1420000e+02	   6.3560700e-01	
   5.1440000e+02	   6.3782400e-01	
   5.1460000e+02	   6.4004100e-01	
   5.1480000e+02	   6.4225700e-01	
   5.1500000e+02	   6.4447200e-01	
   5.1520000e+02	   6.4668700e-01	
   5.1540000e+02	   6.4890100e-01	
   5.1560000e+02	   6.5111500e-01	
   5.1580000e+02	   6.5332800e-01	
   5.1600000e+02	   6.5554000e-01	
   5.1620000e+02	   6.5775100e-01	
   5.1640000e+02	   6.5996100e-01	
   5.1660000e+02	   6.6217000e-01	
   5.1680000e+02	   6.6437800e-01	
   5.1700000e+02	   6.6658500e-01	
   5.1720000e+02	   6.6879100e-01	
   5.1740000e+02	   6.7099500e-01	
   5.1760000e+02	   6.7319800e-01	
   5.1780000e+02	   6.7540000e-01	
   5.1800000e+02	   6.7760000e-01	
   5.1820000e+02	   6.7979800e-01	
   5.1840000e+02	   6.8199500e-01	
   5.1860000e+02	   6.8419000e-01	
   5.1880000e+02	   6.8638400e-01	
   5.1900000e+02	   6.8857500e-01	
   5.1920000e+02	   6.9076500e-01	
   5.1940000e+02	   6.9295200e-01	
   5.1960000e+02	   6.9513800e-01	
   5.1980000e+02	   6.9732200e-01	
   5.2000000e+02	   6.9950300e-01	
   5.2020000e+02	   7.0168200e-01	
   5.2040000e+02	   7.0385900e-01	
   5.2060000e+02	   7.0603300e-01	
   5.2080000e+02	   7.0820500e-01	
   5.2100000e+02	   7.1037500e-01	
   5.2120000e+02	   7.1254200e-01	
   5.2140000e+02	   7.1470600e-01	
   5.2160000e+02	   7.1686700e-01	
   5.2180000e+02	   7.1902600e-01	
   5.2200000e+02	   7.2118200e-01	
   5.2220000e+02	   7.2333500e-01	
   5.2240000e+02	   7.2548500e-01	
   5.2260000e+02	   7.2763200e-01	
   5.2280000e+02	   7.2977600e-01	
   5.2300000e+02	   7.3191600e-01	
   5.2320000e+02	   7.3405400e-01	
   5.2340000e+02	   7.3618800e-01	
   5.2360000e+02	   7.3831800e-01	
   5.2380000e+02	   7.4044500e-01	
   5.2400000e+02	   7.4256900e-01	
   5.2420000e+02	   7.4468900e-01	
   5.2440000e+02	   7.4680500e-01	
   5.2460000e+02	   7.4891800e-01	
   5.2480000e+02	   7.5102700e-01	
   5.2500000e+02	   7.5313100e-01	
   5.2520000e+02	   7.5523200e-01	
   5.2540000e+02	   7.5732900e-01	
   5.2560000e+02	   7.5942200e-01	
   5.2580000e+02	   7.6151100e-01	
   5.2600000e+02	   7.6359500e-01	
   5.2620000e+02	   7.6567500e-01	
   5.2640000e+02	   7.6775100e-01	
   5.2660000e+02	   7.6982200e-01	
   5.2680000e+02	   7.7188900e-01	
   5.2700000e+02	   7.7395100e-01	
   5.2720000e+02	   7.7600900e-01	
   5.2740000e+02	   7.7806200e-01	
   5.2760000e+02	   7.8011000e-01	
   5.2780000e+02	   7.8215300e-01	
   5.2800000e+02	   7.8419200e-01	
   5.2820000e+02	   7.8622500e-01	
   5.2840000e+02	   7.8825300e-01	
   5.2860000e+02	   7.9027600e-01	
   5.2880000e+02	   7.9229400e-01	
   5.2900000e+02	   7.9430700e-01	
   5.2920000e+02	   7.9631400e-01	
   5.2940000e+02	   7.9831600e-01	
   5.2960000e+02	   8.0031300e-01	
   5.2980000e+02	   8.0230300e-01	
   5.3000000e+02	   8.0428900e-01	
   5.3020000e+02	   8.0626800e-01	
   5.3040000e+02	   8.0824200e-01	
   5.3060000e+02	   8.1021000e-01	
   5.3080000e+02	   8.1217200e-01	
   5.3100000e+02	   8.1412800e-01	
   5.3120000e+02	   8.1607800e-01	
   5.3140000e+02	   8.1802200e-01	
   5.3160000e+02	   8.1996000e-01	
   5.3180000e+02	   8.2189100e-01	
   5.3200000e+02	   8.2381700e-01	
   5.3220000e+02	   8.2573500e-01	
   5.3240000e+02	   8.2764800e-01	
   5.3260000e+02	   8.2955300e-01	
   5.3280000e+02	   8.3145300e-01	
   5.3300000e+02	   8.3334500e-01	
   5.3320000e+02	   8.3523100e-01	
   5.3340000e+02	   8.3711000e-01	
   5.3360000e+02	   8.3898200e-01	
   5.3380000e+02	   8.4084700e-01	
   5.3400000e+02	   8.4270500e-01	
   5.3420000e+02	   8.4455600e-01	
   5.3440000e+02	   8.4640000e-01	
   5.3460000e+02	   8.4823600e-01	
   5.3480000e+02	   8.5006500e-01	
   5.3500000e+02	   8.5188700e-01	
   5.3520000e+02	   8.5370200e-01	
   5.3540000e+02	   8.5550800e-01	
   5.3560000e+02	   8.5730800e-01	
   5.3580000e+02	   8.5909900e-01	
   5.3600000e+02	   8.6088300e-01	
   5.3620000e+02	   8.6265900e-01	
   5.3640000e+02	   8.6442700e-01	
   5.3660000e+02	   8.6618700e-01	
   5.3680000e+02	   8.6793900e-01	
   5.3700000e+02	   8.6968400e-01	
   5.3720000e+02	   8.7141900e-01	
   5.3740000e+02	   8.7314700e-01	
   5.3760000e+02	   8.7486600e-01	
   5.3780000e+02	   8.7657700e-01	
   5.3800000e+02	   8.7828000e-01	
   5.3820000e+02	   8.7997400e-01	
   5.3840000e+02	   8.8165900e-01	
   5.3860000e+02	   8.8333600e-01	
   5.3880000e+02	   8.8500400e-01	
   5.3900000e+02	   8.8666300e-01	
   5.3920000e+02	   8.8831300e-01	
   5.3940000e+02	   8.8995500e-01	
   5.3960000e+02	   8.9158700e-01	
   5.3980000e+02	   8.9321000e-01	
   5.4000000e+02	   8.9482400e-01	
   5.4020000e+02	   8.9642900e-01	
   5.4040000e+02	   8.9802400e-01	
   5.4060000e+02	   8.9961000e-01	
   5.4080000e+02	   9.0118700e-01	
   5.4100000e+02	   9.0275400e-01	
   5.4120000e+02	   9.0431100e-01	
   5.4140000e+02	   9.0585900e-01	
   5.4160000e+02	   9.0739700e-01	
   5.4180000e+02	   9.0892500e-01	
   5.4200000e+02	   9.1044400e-01	
   5.4220000e+02	   9.1195200e-01	
   5.4240000e+02	   9.1345000e-01	
   5.4260000e+02	   9.1493900e-01	
   5.4280000e+02	   9.1641700e-01	
   5.4300000e+02	   9.1788500e-01	
   5.4320000e+02	   9.1934200e-01	
   5.4340000e+02	   9.2078900e-01	
   5.4360000e+02	   9.2222600e-01	
   5.4380000e+02	   9.2365200e-01	
   5.4400000e+02	   9.2506700e-01	
   5.4420000e+02	   9.2647200e-01	
   5.4440000e+02	   9.2786600e-01	
   5.4460000e+02	   9.2924900e-01	
   5.4480000e+02	   9.3062100e-01	
   5.4500000e+02	   9.3198300e-01	
   5.4520000e+02	   9.3333300e-01	
   5.4540000e+02	   9.3467200e-01	
   5.4560000e+02	   9.3600000e-01	
   5.4580000e+02	   9.3731700e-01	
   5.4600000e+02	   9.3862200e-01	
   5.4620000e+02	   9.3991600e-01	
   5.4640000e+02	   9.4119900e-01	
   5.4660000e+02	   9.4247000e-01	
   5.4680000e+02	   9.4372900e-01	
   5.4700000e+02	   9.4497700e-01	
   5.4720000e+02	   9.4621200e-01	
   5.4740000e+02	   9.4743700e-01	
   5.4760000e+02	   9.4864900e-01	
   5.4780000e+02	   9.4984900e-01	
   5.4800000e+02	   9.5103700e-01	
   5.4820000e+02	   9.5221300e-01	
   5.4840000e+02	   9.5337700e-01	
   5.4860000e+02	   9.5452800e-01	
   5.4880000e+02	   9.5566700e-01	
   5.4900000e+02	   9.5679400e-01	
   5.4920000e+02	   9.5790800e-01	
   5.4940000e+02	   9.5901000e-01	
   5.4960000e+02	   9.6009900e-01	
   5.4980000e+02	   9.6117500e-01	
   5.5000000e+02	   9.6223900e-01	
   5.5020000e+02	   9.6329000e-01	
   5.5040000e+02	   9.6432800e-01	
   5.5060000e+02	   9.6535300e-01	
   5.5080000e+02	   9.6636500e-01	
   5.5100000e+02	   9.6736300e-01	
   5.5120000e+02	   9.6834900e-01	
   5.5140000e+02	   9.6932100e-01	
   5.5160000e+02	   9.7028000e-01	
   5.5180000e+02	   9.7122600e-01	
   5.5200000e+02	   9.7215800e-01	
   5.5220000e+02	   9.7307600e-01	
   5.5240000e+02	   9.7398100e-01	
   5.5260000e+02	   9.7487300e-01	
   5.5280000e+02	   9.7575000e-01	
   5.5300000e+02	   9.7661400e-01	
   5.5320000e+02	   9.7746400e-01	
   5.5340000e+02	   9.7830000e-01	
   5.5360000e+02	   9.7912100e-01	
   5.5380000e+02	   9.7992900e-01	
   5.5400000e+02	   9.8072300e-01	
   5.5420000e+02	   9.8150200e-01	
   5.5440000e+02	   9.8226700e-01	
   5.5460000e+02	   9.8301800e-01	
   5.5480000e+02	   9.8375400e-01	
   5.5500000e+02	   9.8447600e-01	
   5.5520000e+02	   9.8518300e-01	
   5.5540000e+02	   9.8587600e-01	
   5.5560000e+02	   9.8655400e-01	
   5.5580000e+02	   9.8721700e-01	
   5.5600000e+02	   9.8786500e-01	
   5.5620000e+02	   9.8849800e-01	
   5.5640000e+02	   9.8911700e-01	
   5.5660000e+02	   9.8972000e-01	
   5.5680000e+02	   9.9030900e-01	
   5.5700000e+02	   9.9088200e-01	
   5.5720000e+02	   9.9144000e-01	
   5.5740000e+02	   9.9198300e-01	
   5.5760000e+02	   9.9251000e-01	
   5.5780000e+02	   9.9302200e-01	
   5.5800000e+02	   9.9351800e-01	
   5.5820000e+02	   9.9399900e-01	
   5.5840000e+02	   9.9446500e-01	
   5.5860000e+02	   9.9491400e-01	
   5.5880000e+02	   9.9534800e-01	
   5.5900000e+02	   9.9576600e-01	
   5.5920000e+02	   9.9616900e-01	
   5.5940000e+02	   9.9655500e-01	
   5.5960000e+02	   9.9692600e-01	
   5.5980000e+02	   9.9728000e-01	
   5.6000000e+02	   9.9761900e-01	
   5.6020000e+02	   9.9794100e-01	
   5.6040000e+02	   9.9824700e-01	
   5.6060000e+02	   9.9853700e-01	
   5.6080000e+02	   9.9881000e-01	
   5.6100000e+02	   9.9906800e-01	
   5.6120000e+02	   9.9930800e-01	
   5.6140000e+02	   9.9953300e-01	
   5.6160000e+02	   9.9974000e-01	
   5.6180000e+02	   9.9993200e-01	
   5.6200000e+02	   1.0001060e+00	
   5.6220000e+02	   1.0002640e+00	
   5.6240000e+02	   1.0004050e+00	
   5.6260000e+02	   1.0005300e+00	
   5.6280000e+02	   1.0006370e+00	
   5.6300000e+02	   1.0007280e+00	
   5.6320000e+02	   1.0008020e+00	
   5.6340000e+02	   1.0008580e+00	
   5.6360000e+02	   1.0008980e+00	
   5.6380000e+02	   1.0009210e+00	
   5.6400000e+02	   1.0009260e+00	
   5.6420000e+02	   1.0009140e+00	
   5.6440000e+02	   1.0008850e+00	
   5.6460000e+02	   1.0008390e+00	
   5.6480000e+02	   1.0007760e+00	
   5.6500000e+02	   1.0006950e+00	
   5.6520000e+02	   1.0005970e+00	
   5.6540000e+02	   1.0004810e+00	
   5.6560000e+02	   1.0003480e+00	
   5.6580000e+02	   1.0001970e+00	
   5.6600000e+02	   1.0000290e+00	
   5.6620000e+02	   9.9984300e-01	
   5.6640000e+02	   9.9963900e-01	
   5.6660000e+02	   9.9941800e-01	
   5.6680000e+02	   9.9917900e-01	
   5.6700000e+02	   9.9892200e-01	
   5.6720000e+02	   9.9864800e-01	
   5.6740000e+02	   9.9835600e-01	
   5.6760000e+02	   9.9804600e-01	
   5.6780000e+02	   9.9771800e-01	
   5.6800000e+02	   9.9737200e-01	
   5.6820000e+02	   9.9700800e-01	
   5.6840000e+02	   9.9662600e-01	
   5.6860000e+02	   9.9622600e-01	
   5.6880000e+02	   9.9580900e-01	
   5.6900000e+02	   9.9537300e-01	
   5.6920000e+02	   9.9491900e-01	
   5.6940000e+02	   9.9444700e-01	
   5.6960000e+02	   9.9395600e-01	
   5.6980000e+02	   9.9344800e-01	
   5.7000000e+02	   9.9292200e-01	
   5.7020000e+02	   9.9237700e-01	
   5.7040000e+02	   9.9181400e-01	
   5.7060000e+02	   9.9123300e-01	
   5.7080000e+02	   9.9063400e-01	
   5.7100000e+02	   9.9001600e-01	
   5.7120000e+02	   9.8938000e-01	
   5.7140000e+02	   9.8872600e-01	
   5.7160000e+02	   9.8805300e-01	
   5.7180000e+02	   9.8736300e-01	
   5.7200000e+02	   9.8665400e-01	
   5.7220000e+02	   9.8592600e-01	
   5.7240000e+02	   9.8518000e-01	
   5.7260000e+02	   9.8441600e-01	
   5.7280000e+02	   9.8363400e-01	
   5.7300000e+02	   9.8283300e-01	
   5.7320000e+02	   9.8201400e-01	
   5.7340000e+02	   9.8117600e-01	
   5.7360000e+02	   9.8032100e-01	
   5.7380000e+02	   9.7944600e-01	
   5.7400000e+02	   9.7855400e-01	
   5.7420000e+02	   9.7764300e-01	
   5.7440000e+02	   9.7671400e-01	
   5.7460000e+02	   9.7576600e-01	
   5.7480000e+02	   9.7480000e-01	
   5.7500000e+02	   9.7381600e-01	
   5.7520000e+02	   9.7281300e-01	
   5.7540000e+02	   9.7179300e-01	
   5.7560000e+02	   9.7075300e-01	
   5.7580000e+02	   9.6969600e-01	
   5.7600000e+02	   9.6862000e-01	
   5.7620000e+02	   9.6752600e-01	
   5.7640000e+02	   9.6641400e-01	
   5.7660000e+02	   9.6528400e-01	
   5.7680000e+02	   9.6413600e-01	
   5.7700000e+02	   9.6296900e-01	
   5.7720000e+02	   9.6178400e-01	
   5.7740000e+02	   9.6058100e-01	
   5.7760000e+02	   9.5936000e-01	
   5.7780000e+02	   9.5812100e-01	
   5.7800000e+02	   9.5686400e-01	
   5.7820000e+02	   9.5558900e-01	
   5.7840000e+02	   9.5429600e-01	
   5.7860000e+02	   9.5298500e-01	
   5.7880000e+02	   9.5165700e-01	
   5.7900000e+02	   9.5031000e-01	
   5.7920000e+02	   9.4894600e-01	
   5.7940000e+02	   9.4756300e-01	
   5.7960000e+02	   9.4616300e-01	
   5.7980000e+02	   9.4474600e-01	
   5.8000000e+02	   9.4331100e-01	
   5.8020000e+02	   9.4185800e-01	
   5.8040000e+02	   9.4038700e-01	
   5.8060000e+02	   9.3889900e-01	
   5.8080000e+02	   9.3739400e-01	
   5.8100000e+02	   9.3587100e-01	
   5.8120000e+02	   9.3433100e-01	
   5.8140000e+02	   9.3277300e-01	
   5.8160000e+02	   9.3119900e-01	
   5.8180000e+02	   9.2960700e-01	
   5.8200000e+02	   9.2799800e-01	
   5.8220000e+02	   9.2637200e-01	
   5.8240000e+02	   9.2472900e-01	
   5.8260000e+02	   9.2306900e-01	
   5.8280000e+02	   9.2139200e-01	
   5.8300000e+02	   9.1969800e-01	
   5.8320000e+02	   9.1798800e-01	
   5.8340000e+02	   9.1626100e-01	
   5.8360000e+02	   9.1451700e-01	
   5.8380000e+02	   9.1275700e-01	
   5.8400000e+02	   9.1098100e-01	
   5.8420000e+02	   9.0918800e-01	
   5.8440000e+02	   9.0737800e-01	
   5.8460000e+02	   9.0555300e-01	
   5.8480000e+02	   9.0371100e-01	
   5.8500000e+02	   9.0185300e-01	
   5.8520000e+02	   8.9998000e-01	
   5.8540000e+02	   8.9809000e-01	
   5.8560000e+02	   8.9618500e-01	
   5.8580000e+02	   8.9426400e-01	
   5.8600000e+02	   8.9232700e-01	
   5.8620000e+02	   8.9037500e-01	
   5.8640000e+02	   8.8840700e-01	
   5.8660000e+02	   8.8642400e-01	
   5.8680000e+02	   8.8442600e-01	
   5.8700000e+02	   8.8241200e-01	
   5.8720000e+02	   8.8038400e-01	
   5.8740000e+02	   8.7834000e-01	
   5.8760000e+02	   8.7628200e-01	
   5.8780000e+02	   8.7420800e-01	
   5.8800000e+02	   8.7212100e-01	
   5.8820000e+02	   8.7001800e-01	
   5.8840000e+02	   8.6790100e-01	
   5.8860000e+02	   8.6577000e-01	
   5.8880000e+02	   8.6362500e-01	
   5.8900000e+02	   8.6146500e-01	
   5.8920000e+02	   8.5929100e-01	
   5.8940000e+02	   8.5710400e-01	
   5.8960000e+02	   8.5490200e-01	
   5.8980000e+02	   8.5268700e-01	
   5.9000000e+02	   8.5045800e-01	
   5.9020000e+02	   8.4821600e-01	
   5.9040000e+02	   8.4596100e-01	
   5.9060000e+02	   8.4369200e-01	
   5.9080000e+02	   8.4141000e-01	
   5.9100000e+02	   8.3911500e-01	
   5.9120000e+02	   8.3680700e-01	
   5.9140000e+02	   8.3448700e-01	
   5.9160000e+02	   8.3215400e-01	
   5.9180000e+02	   8.2980800e-01	
   5.9200000e+02	   8.2745000e-01	
   5.9220000e+02	   8.2508000e-01	
   5.9240000e+02	   8.2269800e-01	
   5.9260000e+02	   8.2030300e-01	
   5.9280000e+02	   8.1789700e-01	
   5.9300000e+02	   8.1547900e-01	
   5.9320000e+02	   8.1304900e-01	
   5.9340000e+02	   8.1060800e-01	
   5.9360000e+02	   8.0815600e-01	
   5.9380000e+02	   8.0569200e-01	
   5.9400000e+02	   8.0321800e-01	
   5.9420000e+02	   8.0073200e-01	
   5.9440000e+02	   7.9823600e-01	
   5.9460000e+02	   7.9572800e-01	
   5.9480000e+02	   7.9321100e-01	
   5.9500000e+02	   7.9068300e-01	
   5.9520000e+02	   7.8814500e-01	
   5.9540000e+02	   7.8559600e-01	
   5.9560000e+02	   7.8303800e-01	
   5.9580000e+02	   7.8047000e-01	
   5.9600000e+02	   7.7789200e-01	
   5.9620000e+02	   7.7530400e-01	
   5.9640000e+02	   7.7270800e-01	
   5.9660000e+02	   7.7010100e-01	
   5.9680000e+02	   7.6748600e-01	
   5.9700000e+02	   7.6486200e-01	
   5.9720000e+02	   7.6222900e-01	
   5.9740000e+02	   7.5958700e-01	
   5.9760000e+02	   7.5693700e-01	
   5.9780000e+02	   7.5427900e-01	
   5.9800000e+02	   7.5161200e-01	
   5.9820000e+02	   7.4893700e-01	
   5.9840000e+02	   7.4625400e-01	
   5.9860000e+02	   7.4356300e-01	
   5.9880000e+02	   7.4086500e-01	
   5.9900000e+02	   7.3815900e-01	
   5.9920000e+02	   7.3544600e-01	
   5.9940000e+02	   7.3272600e-01	
   5.9960000e+02	   7.2999800e-01	
   5.9980000e+02	   7.2726400e-01	
   6.0000000e+02	   7.2452300e-01	
   6.0020000e+02	   7.2177500e-01	
   6.0040000e+02	   7.1902100e-01	
   6.0060000e+02	   7.1626100e-01	
   6.0080000e+02	   7.1349400e-01	
   6.0100000e+02	   7.1072100e-01	
   6.0120000e+02	   7.0794300e-01	
   6.0140000e+02	   7.0515900e-01	
   6.0160000e+02	   7.0236900e-01	
   6.0180000e+02	   6.9957400e-01	
   6.0200000e+02	   6.9677400e-01	
   6.0220000e+02	   6.9396800e-01	
   6.0240000e+02	   6.9115800e-01	
   6.0260000e+02	   6.8834300e-01	
   6.0280000e+02	   6.8552300e-01	
   6.0300000e+02	   6.8269800e-01	
   6.0320000e+02	   6.7987000e-01	
   6.0340000e+02	   6.7703700e-01	
   6.0360000e+02	   6.7420000e-01	
   6.0380000e+02	   6.7135900e-01	
   6.0400000e+02	   6.6851400e-01	
   6.0420000e+02	   6.6566600e-01	
   6.0440000e+02	   6.6281400e-01	
   6.0460000e+02	   6.5995900e-01	
   6.0480000e+02	   6.5710100e-01	
   6.0500000e+02	   6.5424000e-01	
   6.0520000e+02	   6.5137600e-01	
   6.0540000e+02	   6.4850900e-01	
   6.0560000e+02	   6.4564000e-01	
   6.0580000e+02	   6.4276800e-01	
   6.0600000e+02	   6.3989400e-01	
   6.0620000e+02	   6.3701800e-01	
   6.0640000e+02	   6.3414000e-01	
   6.0660000e+02	   6.3126000e-01	
   6.0680000e+02	   6.2837800e-01	
   6.0700000e+02	   6.2549500e-01	
   6.0720000e+02	   6.2261000e-01	
   6.0740000e+02	   6.1972400e-01	
   6.0760000e+02	   6.1683700e-01	
   6.0780000e+02	   6.1394800e-01	
   6.0800000e+02	   6.1105900e-01	
   6.0820000e+02	   6.0817000e-01	
   6.0840000e+02	   6.0527900e-01	
   6.0860000e+02	   6.0238900e-01	
   6.0880000e+02	   5.9949800e-01	
   6.0900000e+02	   5.9660600e-01	
   6.0920000e+02	   5.9371500e-01	
   6.0940000e+02	   5.9082400e-01	
   6.0960000e+02	   5.8793300e-01	
   6.0980000e+02	   5.8504300e-01	
   6.1000000e+02	   5.8215200e-01	
   6.1020000e+02	   5.7926300e-01	
   6.1040000e+02	   5.7637400e-01	
   6.1060000e+02	   5.7348700e-01	
   6.1080000e+02	   5.7060000e-01	
   6.1100000e+02	   5.6771400e-01	
   6.1120000e+02	   5.6483000e-01	
   6.1140000e+02	   5.6194700e-01	
   6.1160000e+02	   5.5906600e-01	
   6.1180000e+02	   5.5618600e-01	
   6.1200000e+02	   5.5330800e-01	
   6.1220000e+02	   5.5043300e-01	
   6.1240000e+02	   5.4755900e-01	
   6.1260000e+02	   5.4468700e-01	
   6.1280000e+02	   5.4181700e-01	
   6.1300000e+02	   5.3895000e-01	
   6.1320000e+02	   5.3608600e-01	
   6.1340000e+02	   5.3322400e-01	
   6.1360000e+02	   5.3036500e-01	
   6.1380000e+02	   5.2750800e-01	
   6.1400000e+02	   5.2465500e-01	
   6.1420000e+02	   5.2180500e-01	
   6.1440000e+02	   5.1895800e-01	
   6.1460000e+02	   5.1611400e-01	
   6.1480000e+02	   5.1327400e-01	
   6.1500000e+02	   5.1043700e-01	
   6.1520000e+02	   5.0760400e-01	
   6.1540000e+02	   5.0477500e-01	
   6.1560000e+02	   5.0195000e-01	
   6.1580000e+02	   4.9912800e-01	
   6.1600000e+02	   4.9631100e-01	
   6.1620000e+02	   4.9349800e-01	
   6.1640000e+02	   4.9068900e-01	
   6.1660000e+02	   4.8788500e-01	
   6.1680000e+02	   4.8508500e-01	
   6.1700000e+02	   4.8229000e-01	
   6.1720000e+02	   4.7949900e-01	
   6.1740000e+02	   4.7671300e-01	
   6.1760000e+02	   4.7393300e-01	
   6.1780000e+02	   4.7115700e-01	
   6.1800000e+02	   4.6838600e-01	
   6.1820000e+02	   4.6562000e-01	
   6.1840000e+02	   4.6286000e-01	
   6.1860000e+02	   4.6010500e-01	
   6.1880000e+02	   4.5735600e-01	
   6.1900000e+02	   4.5461200e-01	
   6.1920000e+02	   4.5187400e-01	
   6.1940000e+02	   4.4914100e-01	
   6.1960000e+02	   4.4641400e-01	
   6.1980000e+02	   4.4369400e-01	
   6.2000000e+02	   4.4097900e-01	
   6.2020000e+02	   4.3827000e-01	
   6.2040000e+02	   4.3556700e-01	
   6.2060000e+02	   4.3287100e-01	
   6.2080000e+02	   4.3018100e-01	
   6.2100000e+02	   4.2749800e-01	
   6.2120000e+02	   4.2482100e-01	
   6.2140000e+02	   4.2215000e-01	
   6.2160000e+02	   4.1948600e-01	
   6.2180000e+02	   4.1682900e-01	
   6.2200000e+02	   4.1417900e-01	
   6.2220000e+02	   4.1153500e-01	
   6.2240000e+02	   4.0889800e-01	
   6.2260000e+02	   4.0626900e-01	
   6.2280000e+02	   4.0364600e-01	
   6.2300000e+02	   4.0103100e-01	
   6.2320000e+02	   3.9842300e-01	
   6.2340000e+02	   3.9582200e-01	
   6.2360000e+02	   3.9322900e-01	
   6.2380000e+02	   3.9064300e-01	
   6.2400000e+02	   3.8806400e-01	
   6.2420000e+02	   3.8549300e-01	
   6.2440000e+02	   3.8293000e-01	
   6.2460000e+02	   3.8037400e-01	
   6.2480000e+02	   3.7782600e-01	
   6.2500000e+02	   3.7528600e-01	
   6.2520000e+02	   3.7275300e-01	
   6.2540000e+02	   3.7022900e-01	
   6.2560000e+02	   3.6771300e-01	
   6.2580000e+02	   3.6520400e-01	
   6.2600000e+02	   3.6270400e-01	
   6.2620000e+02	   3.6021200e-01	
   6.2640000e+02	   3.5772800e-01	
   6.2660000e+02	   3.5525200e-01	
   6.2680000e+02	   3.5278500e-01	
   6.2700000e+02	   3.5032600e-01	
   6.2720000e+02	   3.4787500e-01	
   6.2740000e+02	   3.4543300e-01	
   6.2760000e+02	   3.4299900e-01	
   6.2780000e+02	   3.4057400e-01	
   6.2800000e+02	   3.3815800e-01	
   6.2820000e+02	   3.3575000e-01	
   6.2840000e+02	   3.3335100e-01	
   6.2860000e+02	   3.3096000e-01	
   6.2880000e+02	   3.2857900e-01	
   6.2900000e+02	   3.2620600e-01	
   6.2920000e+02	   3.2384200e-01	
   6.2940000e+02	   3.2148700e-01	
   6.2960000e+02	   3.1914100e-01	
   6.2980000e+02	   3.1680400e-01	
   6.3000000e+02	   3.1447600e-01	
   6.3020000e+02	   3.1215700e-01	
   6.3040000e+02	   3.0984700e-01	
   6.3060000e+02	   3.0754600e-01	
   6.3080000e+02	   3.0525500e-01	
   6.3100000e+02	   3.0297200e-01	
   6.3120000e+02	   3.0069900e-01	
   6.3140000e+02	   2.9843500e-01	
   6.3160000e+02	   2.9618100e-01	
   6.3180000e+02	   2.9393600e-01	
   6.3200000e+02	   2.9170000e-01	
   6.3220000e+02	   2.8947300e-01	
   6.3240000e+02	   2.8725600e-01	
   6.3260000e+02	   2.8504900e-01	
   6.3280000e+02	   2.8285100e-01	
   6.3300000e+02	   2.8066200e-01	
   6.3320000e+02	   2.7848400e-01	
   6.3340000e+02	   2.7631400e-01	
   6.3360000e+02	   2.7415400e-01	
   6.3380000e+02	   2.7200400e-01	
   6.3400000e+02	   2.6986400e-01	
   6.3420000e+02	   2.6773300e-01	
   6.3440000e+02	   2.6561200e-01	
   6.3460000e+02	   2.6350100e-01	
   6.3480000e+02	   2.6139900e-01	
   6.3500000e+02	   2.5930700e-01	
   6.3520000e+02	   2.5722500e-01	
   6.3540000e+02	   2.5515300e-01	
   6.3560000e+02	   2.5309000e-01	
   6.3580000e+02	   2.5103700e-01	
   6.3600000e+02	   2.4899500e-01	
   6.3620000e+02	   2.4696200e-01	
   6.3640000e+02	   2.4493900e-01	
   6.3660000e+02	   2.4292600e-01	
   6.3680000e+02	   2.4092300e-01	
   6.3700000e+02	   2.3892900e-01	
   6.3720000e+02	   2.3694600e-01	
   6.3740000e+02	   2.3497300e-01	
   6.3760000e+02	   2.3300900e-01	
   6.3780000e+02	   2.3105600e-01	
   6.3800000e+02	   2.2911300e-01	
   6.3820000e+02	   2.2718000e-01	
   6.3840000e+02	   2.2525600e-01	
   6.3860000e+02	   2.2334300e-01	
   6.3880000e+02	   2.2144000e-01	
   6.3900000e+02	   2.1954700e-01	
   6.3920000e+02	   2.1766400e-01	
   6.3940000e+02	   2.1579100e-01	
   6.3960000e+02	   2.1392800e-01	
   6.3980000e+02	   2.1207500e-01	
   6.4000000e+02	   2.1023200e-01	
   6.4020000e+02	   2.0839900e-01	
   6.4040000e+02	   2.0657700e-01	
   6.4060000e+02	   2.0476400e-01	
   6.4080000e+02	   2.0296200e-01	
   6.4100000e+02	   2.0117000e-01	
   6.4120000e+02	   1.9938800e-01	
   6.4140000e+02	   1.9761600e-01	
   6.4160000e+02	   1.9585400e-01	
   6.4180000e+02	   1.9410200e-01	
   6.4200000e+02	   1.9236100e-01	
   6.4220000e+02	   1.9062900e-01	
   6.4240000e+02	   1.8890800e-01	
   6.4260000e+02	   1.8719700e-01	
   6.4280000e+02	   1.8549600e-01	
   6.4300000e+02	   1.8380500e-01	
   6.4320000e+02	   1.8212400e-01	
   6.4340000e+02	   1.8045300e-01	
   6.4360000e+02	   1.7879300e-01	
   6.4380000e+02	   1.7714200e-01	
   6.4400000e+02	   1.7550200e-01	
   6.4420000e+02	   1.7387100e-01	
   6.4440000e+02	   1.7225100e-01	
   6.4460000e+02	   1.7064100e-01	
   6.4480000e+02	   1.6904100e-01	
   6.4500000e+02	   1.6745100e-01	
   6.4520000e+02	   1.6587100e-01	
   6.4540000e+02	   1.6430100e-01	
   6.4560000e+02	   1.6274200e-01	
   6.4580000e+02	   1.6119200e-01	
   6.4600000e+02	   1.5965200e-01	
   6.4620000e+02	   1.5812200e-01	
   6.4640000e+02	   1.5660300e-01	
   6.4660000e+02	   1.5509300e-01	
   6.4680000e+02	   1.5359400e-01	
   6.4700000e+02	   1.5210400e-01	
   6.4720000e+02	   1.5062400e-01	
   6.4740000e+02	   1.4915400e-01	
   6.4760000e+02	   1.4769500e-01	
   6.4780000e+02	   1.4624500e-01	
   6.4800000e+02	   1.4480500e-01	
   6.4820000e+02	   1.4337500e-01	
   6.4840000e+02	   1.4195400e-01	
   6.4860000e+02	   1.4054400e-01	
   6.4880000e+02	   1.3914400e-01	
   6.4900000e+02	   1.3775300e-01	
   6.4920000e+02	   1.3637200e-01	
   6.4940000e+02	   1.3500100e-01	
   6.4960000e+02	   1.3364000e-01	
   6.4980000e+02	   1.3228900e-01	
   6.5000000e+02	   1.3094700e-01	
   6.5020000e+02	   1.2961500e-01	
   6.5040000e+02	   1.2829300e-01	
   6.5060000e+02	   1.2698000e-01	
   6.5080000e+02	   1.2567700e-01	
   6.5100000e+02	   1.2438400e-01	
   6.5120000e+02	   1.2310000e-01	
   6.5140000e+02	   1.2182600e-01	
   6.5160000e+02	   1.2056100e-01	
   6.5180000e+02	   1.1930700e-01	
   6.5200000e+02	   1.1806100e-01	
   6.5220000e+02	   1.1682500e-01	
   6.5240000e+02	   1.1559900e-01	
   6.5260000e+02	   1.1438200e-01	
   6.5280000e+02	   1.1317400e-01	
   6.5300000e+02	   1.1197600e-01	
   6.5320000e+02	   1.1078700e-01	
   6.5340000e+02	   1.0960800e-01	
   6.5360000e+02	   1.0843800e-01	
   6.5380000e+02	   1.0727700e-01	
   6.5400000e+02	   1.0612500e-01	
   6.5420000e+02	   1.0498300e-01	
   6.5440000e+02	   1.0385000e-01	
   6.5460000e+02	   1.0272600e-01	
   6.5480000e+02	   1.0161100e-01	
   6.5500000e+02	   1.0050600e-01	
   6.5520000e+02	   9.9409000e-02	
   6.5540000e+02	   9.8322000e-02	
   6.5560000e+02	   9.7243000e-02	
   6.5580000e+02	   9.6174000e-02	
   6.5600000e+02	   9.5113000e-02	
   6.5620000e+02	   9.4061000e-02	
   6.5640000e+02	   9.3019000e-02	
   6.5660000e+02	   9.1985000e-02	
   6.5680000e+02	   9.0960000e-02	
   6.5700000e+02	   8.9944000e-02	
   6.5720000e+02	   8.8936000e-02	
   6.5740000e+02	   8.7937000e-02	
   6.5760000e+02	   8.6947000e-02	
   6.5780000e+02	   8.5966000e-02	
   6.5800000e+02	   8.4993000e-02	
   6.5820000e+02	   8.4029000e-02	
   6.5840000e+02	   8.3073000e-02	
   6.5860000e+02	   8.2126000e-02	
   6.5880000e+02	   8.1187000e-02	
   6.5900000e+02	   8.0257000e-02	
   6.5920000e+02	   7.9335000e-02	
   6.5940000e+02	   7.8421000e-02	
   6.5960000e+02	   7.7516000e-02	
   6.5980000e+02	   7.6619000e-02	
   6.6000000e+02	   7.5731000e-02	
   6.6020000e+02	   7.4850000e-02	
   6.6040000e+02	   7.3978000e-02	
   6.6060000e+02	   7.3113000e-02	
   6.6080000e+02	   7.2257000e-02	
   6.6100000e+02	   7.1409000e-02	
   6.6120000e+02	   7.0569000e-02	
   6.6140000e+02	   6.9737000e-02	
   6.6160000e+02	   6.8912000e-02	
   6.6180000e+02	   6.8096000e-02	
   6.6200000e+02	   6.7287000e-02	
   6.6220000e+02	   6.6486000e-02	
   6.6240000e+02	   6.5693000e-02	
   6.6260000e+02	   6.4908000e-02	
   6.6280000e+02	   6.4130000e-02	
   6.6300000e+02	   6.3360000e-02	
   6.6320000e+02	   6.2597000e-02	
   6.6340000e+02	   6.1842000e-02	
   6.6360000e+02	   6.1094000e-02	
   6.6380000e+02	   6.0354000e-02	
   6.6400000e+02	   5.9621000e-02	
   6.6420000e+02	   5.8896000e-02	
   6.6440000e+02	   5.8178000e-02	
   6.6460000e+02	   5.7467000e-02	
   6.6480000e+02	   5.6763000e-02	
   6.6500000e+02	   5.6066000e-02	
   6.6520000e+02	   5.5377000e-02	
   6.6540000e+02	   5.4695000e-02	
   6.6560000e+02	   5.4019000e-02	
   6.6580000e+02	   5.3351000e-02	
   6.6600000e+02	   5.2689000e-02	
   6.6620000e+02	   5.2035000e-02	
   6.6640000e+02	   5.1387000e-02	
   6.6660000e+02	   5.0746000e-02	
   6.6680000e+02	   5.0112000e-02	
   6.6700000e+02	   4.9484000e-02	
   6.6720000e+02	   4.8863000e-02	
   6.6740000e+02	   4.8249000e-02	
   6.6760000e+02	   4.7641000e-02	
   6.6780000e+02	   4.7040000e-02	
   6.6800000e+02	   4.6445000e-02	
   6.6820000e+02	   4.5857000e-02	
   6.6840000e+02	   4.5275000e-02	
   6.6860000e+02	   4.4699000e-02	
   6.6880000e+02	   4.4130000e-02	
   6.6900000e+02	   4.3567000e-02	
   6.6920000e+02	   4.3010000e-02	
   6.6940000e+02	   4.2459000e-02	
   6.6960000e+02	   4.1914000e-02	
   6.6980000e+02	   4.1376000e-02	
   6.7000000e+02	   4.0843000e-02	
   6.7020000e+02	   4.0316000e-02	
   6.7040000e+02	   3.9795000e-02	
   6.7060000e+02	   3.9280000e-02	
   6.7080000e+02	   3.8771000e-02	
   6.7100000e+02	   3.8267000e-02	
   6.7120000e+02	   3.7769000e-02	
   6.7140000e+02	   3.7277000e-02	
   6.7160000e+02	   3.6791000e-02	
   6.7180000e+02	   3.6310000e-02	
   6.7200000e+02	   3.5834000e-02	
   6.7220000e+02	   3.5364000e-02	
   6.7240000e+02	   3.4900000e-02	
   6.7260000e+02	   3.4440000e-02	
   6.7280000e+02	   3.3987000e-02	
   6.7300000e+02	   3.3538000e-02	
   6.7320000e+02	   3.3095000e-02	
   6.7340000e+02	   3.2656000e-02	
   6.7360000e+02	   3.2223000e-02	
   6.7380000e+02	   3.1795000e-02	
   6.7400000e+02	   3.1373000e-02	
   6.7420000e+02	   3.0955000e-02	
   6.7440000e+02	   3.0542000e-02	
   6.7460000e+02	   3.0134000e-02	
   6.7480000e+02	   2.9731000e-02	
   6.7500000e+02	   2.9333000e-02	
   6.7520000e+02	   2.8939000e-02	
   6.7540000e+02	   2.8550000e-02	
   6.7560000e+02	   2.8166000e-02	
   6.7580000e+02	   2.7787000e-02	
   6.7600000e+02	   2.7412000e-02	
   6.7620000e+02	   2.7042000e-02	
   6.7640000e+02	   2.6676000e-02	
   6.7660000e+02	   2.6315000e-02	
   6.7680000e+02	   2.5958000e-02	
   6.7700000e+02	   2.5605000e-02	
   6.7720000e+02	   2.5257000e-02	
   6.7740000e+02	   2.4913000e-02	
   6.7760000e+02	   2.4574000e-02	
   6.7780000e+02	   2.4238000e-02	
   6.7800000e+02	   2.3907000e-02	
   6.7820000e+02	   2.3580000e-02	
   6.7840000e+02	   2.3257000e-02	
   6.7860000e+02	   2.2938000e-02	
   6.7880000e+02	   2.2623000e-02	
   6.7900000e+02	   2.2312000e-02	
   6.7920000e+02	   2.2005000e-02	
   6.7940000e+02	   2.1702000e-02	
   6.7960000e+02	   2.1403000e-02	
   6.7980000e+02	   2.1107000e-02	
   6.8000000e+02	   2.0815000e-02	
   6.8020000e+02	   2.0527000e-02	
   6.8040000e+02	   2.0243000e-02	
   6.8060000e+02	   1.9962000e-02	
   6.8080000e+02	   1.9685000e-02	
   6.8100000e+02	   1.9412000e-02	
   6.8120000e+02	   1.9142000e-02	
   6.8140000e+02	   1.8875000e-02	
   6.8160000e+02	   1.8612000e-02	
   6.8180000e+02	   1.8352000e-02	
   6.8200000e+02	   1.8096000e-02	
   6.8220000e+02	   1.7843000e-02	
   6.8240000e+02	   1.7593000e-02	
   6.8260000e+02	   1.7347000e-02	
   6.8280000e+02	   1.7103000e-02	
   6.8300000e+02	   1.6863000e-02	
   6.8320000e+02	   1.6626000e-02	
   6.8340000e+02	   1.6393000e-02	
   6.8360000e+02	   1.6162000e-02	
   6.8380000e+02	   1.5934000e-02	
   6.8400000e+02	   1.5710000e-02	
   6.8420000e+02	   1.5488000e-02	
   6.8440000e+02	   1.5269000e-02	
   6.8460000e+02	   1.5053000e-02	
   6.8480000e+02	   1.4841000e-02	
   6.8500000e+02	   1.4630000e-02	
   6.8520000e+02	   1.4423000e-02	
   6.8540000e+02	   1.4219000e-02	
   6.8560000e+02	   1.4017000e-02	
   6.8580000e+02	   1.3818000e-02	
   6.8600000e+02	   1.3621000e-02	
   6.8620000e+02	   1.3428000e-02	
   6.8640000e+02	   1.3237000e-02	
   6.8660000e+02	   1.3048000e-02	
   6.8680000e+02	   1.2862000e-02	
   6.8700000e+02	   1.2679000e-02	
   6.8720000e+02	   1.2498000e-02	
   6.8740000e+02	   1.2319000e-02	
   6.8760000e+02	   1.2143000e-02	
   6.8780000e+02	   1.1969000e-02	
   6.8800000e+02	   1.1798000e-02	
   6.8820000e+02	   1.1629000e-02	
   6.8840000e+02	   1.1462000e-02	
   6.8860000e+02	   1.1298000e-02	
   6.8880000e+02	   1.1136000e-02	
   6.8900000e+02	   1.0976000e-02	
   6.8920000e+02	   1.0818000e-02	
   6.8940000e+02	   1.0663000e-02	
   6.8960000e+02	   1.0509000e-02	
   6.8980000e+02	   1.0358000e-02	
   6.9000000e+02	   1.0209000e-02	
   6.9020000e+02	   1.0062000e-02	
   6.9040000e+02	   9.9170000e-03	
   6.9060000e+02	   9.7740000e-03	
   6.9080000e+02	   9.6330000e-03	
   6.9100000e+02	   9.4930000e-03	
   6.9120000e+02	   9.3560000e-03	
   6.9140000e+02	   9.2210000e-03	
   6.9160000e+02	   9.0880000e-03	
   6.9180000e+02	   8.9560000e-03	
   6.9200000e+02	   8.8270000e-03	
   6.9220000e+02	   8.6990000e-03	
   6.9240000e+02	   8.5730000e-03	
   6.9260000e+02	   8.4480000e-03	
   6.9280000e+02	   8.3260000e-03	
   6.9300000e+02	   8.2050000e-03	
   6.9320000e+02	   8.0860000e-03	
   6.9340000e+02	   7.9690000e-03	
   6.9360000e+02	   7.8530000e-03	
   6.9380000e+02	   7.7390000e-03	
   6.9400000e+02	   7.6260000e-03	
   6.9420000e+02	   7.5150000e-03	
   6.9440000e+02	   7.4060000e-03	
   6.9460000e+02	   7.2980000e-03	
   6.9480000e+02	   7.1920000e-03	
   6.9500000e+02	   7.0870000e-03	
   6.9520000e+02	   6.9840000e-03	
   6.9540000e+02	   6.8820000e-03	
   6.9560000e+02	   6.7820000e-03	
   6.9580000e+02	   6.6830000e-03	
   6.9600000e+02	   6.5850000e-03	
   6.9620000e+02	   6.4890000e-03	
   6.9640000e+02	   6.3940000e-03	
   6.9660000e+02	   6.3010000e-03	
   6.9680000e+02	   6.2090000e-03	
   6.9700000e+02	   6.1180000e-03	
   6.9720000e+02	   6.0290000e-03	
   6.9740000e+02	   5.9410000e-03	
   6.9760000e+02	   5.8540000e-03	
   6.9780000e+02	   5.7680000e-03	
   6.9800000e+02	   5.6840000e-03	
   6.9820000e+02	   5.6010000e-03	
   6.9840000e+02	   5.5190000e-03	
   6.9860000e+02	   5.4380000e-03	
   6.9880000e+02	   5.3580000e-03	
   6.9900000e+02	   5.2800000e-03	
   6.9920000e+02	   5.2030000e-03	
   6.9940000e+02	   5.1260000e-03	
   6.9960000e+02	   5.0510000e-03	
   6.9980000e+02	   4.9770000e-03	
   7.0000000e+02	   4.9040000e-03	
   7.0020000e+02	   4.8320000e-03	
   7.0040000e+02	   4.7610000e-03	
   7.0060000e+02	   4.6920000e-03	
   7.0080000e+02	   4.6230000e-03	
   7.0100000e+02	   4.5550000e-03	
   7.0120000e+02	   4.4880000e-03	
   7.0140000e+02	   4.4220000e-03	
   7.0160000e+02	   4.3570000e-03	
   7.0180000e+02	   4.2930000e-03	
   7.0200000e+02	   4.2300000e-03	
   7.0220000e+02	   4.1680000e-03	
   7.0240000e+02	   4.1070000e-03	
   7.0260000e+02	   4.0470000e-03	
   7.0280000e+02	   3.9870000e-03	
   7.0300000e+02	   3.9290000e-03	
   7.0320000e+02	   3.8710000e-03	
   7.0340000e+02	   3.8140000e-03	
   7.0360000e+02	   3.7580000e-03	
   7.0380000e+02	   3.7030000e-03	
   7.0400000e+02	   3.6480000e-03	
   7.0420000e+02	   3.5950000e-03	
   7.0440000e+02	   3.5420000e-03	
   7.0460000e+02	   3.4900000e-03	
   7.0480000e+02	   3.4390000e-03	
   7.0500000e+02	   3.3880000e-03	
   7.0520000e+02	   3.3380000e-03	
   7.0540000e+02	   3.2890000e-03	
   7.0560000e+02	   3.2410000e-03	
   7.0580000e+02	   3.1930000e-03	
   7.0600000e+02	   3.1460000e-03	
   7.0620000e+02	   3.1000000e-03	
   7.0640000e+02	   3.0550000e-03	
   7.0660000e+02	   3.0100000e-03	
   7.0680000e+02	   2.9650000e-03	
   7.0700000e+02	   2.9220000e-03	
   7.0720000e+02	   2.8790000e-03	
   7.0740000e+02	   2.8370000e-03	
   7.0760000e+02	   2.7950000e-03	
   7.0780000e+02	   2.7540000e-03	
   7.0800000e+02	   2.7130000e-03	
   7.0820000e+02	   2.6740000e-03	
   7.0840000e+02	   2.6340000e-03	
   7.0860000e+02	   2.5960000e-03	
   7.0880000e+02	   2.5570000e-03	
   7.0900000e+02	   2.5200000e-03	
   7.0920000e+02	   2.4830000e-03	
   7.0940000e+02	   2.4460000e-03	
   7.0960000e+02	   2.4100000e-03	
   7.0980000e+02	   2.3750000e-03	
   7.1000000e+02	   2.3400000e-03	
   7.1020000e+02	   2.3060000e-03	
   7.1040000e+02	   2.2720000e-03	
   7.1060000e+02	   2.2390000e-03	
   7.1080000e+02	   2.2060000e-03	
   7.1100000e+02	   2.1730000e-03	
   7.1120000e+02	   2.1410000e-03	
   7.1140000e+02	   2.1100000e-03	
   7.1160000e+02	   2.0790000e-03	
   7.1180000e+02	   2.0490000e-03	
   7.1200000e+02	   2.0190000e-03	
   7.1220000e+02	   1.9890000e-03	
   7.1240000e+02	   1.9600000e-03	
   7.1260000e+02	   1.9310000e-03	
   7.1280000e+02	   1.9030000e-03	
   7.1300000e+02	   1.8750000e-03	
   7.1320000e+02	   1.8470000e-03	
   7.1340000e+02	   1.8200000e-03	
   7.1360000e+02	   1.7940000e-03	
   7.1380000e+02	   1.7670000e-03	
   7.1400000e+02	   1.7410000e-03	
   7.1420000e+02	   1.7160000e-03	
   7.1440000e+02	   1.6910000e-03	
   7.1460000e+02	   1.6660000e-03	
   7.1480000e+02	   1.6420000e-03	
   7.1500000e+02	   1.6180000e-03	
   7.1520000e+02	   1.5940000e-03	
   7.1540000e+02	   1.5710000e-03	
   7.1560000e+02	   1.5480000e-03	
   7.1580000e+02	   1.5250000e-03	
   7.1600000e+02	   1.5030000e-03	
   7.1620000e+02	   1.4810000e-03	
   7.1640000e+02	   1.4590000e-03	
   7.1660000e+02	   1.4380000e-03	
   7.1680000e+02	   1.4170000e-03	
   7.1700000e+02	   1.3960000e-03	
   7.1720000e+02	   1.3760000e-03	
   7.1740000e+02	   1.3560000e-03	
   7.1760000e+02	   1.3360000e-03	
   7.1780000e+02	   1.3160000e-03	
   7.1800000e+02	   1.2970000e-03	
   7.1820000e+02	   1.2780000e-03	
   7.1840000e+02	   1.2600000e-03	
   7.1860000e+02	   1.2410000e-03	
   7.1880000e+02	   1.2230000e-03	
   7.1900000e+02	   1.2050000e-03	
   7.1920000e+02	   1.1880000e-03	
   7.1940000e+02	   1.1700000e-03	
   7.1960000e+02	   1.1530000e-03	
   7.1980000e+02	   1.1370000e-03	
   7.2000000e+02	   1.1200000e-03	
   7.2020000e+02	   1.1040000e-03	
   7.2040000e+02	   1.0880000e-03	
   7.2060000e+02	   1.0720000e-03	
   7.2080000e+02	   1.0560000e-03	
   7.2100000e+02	   1.0410000e-03	
   7.2120000e+02	   1.0260000e-03	
   7.2140000e+02	   1.0110000e-03	
   7.2160000e+02	   9.9600000e-04	
   7.2180000e+02	   9.8200000e-04	
   7.2200000e+02	   9.6700000e-04	
   7.2220000e+02	   9.5300000e-04	
   7.2240000e+02	   9.4000000e-04	
   7.2260000e+02	   9.2600000e-04	
   7.2280000e+02	   9.1300000e-04	
   7.2300000e+02	   8.9900000e-04	
   7.2320000e+02	   8.8600000e-04	
   7.2340000e+02	   8.7300000e-04	
   7.2360000e+02	   8.6100000e-04	
   7.2380000e+02	   8.4800000e-04	
   7.2400000e+02	   8.3600000e-04	
   7.2420000e+02	   8.2400000e-04	
   7.2440000e+02	   8.1200000e-04	
   7.2460000e+02	   8.0000000e-04	
   7.2480000e+02	   7.8900000e-04	
   7.2500000e+02	   7.7700000e-04	
   7.2520000e+02	   7.6600000e-04	
   7.2540000e+02	   7.5500000e-04	
   7.2560000e+02	   7.4400000e-04	
   7.2580000e+02	   7.3300000e-04	
   7.2600000e+02	   7.2300000e-04	
   7.2620000e+02	   7.1200000e-04	
   7.2640000e+02	   7.0200000e-04	
   7.2660000e+02	   6.9200000e-04	
   7.2680000e+02	   6.8200000e-04	
   7.2700000e+02	   6.7200000e-04	
   7.2720000e+02	   6.6200000e-04	
   7.2740000e+02	   6.5300000e-04	
   7.2760000e+02	   6.4400000e-04	
   7.2780000e+02	   6.3400000e-04	
   7.2800000e+02	   6.2500000e-04	
   7.2820000e+02	   6.1600000e-04	
   7.2840000e+02	   6.0700000e-04	
   7.2860000e+02	   5.9900000e-04	
   7.2880000e+02	   5.9000000e-04	
   7.2900000e+02	   5.8200000e-04	
   7.2920000e+02	   5.7300000e-04	
   7.2940000e+02	   5.6500000e-04	
   7.2960000e+02	   5.5700000e-04	
   7.2980000e+02	   5.4900000e-04	
   7.3000000e+02	   5.4100000e-04	
   7.3020000e+02	   5.3300000e-04	
   7.3040000e+02	   5.2600000e-04	
   7.3060000e+02	   5.1800000e-04	
   7.3080000e+02	   5.1100000e-04	
   7.3100000e+02	   5.0300000e-04	
   7.3120000e+02	   4.9600000e-04	
   7.3140000e+02	   4.8900000e-04	
   7.3160000e+02	   4.8200000e-04	
   7.3180000e+02	   4.7500000e-04	
   7.3200000e+02	   4.6800000e-04	
   7.3220000e+02	   4.6200000e-04	
   7.3240000e+02	   4.5500000e-04	
   7.3260000e+02	   4.4900000e-04	
   7.3280000e+02	   4.4200000e-04	
   7.3300000e+02	   4.3600000e-04	
   7.3320000e+02	   4.3000000e-04	
   7.3340000e+02	   4.2400000e-04	
   7.3360000e+02	   4.1800000e-04	
   7.3380000e+02	   4.1200000e-04	
   7.3400000e+02	   4.0600000e-04	
   7.3420000e+02	   4.0000000e-04	
   7.3440000e+02	   3.9400000e-04	
   7.3460000e+02	   3.8900000e-04	
   7.3480000e+02	   3.8300000e-04	
   7.3500000e+02	   3.7800000e-04	
   7.3520000e+02	   3.7200000e-04	
   7.3540000e+02	   3.6700000e-04	
   7.3560000e+02	   3.6200000e-04	
   7.3580000e+02	   3.5700000e-04	
   7.3600000e+02	   3.5200000e-04	
   7.3620000e+02	   3.4700000e-04	
   7.3640000e+02	   3.4200000e-04	
   7.3660000e+02	   3.3700000e-04	
   7.3680000e+02	   3.3200000e-04	
   7.3700000e+02	   3.2800000e-04	
   7.3720000e+02	   3.2300000e-04	
   7.3740000e+02	   3.1800000e-04	
   7.3760000e+02	   3.1400000e-04	
   7.3780000e+02	   3.0900000e-04	
   7.3800000e+02	   3.0500000e-04	
   7.3820000e+02	   3.0100000e-04	
   7.3840000e+02	   2.9600000e-04	
   7.3860000e+02	   2.9200000e-04	
   7.3880000e+02	   2.8800000e-04	
   7.3900000e+02	   2.8400000e-04	
   7.3920000e+02	   2.8000000e-04	
   7.3940000e+02	   2.7600000e-04	
   7.3960000e+02	   2.7200000e-04	
   7.3980000e+02	   2.6800000e-04	
   7.4000000e+02	   2.6500000e-04	
   7.4020000e+02	   2.6100000e-04	
   7.4040000e+02	   2.5700000e-04	
   7.4060000e+02	   2.5400000e-04	
   7.4080000e+02	   2.5000000e-04	
   7.4100000e+02	   2.4700000e-04	
   7.4120000e+02	   2.4300000e-04	
   7.4140000e+02	   2.4000000e-04	
   7.4160000e+02	   2.3600000e-04	
   7.4180000e+02	   2.3300000e-04	
   7.4200000e+02	   2.3000000e-04	
   7.4220000e+02	   2.2700000e-04	
   7.4240000e+02	   2.2300000e-04	
   7.4260000e+02	   2.2000000e-04	
   7.4280000e+02	   2.1700000e-04	
   7.4300000e+02	   2.1400000e-04	
   7.4320000e+02	   2.1100000e-04	
   7.4340000e+02	   2.0800000e-04	
   7.4360000e+02	   2.0500000e-04	
   7.4380000e+02	   2.0200000e-04	
   7.4400000e+02	   2.0000000e-04	
   7.4420000e+02	   1.9700000e-04	
   7.4440000e+02	   1.9400000e-04	
   7.4460000e+02	   1.9100000e-04	
   7.4480000e+02	   1.8900000e-04	
   7.4500000e+02	   1.8600000e-04	
   7.4520000e+02	   1.8400000e-04	
   7.4540000e+02	   1.8100000e-04	
   7.4560000e+02	   1.7800000e-04	
   7.4580000e+02	   1.7600000e-04	
   7.4600000e+02	   1.7400000e-04	
   7.4620000e+02	   1.7100000e-04	
   7.4640000e+02	   1.6900000e-04	
   7.4660000e+02	   1.6600000e-04	
   7.4680000e+02	   1.6400000e-04	
   7.4700000e+02	   1.6200000e-04	
   7.4720000e+02	   1.6000000e-04	
   7.4740000e+02	   1.5700000e-04	
   7.4760000e+02	   1.5500000e-04	
   7.4780000e+02	   1.5300000e-04	
   7.4800000e+02	   1.5100000e-04	
   7.4820000e+02	   1.4900000e-04	
   7.4840000e+02	   1.4700000e-04	
   7.4860000e+02	   1.4500000e-04	
   7.4880000e+02	   1.4300000e-04	
   7.4900000e+02	   1.4100000e-04	
   7.4920000e+02	   1.3900000e-04	
   7.4940000e+02	   1.3700000e-04	
   7.4960000e+02	   1.3500000e-04	
   7.4980000e+02	   1.3300000e-04	
   7.5000000e+02	   1.3100000e-04	
   7.5020000e+02	   1.3000000e-04	
   7.5040000e+02	   1.2800000e-04	
   7.5060000e+02	   1.2600000e-04	
   7.5080000e+02	   1.2400000e-04	
   7.5100000e+02	   1.2300000e-04	
   7.5120000e+02	   1.2100000e-04	
   7.5140000e+02	   1.1900000e-04	
   7.5160000e+02	   1.1800000e-04	
   7.5180000e+02	   1.1600000e-04	
   7.5200000e+02	   1.1400000e-04	
   7.5220000e+02	   1.1300000e-04	
   7.5240000e+02	   1.1100000e-04	
   7.5260000e+02	   1.1000000e-04	
   7.5280000e+02	   1.0800000e-04	
   7.5300000e+02	   1.0700000e-04	
   7.5320000e+02	   1.0500000e-04	
   7.5340000e+02	   1.0400000e-04	
   7.5360000e+02	   1.0300000e-04	
   7.5380000e+02	   1.0100000e-04	
   7.5400000e+02	   1.0000000e-04	
   7.5420000e+02	   9.8000000e-05	
   7.5440000e+02	   9.7000000e-05	
   7.5460000e+02	   9.6000000e-05	
   7.5480000e+02	   9.4000000e-05	
   7.5500000e+02	   9.3000000e-05	
   7.5520000e+02	   9.2000000e-05	
   7.5540000e+02	   9.1000000e-05	
   7.5560000e+02	   8.9000000e-05	
   7.5580000e+02	   8.8000000e-05	
   7.5600000e+02	   8.7000000e-05	
   7.5620000e+02	   8.6000000e-05	
   7.5640000e+02	   8.5000000e-05	
   7.5660000e+02	   8.4000000e-05	
   7.5680000e+02	   8.2000000e-05	
   7.5700000e+02	   8.1000000e-05	
   7.5720000e+02	   8.0000000e-05	
   7.5740000e+02	   7.9000000e-05	
   7.5760000e+02	   7.8000000e-05	
   7.5780000e+02	   7.7000000e-05	
   7.5800000e+02	   7.6000000e-05	
   7.5820000e+02	   7.5000000e-05	
   7.5840000e+02	   7.4000000e-05	
   7.5860000e+02	   7.3000000e-05	
   7.5880000e+02	   7.2000000e-05	
   7.5900000e+02	   7.1000000e-05	
   7.5920000e+02	   7.0000000e-05	
   7.5940000e+02	   6.9000000e-05	
   7.5960000e+02	   6.8000000e-05	
   7.5980000e+02	   6.7000000e-05	
   7.6000000e+02	   6.6000000e-05	
   7.6020000e+02	   6.5000000e-05	
   7.6040000e+02	   6.5000000e-05	
   7.6060000e+02	   6.4000000e-05	
   7.6080000e+02	   6.3000000e-05	
   7.6100000e+02	   6.2000000e-05	
   7.6120000e+02	   6.1000000e-05	
   7.6140000e+02	   6.0000000e-05	
   7.6160000e+02	   5.9000000e-05	
   7.6180000e+02	   5.9000000e-05	
   7.6200000e+02	   5.8000000e-05	
   7.6220000e+02	   5.7000000e-05	
   7.6240000e+02	   5.6000000e-05	
   7.6260000e+02	   5.6000000e-05	
   7.6280000e+02	   5.5000000e-05	
   7.6300000e+02	   5.4000000e-05	
   7.6320000e+02	   5.3000000e-05	
   7.6340000e+02	   5.3000000e-05	
   7.6360000e+02	   5.2000000e-05	
   7.6380000e+02	   5.1000000e-05	
   7.6400000e+02	   5.1000000e-05	
   7.6420000e+02	   5.0000000e-05	
   7.6440000e+02	   4.9000000e-05	
   7.6460000e+02	   4.9000000e-05	
   7.6480000e+02	   4.8000000e-05	
   7.6500000e+02	   4.7000000e-05	
   7.6520000e+02	   4.7000000e-05	
   7.6540000e+02	   4.6000000e-05	
   7.6560000e+02	   4.5000000e-05	
   7.6580000e+02	   4.5000000e-05	
   7.6600000e+02	   4.4000000e-05	
   7.6620000e+02	   4.4000000e-05	
   7.6640000e+02	   4.3000000e-05	
   7.6660000e+02	   4.3000000e-05	
   7.6680000e+02	   4.2000000e-05	
   7.6700000e+02	   4.1000000e-05	
   7.6720000e+02	   4.1000000e-05	
   7.6740000e+02	   4.0000000e-05	
   7.6760000e+02	   4.0000000e-05	
   7.6780000e+02	   3.9000000e-05	
   7.6800000e+02	   3.9000000e-05	
   7.6820000e+02	   3.8000000e-05	
   7.6840000e+02	   3.8000000e-05	
   7.6860000e+02	   3.7000000e-05	
   7.6880000e+02	   3.7000000e-05	
   7.6900000e+02	   3.6000000e-05	
   7.6920000e+02	   3.6000000e-05	
   7.6940000e+02	   3.5000000e-05	
   7.6960000e+02	   3.5000000e-05	
   7.6980000e+02	   3.4000000e-05	
   7.7000000e+02	   3.4000000e-05	
   7.7020000e+02	   3.4000000e-05	
   7.7040000e+02	   3.3000000e-05	
   7.7060000e+02	   3.3000000e-05	
   7.7080000e+02	   3.2000000e-05	
   7.7100000e+02	   3.2000000e-05	
   7.7120000e+02	   3.1000000e-05	
   7.7140000e+02	   3.1000000e-05	
   7.7160000e+02	   3.1000000e-05	
   7.7180000e+02	   3.0000000e-05	
   7.7200000e+02	   3.0000000e-05	
   7.7220000e+02	   2.9000000e-05	
   7.7240000e+02	   2.9000000e-05	
   7.7260000e+02	   2.9000000e-05	
   7.7280000e+02	   2.8000000e-05	
   7.7300000e+02	   2.8000000e-05	
   7.7320000e+02	   2.8000000e-05	
   7.7340000e+02	   2.7000000e-05	
   7.7360000e+02	   2.7000000e-05	
   7.7380000e+02	   2.6000000e-05	
   7.7400000e+02	   2.6000000e-05	
   7.7420000e+02	   2.6000000e-05	
   7.7440000e+02	   2.5000000e-05	
   7.7460000e+02	   2.5000000e-05	
   7.7480000e+02	   2.5000000e-05	
   7.7500000e+02	   2.4000000e-05	
   7.7520000e+02	   2.4000000e-05	
   7.7540000e+02	   2.4000000e-05	
   7.7560000e+02	   2.4000000e-05	
   7.7580000e+02	   2.3000000e-05	
   7.7600000e+02	   2.3000000e-05	
   7.7620000e+02	   2.3000000e-05	
   7.7640000e+02	   2.2000000e-05	
   7.7660000e+02	   2.2000000e-05	
   7.7680000e+02	   2.2000000e-05	
   7.7700000e+02	   2.1000000e-05	
   7.7720000e+02	   2.1000000e-05	
   7.7740000e+02	   2.1000000e-05	
   7.7760000e+02	   2.1000000e-05	
   7.7780000e+02	   2.0000000e-05	
   7.7800000e+02	   2.0000000e-05	
   7.7820000e+02	   2.0000000e-05	
   7.7840000e+02	   2.0000000e-05	
   7.7860000e+02	   1.9000000e-05	
   7.7880000e+02	   1.9000000e-05	
   7.7900000e+02	   1.9000000e-05	
   7.7920000e+02	   1.9000000e-05	
   7.7940000e+02	   1.8000000e-05	
   7.7960000e+02	   1.8000000e-05	
   7.7980000e+02	   1.8000000e-05	
   7.8000000e+02	   1.8000000e-05	
   7.8020000e+02	   1.7000000e-05	
   7.8040000e+02	   1.7000000e-05	
   7.8060000e+02	   1.7000000e-05	
   7.8080000e+02	   1.7000000e-05	
   7.8100000e+02	   1.7000000e-05	
   7.8120000e+02	   1.6000000e-05	
   7.8140000e+02	   1.6000000e-05	
   7.8160000e+02	   1.6000000e-05	
   7.8180000e+02	   1.6000000e-05	
   7.8200000e+02	   1.6000000e-05	
   7.8220000e+02	   1.5000000e-05	
   7.8240000e+02	   1.5000000e-05	
   7.8260000e+02	   1.5000000e-05	
   7.8280000e+02	   1.5000000e-05	
   7.8300000e+02	   1.5000000e-05	
   7.8320000e+02	   1.4000000e-05	
   7.8340000e+02	   1.4000000e-05	
   7.8360000e+02	   1.4000000e-05	
   7.8380000e+02	   1.4000000e-05	
   7.8400000e+02	   1.4000000e-05	
   7.8420000e+02	   1.4000000e-05	
   7.8440000e+02	   1.3000000e-05	
   7.8460000e+02	   1.3000000e-05	
   7.8480000e+02	   1.3000000e-05	
   7.8500000e+02	   1.3000000e-05	
   7.8520000e+02	   1.3000000e-05	
   7.8540000e+02	   1.3000000e-05	
   7.8560000e+02	   1.2000000e-05	
   7.8580000e+02	   1.2000000e-05	
   7.8600000e+02	   1.2000000e-05	
   7.8620000e+02	   1.2000000e-05	
   7.8640000e+02	   1.2000000e-05	
   7.8660000e+02	   1.2000000e-05	
   7.8680000e+02	   1.1000000e-05	
   7.8700000e+02	   1.1000000e-05	
   7.8720000e+02	   1.1000000e-05	
   7.8740000e+02	   1.1000000e-05	
   7.8760000e+02	   1.1000000e-05	
   7.8780000e+02	   1.1000000e-05	
   7.8800000e+02	   1.1000000e-05	
   7.8820000e+02	   1.0000000e-05	
   7.8840000e+02	   1.0000000e-05	
   7.8860000e+02	   1.0000000e-05	
   7.8880000e+02	   1.0000000e-05	
   7.8900000e+02	   1.0000000e-05	
   7.8920000e+02	   1.0000000e-05	
   7.8940000e+02	   1.0000000e-05	
   7.8960000e+02	   1.0000000e-05	
   7.8980000e+02	   9.0000000e-06	
   7.9000000e+02	   9.0000000e-06	
   7.9020000e+02	   9.0000000e-06	
   7.9040000e+02	   9.0000000e-06	
   7.9060000e+02	   9.0000000e-06	
   7.9080000e+02	   9.0000000e-06	
   7.9100000e+02	   9.0000000e-06	
   7.9120000e+02	   9.0000000e-06	
   7.9140000e+02	   9.0000000e-06	
   7.9160000e+02	   8.0000000e-06	
   7.9180000e+02	   8.0000000e-06	
   7.9200000e+02	   8.0000000e-06	
   7.9220000e+02	   8.0000000e-06	
   7.9240000e+02	   8.0000000e-06	
   7.9260000e+02	   8.0000000e-06	
   7.9280000e+02	   8.0000000e-06	
   7.9300000e+02	   8.0000000e-06	
   7.9320000e+02	   8.0000000e-06	
   7.9340000e+02	   8.0000000e-06	
   7.9360000e+02	   7.0000000e-06	
   7.9380000e+02	   7.0000000e-06	
   7.9400000e+02	   7.0000000e-06	
   7.9420000e+02	   7.0000000e-06	
   7.9440000e+02	   7.0000000e-06	
   7.9460000e+02	   7.0000000e-06	
   7.9480000e+02	   7.0000000e-06	
   7.9500000e+02	   7.0000000e-06	
   7.9520000e+02	   7.0000000e-06	
   7.9540000e+02	   7.0000000e-06	
   7.9560000e+02	   7.0000000e-06	
   7.9580000e+02	   7.0000000e-06	
   7.9600000e+02	   6.0000000e-06	
   7.9620000e+02	   6.0000000e-06	
   7.9640000e+02	   6.0000000e-06	
   7.9660000e+02	   6.0000000e-06	
   7.9680000e+02	   6.0000000e-06	
   7.9700000e+02	   6.0000000e-06	
   7.9720000e+02	   6.0000000e-06	
   7.9740000e+02	   6.0000000e-06	
   7.9760000e+02	   6.0000000e-06	
   7.9780000e+02	   6.0000000e-06	
   7.9800000e+02	   6.0000000e-06	
   7.9820000e+02	   6.0000000e-06	
   7.9840000e+02	   6.0000000e-06	
   7.9860000e+02	   5.0000000e-06	
   7.9880000e+02	   5.0000000e-06	
   7.9900000e+02	   5.0000000e-06	
   7.9920000e+02	   5.0000000e-06	
   7.9940000e+02	   5.0000000e-06	
   7.9960000e+02	   5.0000000e-06	
   7.9980000e+02	   5.0000000e-06	
   8.0000000e+02	   5.0000000e-06	
   8.0020000e+02	   5.0000000e-06	
   8.0040000e+02	   5.0000000e-06	
   8.0060000e+02	   5.0000000e-06	
   8.0080000e+02	   5.0000000e-06	
   8.0100000e+02	   5.0000000e-06	
   8.0120000e+02	   5.0000000e-06	
   8.0140000e+02	   5.0000000e-06	
   8.0160000e+02	   5.0000000e-06	
   8.0180000e+02	   5.0000000e-06	
   8.0200000e+02	   4.0000000e-06	
   8.0220000e+02	   4.0000000e-06	
   8.0240000e+02	   4.0000000e-06	
   8.0260000e+02	   4.0000000e-06	
   8.0280000e+02	   4.0000000e-06	
   8.0300000e+02	   4.0000000e-06	
   8.0320000e+02	   4.0000000e-06	
   8.0340000e+02	   4.0000000e-06	
   8.0360000e+02	   4.0000000e-06	
   8.0380000e+02	   4.0000000e-06	
   8.0400000e+02	   4.0000000e-06	
   8.0420000e+02	   4.0000000e-06	
   8.0440000e+02	   4.0000000e-06	
   8.0460000e+02	   4.0000000e-06	
   8.0480000e+02	   4.0000000e-06	
   8.0500000e+02	   4.0000000e-06	
   8.0520000e+02	   4.0000000e-06	
   8.0540000e+02	   4.0000000e-06	
   8.0560000e+02	   4.0000000e-06	
   8.0580000e+02	   4.0000000e-06	
   8.0600000e+02	   3.0000000e-06	
   8.0620000e+02	   3.0000000e-06	
   8.0640000e+02	   3.0000000e-06	
   8.0660000e+02	   3.0000000e-06	
   8.0680000e+02	   3.0000000e-06	
   8.0700000e+02	   3.0000000e-06	
   8.0720000e+02	   3.0000000e-06	
   8.0740000e+02	   3.0000000e-06	
   8.0760000e+02	   3.0000000e-06	
   8.0780000e+02	   3.0000000e-06	
   8.0800000e+02	   3.0000000e-06	
   8.0820000e+02	   3.0000000e-06	
   8.0840000e+02	   3.0000000e-06	
   8.0860000e+02	   3.0000000e-06	
   8.0880000e+02	   3.0000000e-06	
   8.0900000e+02	   3.0000000e-06	
   8.0920000e+02	   3.0000000e-06	
   8.0940000e+02	   3.0000000e-06	
   8.0960000e+02	   3.0000000e-06	
   8.0980000e+02	   3.0000000e-06	
   8.1000000e+02	   3.0000000e-06	
   8.1020000e+02	   3.0000000e-06	
   8.1040000e+02	   3.0000000e-06	
   8.1060000e+02	   3.0000000e-06	
   8.1080000e+02	   3.0000000e-06	
   8.1100000e+02	   3.0000000e-06	
   8.1120000e+02	   3.0000000e-06	
   8.1140000e+02	   3.0000000e-06	
   8.1160000e+02	   2.0000000e-06	
   8.1180000e+02	   2.0000000e-06	
   8.1200000e+02	   2.0000000e-06	
   8.1220000e+02	   2.0000000e-06	
   8.1240000e+02	   2.0000000e-06	
   8.1260000e+02	   2.0000000e-06	
   8.1280000e+02	   2.0000000e-06	
   8.1300000e+02	   2.0000000e-06	
   8.1320000e+02	   2.0000000e-06	
   8.1340000e+02	   2.0000000e-06	
   8.1360000e+02	   2.0000000e-06	
   8.1380000e+02	   2.0000000e-06	
   8.1400000e+02	   2.0000000e-06	
   8.1420000e+02	   2.0000000e-06	
   8.1440000e+02	   2.0000000e-06	
   8.1460000e+02	   2.0000000e-06	
   8.1480000e+02	   2.0000000e-06	
   8.1500000e+02	   2.0000000e-06	
   8.1520000e+02	   2.0000000e-06	
   8.1540000e+02	   2.0000000e-06	
   8.1560000e+02	   2.0000000e-06	
   8.1580000e+02	   2.0000000e-06	
   8.1600000e+02	   2.0000000e-06	
   8.1620000e+02	   2.0000000e-06	
   8.1640000e+02	   2.0000000e-06	
   8.1660000e+02	   2.0000000e-06	
   8.1680000e+02	   2.0000000e-06	
   8.1700000e+02	   2.0000000e-06	
   8.1720000e+02	   2.0000000e-06	
   8.1740000e+02	   2.0000000e-06	
   8.1760000e+02	   2.0000000e-06	
   8.1780000e+02	   2.0000000e-06	
   8.1800000e+02	   2.0000000e-06	
   8.1820000e+02	   2.0000000e-06	
   8.1840000e+02	   2.0000000e-06	
   8.1860000e+02	   2.0000000e-06	
   8.1880000e+02	   2.0000000e-06	
   8.1900000e+02	   2.0000000e-06	
   8.1920000e+02	   2.0000000e-06	
   8.1940000e+02	   2.0000000e-06	
   8.1960000e+02	   2.0000000e-06	
   8.1980000e+02	   2.0000000e-06	
   8.2000000e+02	   2.0000000e-06	
   8.2020000e+02	   2.0000000e-06	
   8.2040000e+02	   1.0000000e-06	
   8.2060000e+02	   1.0000000e-06	
   8.2080000e+02	   1.0000000e-06	
   8.2100000e+02	   1.0000000e-06	
   8.2120000e+02	   1.0000000e-06	
   8.2140000e+02	   1.0000000e-06	
   8.2160000e+02	   1.0000000e-06	
   8.2180000e+02	   1.0000000e-06	
   8.2200000e+02	   1.0000000e-06	
   8.2220000e+02	   1.0000000e-06	
   8.2240000e+02	   1.0000000e-06	
   8.2260000e+02	   1.0000000e-06	
   8.2280000e+02	   1.0000000e-06	
   8.2300000e+02	   1.0000000e-06	
   8.2320000e+02	   1.0000000e-06	
   8.2340000e+02	   1.0000000e-06	
   8.2360000e+02	   1.0000000e-06	
   8.2380000e+02	   1.0000000e-06	
   8.2400000e+02	   1.0000000e-06	
   8.2420000e+02	   1.0000000e-06	
   8.2440000e+02	   1.0000000e-06	
   8.2460000e+02	   1.0000000e-06	
   8.2480000e+02	   1.0000000e-06	
   8.2500000e+02	   1.0000000e-06	
   8.2520000e+02	   1.0000000e-06	
   8.2540000e+02	   1.0000000e-06	
   8.2560000e+02	   1.0000000e-06	
   8.2580000e+02	   1.0000000e-06	
   8.2600000e+02	   1.0000000e-06	
   8.2620000e+02	   1.0000000e-06	
   8.2640000e+02	   1.0000000e-06	
   8.2660000e+02	   1.0000000e-06	
   8.2680000e+02	   1.0000000e-06	
   8.2700000e+02	   1.0000000e-06	
   8.2720000e+02	   1.0000000e-06	
   8.2740000e+02	   1.0000000e-06	
   8.2760000e+02	   1.0000000e-06	
   8.2780000e+02	   1.0000000e-06	
   8.2800000e+02	   1.0000000e-06	
   8.2820000e+02	   1.0000000e-06	
   8.2840000e+02	   1.0000000e-06	
   8.2860000e+02	   1.0000000e-06	
   8.2880000e+02	   1.0000000e-06	
   8.2900000e+02	   1.0000000e-06	
   8.2920000e+02	   1.0000000e-06	
   8.2940000e+02	   1.0000000e-06	
   8.2960000e+02	   1.0000000e-06	
   8.2980000e+02	   1.0000000e-06	
   8.3000000e+02	   1.0000000e-06	
   8.3020000e+02	   1.0000000e-06	
   8.3040000e+02	   1.0000000e-06	
   8.3060000e+02	   1.0000000e-06	
   8.3080000e+02	   1.0000000e-06	
   8.3100000e+02	   1.0000000e-06	
   8.3120000e+02	   1.0000000e-06	
   8.3140000e+02	   1.0000000e-06	
   8.3160000e+02	   1.0000000e-06	
   8.3180000e+02	   1.0000000e-06	
   8.3200000e+02	   1.0000000e-06	
   8.3220000e+02	   1.0000000e-06	
   8.3240000e+02	   1.0000000e-06	
   8.3260000e+02	   1.0000000e-06	
   8.3280000e+02	   1.0000000e-06	
   8.3300000e+02	   1.0000000e-06	
   8.3320000e+02	   1.0000000e-06	
   8.3340000e+02	   1.0000000e-06	
   8.3360000e+02	   1.0000000e-06	
   8.3380000e+02	   1.0000000e-06	
   8.3400000e+02	   1.0000000e-06	
   8.3420000e+02	   1.0000000e-06	
   8.3440000e+02	   1.0000000e-06	
   8.3460000e+02	   1.0000000e-06	
   8.3480000e+02	   1.0000000e-06	
   8.3500000e+02	   1.0000000e-06	
   8.3520000e+02	   1.0000000e-06	
   8.3540000e+02	   1.0000000e-06	
   8.3560000e+02	   1.0000000e-06	
   8.3580000e+02	   1.0000000e-06	
   8.3600000e+02	   1.0000000e-06	
   8.3620000e+02	   1.0000000e-06	
   8.3640000e+02	   1.0000000e-06	
   8.3660000e+02	   1.0000000e-06	
   8.3680000e+02	   1.0000000e-06	
   8.3700000e+02	   1.0000000e-06	
   8.3720000e+02	   1.0000000e-06	
   8.3740000e+02	   1.0000000e-06	
   8.3760000e+02	   1.0000000e-06	
   8.3780000e+02	   1.0000000e-06	
   8.3800000e+02	   1.0000000e-06	
   8.3820000e+02	   1.0000000e-06	
   8.3840000e+02	   1.0000000e-06	
   8.3860000e+02	   1.0000000e-06	
   8.3880000e+02	   1.0000000e-06	
   8.3900000e+02	   1.0000000e-06	
   8.3920000e+02	   1.0000000e-06	
   8.3940000e+02	   1.0000000e-06	
   8.3960000e+02	   0.0000000e+00	
   8.3980000e+02	   0.0000000e+00	
   8.4000000e+02	   0.0000000e+00	
   8.4020000e+02	   0.0000000e+00	
   8.4040000e+02	   0.0000000e+00	
   8.4060000e+02	   0.0000000e+00	
   8.4080000e+02	   0.0000000e+00	
   8.4100000e+02	   0.0000000e+00	
   8.4120000e+02	   0.0000000e+00	
   8.4140000e+02	   0.0000000e+00	
   8.4160000e+02	   0.0000000e+00	
   8.4180000e+02	   0.0000000e+00	
   8.4200000e+02	   0.0000000e+00	
   8.4220000e+02	   0.0000000e+00	
   8.4240000e+02	   0.0000000e+00	
   8.4260000e+02	   0.0000000e+00	
   8.4280000e+02	   0.0000000e+00	
   8.4300000e+02	   0.0000000e+00	
   8.4320000e+02	   0.0000000e+00	
   8.4340000e+02	   0.0000000e+00	
   8.4360000e+02	   0.0000000e+00	
   8.4380000e+02	   0.0000000e+00	
   8.4400000e+02	   0.0000000e+00	
   8.4420000e+02	   0.0000000e+00	
   8.4440000e+02	   0.0000000e+00	
   8.4460000e+02	   0.0000000e+00	
   8.4480000e+02	   0.0000000e+00	
   8.4500000e+02	   0.0000000e+00	
   8.4520000e+02	   0.0000000e+00	
   8.4540000e+02	   0.0000000e+00	
   8.4560000e+02	   0.0000000e+00	
   8.4580000e+02	   0.0000000e+00	
   8.4600000e+02	   0.0000000e+00	
   8.4620000e+02	   0.0000000e+00	
   8.4640000e+02	   0.0000000e+00	
   8.4660000e+02	   0.0000000e+00	
   8.4680000e+02	   0.0000000e+00	
   8.4700000e+02	   0.0000000e+00	
   8.4720000e+02	   0.0000000e+00	
   8.4740000e+02	   0.0000000e+00	
   8.4760000e+02	   0.0000000e+00	
   8.4780000e+02	   0.0000000e+00	
   8.4800000e+02	   0.0000000e+00	
   8.4820000e+02	   0.0000000e+00	
   8.4840000e+02	   0.0000000e+00	
   8.4860000e+02	   0.0000000e+00	
   8.4880000e+02	   0.0000000e+00	
   8.4900000e+02	   0.0000000e+00	
   8.4920000e+02	   0.0000000e+00	
   8.4940000e+02	   0.0000000e+00	
   8.4960000e+02	   0.0000000e+00	
   8.4980000e+02	   0.0000000e+00	
   8.5000000e+02	   0.0000000e+00	
   8.5020000e+02	   0.0000000e+00	
   8.5040000e+02	   0.0000000e+00	
   8.5060000e+02	   0.0000000e+00	
   8.5080000e+02	   0.0000000e+00	
   8.5100000e+02	   0.0000000e+00	
   8.5120000e+02	   0.0000000e+00	
   8.5140000e+02	   0.0000000e+00	
   8.5160000e+02	   0.0000000e+00	
   8.5180000e+02	   0.0000000e+00	
   8.5200000e+02	   0.0000000e+00	
   8.5220000e+02	   0.0000000e+00	
   8.5240000e+02	   0.0000000e+00	
   8.5260000e+02	   0.0000000e+00	
   8.5280000e+02	   0.0000000e+00	
   8.5300000e+02	   0.0000000e+00	
   8.5320000e+02	   0.0000000e+00	
   8.5340000e+02	   0.0000000e+00	
   8.5360000e+02	   0.0000000e+00	
   8.5380000e+02	   0.0000000e+00	
   8.5400000e+02	   0.0000000e+00	
   8.5420000e+02	   0.0000000e+00	
   8.5440000e+02	   0.0000000e+00	
   8.5460000e+02	   0.0000000e+00	
   8.5480000e+02	   0.0000000e+00	
   8.5500000e+02	   0.0000000e+00	
   8.5520000e+02	   0.0000000e+00	
   8.5540000e+02	   0.0000000e+00	
   8.5560000e+02	   0.0000000e+00	
   8.5580000e+02	   0.0000000e+00	
   8.5600000e+02	   0.0000000e+00	
   8.5620000e+02	   0.0000000e+00	
   8.5640000e+02	   0.0000000e+00	
   8.5660000e+02	   0.0000000e+00	
   8.5680000e+02	   0.0000000e+00	
   8.5700000e+02	   0.0000000e+00	
   8.5720000e+02	   0.0000000e+00	
   8.5740000e+02	   0.0000000e+00	
   8.5760000e+02	   0.0000000e+00	
   8.5780000e+02	   0.0000000e+00	
   8.5800000e+02	   0.0000000e+00	
   8.5820000e+02	   0.0000000e+00	
   8.5840000e+02	   0.0000000e+00	
   8.5860000e+02	   0.0000000e+00	
   8.5880000e+02	   0.0000000e+00	
   8.5900000e+02	   0.0000000e+00	
   8.5920000e+02	   0.0000000e+00	
   8.5940000e+02	   0.0000000e+00	
   8.5960000e+02	   0.0000000e+00	
   8.5980000e+02	   0.0000000e+00	
   8.6000000e+02	   0.0000000e+00	
   8.6020000e+02	   0.0000000e+00	
   8.6040000e+02	   0.0000000e+00	
   8.6060000e+02	   0.0000000e+00	
   8.6080000e+02	   0.0000000e+00	
   8.6100000e+02	   0.0000000e+00	
   8.6120000e+02	   0.0000000e+00	
   8.6140000e+02	   0.0000000e+00	
   8.6160000e+02	   0.0000000e+00	
   8.6180000e+02	   0.0000000e+00	
   8.6200000e+02	   0.0000000e+00	
   8.6220000e+02	   0.0000000e+00	
   8.6240000e+02	   0.0000000e+00	
   8.6260000e+02	   0.0000000e+00	
   8.6280000e+02	   0.0000000e+00	
   8.6300000e+02	   0.0000000e+00	
   8.6320000e+02	   0.0000000e+00	
   8.6340000e+02	   0.0000000e+00	
   8.6360000e+02	   0.0000000e+00	
   8.6380000e+02	   0.0000000e+00	
   8.6400000e+02	   0.0000000e+00	
   8.6420000e+02	   0.0000000e+00	
   8.6440000e+02	   0.0000000e+00	
   8.6460000e+02	   0.0000000e+00	
   8.6480000e+02	   0.0000000e+00	
   8.6500000e+02	   0.0000000e+00	
   8.6520000e+02	   0.0000000e+00	
   8.6540000e+02	   0.0000000e+00	
   8.6560000e+02	   0.0000000e+00	
   8.6580000e+02	   0.0000000e+00	
   8.6600000e+02	   0.0000000e+00	
   8.6620000e+02	   0.0000000e+00	
   8.6640000e+02	   0.0000000e+00	
   8.6660000e+02	   0.0000000e+00	
   8.6680000e+02	   0.0000000e+00	
   8.6700000e+02	   0.0000000e+00	
   8.6720000e+02	   0.0000000e+00	
   8.6740000e+02	   0.0000000e+00	
   8.6760000e+02	   0.0000000e+00	
   8.6780000e+02	   0.0000000e+00	
   8.6800000e+02	   0.0000000e+00	
   8.6820000e+02	   0.0000000e+00	
   8.6840000e+02	   0.0000000e+00	
   8.6860000e+02	   0.0000000e+00	
   8.6880000e+02	   0.0000000e+00	
   8.6900000e+02	   0.0000000e+00	
   8.6920000e+02	   0.0000000e+00	
   8.6940000e+02	   0.0000000e+00	
   8.6960000e+02	   0.0000000e+00	
   8.6980000e+02	   0.0000000e+00	
   8.7000000e+02	   0.0000000e+00	
