   3.0000000e+02	   1.5248400e-01	
   3.0020000e+02	   1.5335900e-01	
   3.0040000e+02	   1.5423400e-01	
   3.0060000e+02	   1.5511000e-01	
   3.0080000e+02	   1.5598600e-01	
   3.0100000e+02	   1.5686200e-01	
   3.0120000e+02	   1.5773900e-01	
   3.0140000e+02	   1.5861600e-01	
   3.0160000e+02	   1.5949400e-01	
   3.0180000e+02	   1.6037100e-01	
   3.0200000e+02	   1.6124900e-01	
   3.0220000e+02	   1.6212700e-01	
   3.0240000e+02	   1.6300400e-01	
   3.0260000e+02	   1.6388200e-01	
   3.0280000e+02	   1.6476000e-01	
   3.0300000e+02	   1.6563700e-01	
   3.0320000e+02	   1.6651500e-01	
   3.0340000e+02	   1.6739200e-01	
   3.0360000e+02	   1.6826900e-01	
   3.0380000e+02	   1.6914500e-01	
   3.0400000e+02	   1.7002100e-01	
   3.0420000e+02	   1.7089700e-01	
   3.0440000e+02	   1.7177200e-01	
   3.0460000e+02	   1.7264600e-01	
   3.0480000e+02	   1.7352100e-01	
   3.0500000e+02	   1.7439400e-01	
   3.0520000e+02	   1.7526700e-01	
   3.0540000e+02	   1.7613900e-01	
   3.0560000e+02	   1.7701000e-01	
   3.0580000e+02	   1.7788000e-01	
   3.0600000e+02	   1.7874900e-01	
   3.0620000e+02	   1.7961800e-01	
   3.0640000e+02	   1.8048500e-01	
   3.0660000e+02	   1.8135100e-01	
   3.0680000e+02	   1.8221700e-01	
   3.0700000e+02	   1.8308100e-01	
   3.0720000e+02	   1.8394300e-01	
   3.0740000e+02	   1.8480500e-01	
   3.0760000e+02	   1.8566500e-01	
   3.0780000e+02	   1.8652400e-01	
   3.0800000e+02	   1.8738100e-01	
   3.0820000e+02	   1.8823700e-01	
   3.0840000e+02	   1.8909200e-01	
   3.0860000e+02	   1.8994400e-01	
   3.0880000e+02	   1.9079500e-01	
   3.0900000e+02	   1.9164500e-01	
   3.0920000e+02	   1.9249200e-01	
   3.0940000e+02	   1.9333800e-01	
   3.0960000e+02	   1.9418200e-01	
   3.0980000e+02	   1.9502400e-01	
   3.1000000e+02	   1.9586400e-01	
   3.1020000e+02	   1.9670200e-01	
   3.1040000e+02	   1.9753700e-01	
   3.1060000e+02	   1.9837100e-01	
   3.1080000e+02	   1.9920300e-01	
   3.1100000e+02	   2.0003200e-01	
   3.1120000e+02	   2.0085900e-01	
   3.1140000e+02	   2.0168300e-01	
   3.1160000e+02	   2.0250500e-01	
   3.1180000e+02	   2.0332500e-01	
   3.1200000e+02	   2.0414200e-01	
   3.1220000e+02	   2.0495700e-01	
   3.1240000e+02	   2.0576900e-01	
   3.1260000e+02	   2.0657800e-01	
   3.1280000e+02	   2.0738400e-01	
   3.1300000e+02	   2.0818800e-01	
   3.1320000e+02	   2.0898900e-01	
   3.1340000e+02	   2.0978700e-01	
   3.1360000e+02	   2.1058200e-01	
   3.1380000e+02	   2.1137400e-01	
   3.1400000e+02	   2.1216300e-01	
   3.1420000e+02	   2.1294900e-01	
   3.1440000e+02	   2.1373100e-01	
   3.1460000e+02	   2.1451100e-01	
   3.1480000e+02	   2.1528700e-01	
   3.1500000e+02	   2.1606000e-01	
   3.1520000e+02	   2.1682900e-01	
   3.1540000e+02	   2.1759500e-01	
   3.1560000e+02	   2.1835800e-01	
   3.1580000e+02	   2.1911700e-01	
   3.1600000e+02	   2.1987200e-01	
   3.1620000e+02	   2.2062400e-01	
   3.1640000e+02	   2.2137200e-01	
   3.1660000e+02	   2.2211700e-01	
   3.1680000e+02	   2.2285800e-01	
   3.1700000e+02	   2.2359400e-01	
   3.1720000e+02	   2.2432700e-01	
   3.1740000e+02	   2.2505700e-01	
   3.1760000e+02	   2.2578200e-01	
   3.1780000e+02	   2.2650300e-01	
   3.1800000e+02	   2.2722000e-01	
   3.1820000e+02	   2.2793300e-01	
   3.1840000e+02	   2.2864100e-01	
   3.1860000e+02	   2.2934600e-01	
   3.1880000e+02	   2.3004600e-01	
   3.1900000e+02	   2.3074200e-01	
   3.1920000e+02	   2.3143400e-01	
   3.1940000e+02	   2.3212100e-01	
   3.1960000e+02	   2.3280400e-01	
   3.1980000e+02	   2.3348200e-01	
   3.2000000e+02	   2.3415600e-01	
   3.2020000e+02	   2.3482500e-01	
   3.2040000e+02	   2.3549000e-01	
   3.2060000e+02	   2.3615000e-01	
   3.2080000e+02	   2.3680500e-01	
   3.2100000e+02	   2.3745500e-01	
   3.2120000e+02	   2.3810100e-01	
   3.2140000e+02	   2.3874200e-01	
   3.2160000e+02	   2.3937800e-01	
   3.2180000e+02	   2.4000900e-01	
   3.2200000e+02	   2.4063500e-01	
   3.2220000e+02	   2.4125600e-01	
   3.2240000e+02	   2.4187200e-01	
   3.2260000e+02	   2.4248300e-01	
   3.2280000e+02	   2.4308900e-01	
   3.2300000e+02	   2.4369000e-01	
   3.2320000e+02	   2.4428600e-01	
   3.2340000e+02	   2.4487600e-01	
   3.2360000e+02	   2.4546100e-01	
   3.2380000e+02	   2.4604100e-01	
   3.2400000e+02	   2.4661600e-01	
   3.2420000e+02	   2.4718500e-01	
   3.2440000e+02	   2.4774800e-01	
   3.2460000e+02	   2.4830700e-01	
   3.2480000e+02	   2.4886000e-01	
   3.2500000e+02	   2.4940700e-01	
   3.2520000e+02	   2.4994900e-01	
   3.2540000e+02	   2.5048500e-01	
   3.2560000e+02	   2.5101600e-01	
   3.2580000e+02	   2.5154100e-01	
   3.2600000e+02	   2.5206000e-01	
   3.2620000e+02	   2.5257400e-01	
   3.2640000e+02	   2.5308200e-01	
   3.2660000e+02	   2.5358400e-01	
   3.2680000e+02	   2.5408100e-01	
   3.2700000e+02	   2.5457200e-01	
   3.2720000e+02	   2.5505600e-01	
   3.2740000e+02	   2.5553600e-01	
   3.2760000e+02	   2.5600900e-01	
   3.2780000e+02	   2.5647600e-01	
   3.2800000e+02	   2.5693700e-01	
   3.2820000e+02	   2.5739300e-01	
   3.2840000e+02	   2.5784200e-01	
   3.2860000e+02	   2.5828600e-01	
   3.2880000e+02	   2.5872400e-01	
   3.2900000e+02	   2.5915500e-01	
   3.2920000e+02	   2.5958100e-01	
   3.2940000e+02	   2.6000000e-01	
   3.2960000e+02	   2.6041300e-01	
   3.2980000e+02	   2.6082100e-01	
   3.3000000e+02	   2.6122200e-01	
   3.3020000e+02	   2.6161700e-01	
   3.3040000e+02	   2.6200600e-01	
   3.3060000e+02	   2.6238800e-01	
   3.3080000e+02	   2.6276500e-01	
   3.3100000e+02	   2.6313500e-01	
   3.3120000e+02	   2.6349900e-01	
   3.3140000e+02	   2.6385700e-01	
   3.3160000e+02	   2.6420900e-01	
   3.3180000e+02	   2.6455500e-01	
   3.3200000e+02	   2.6489400e-01	
   3.3220000e+02	   2.6522700e-01	
   3.3240000e+02	   2.6555400e-01	
   3.3260000e+02	   2.6587400e-01	
   3.3280000e+02	   2.6618900e-01	
   3.3300000e+02	   2.6649700e-01	
   3.3320000e+02	   2.6679800e-01	
   3.3340000e+02	   2.6709400e-01	
   3.3360000e+02	   2.6738300e-01	
   3.3380000e+02	   2.6766600e-01	
   3.3400000e+02	   2.6794200e-01	
   3.3420000e+02	   2.6821300e-01	
   3.3440000e+02	   2.6847700e-01	
   3.3460000e+02	   2.6873400e-01	
   3.3480000e+02	   2.6898600e-01	
   3.3500000e+02	   2.6923100e-01	
   3.3520000e+02	   2.6947000e-01	
   3.3540000e+02	   2.6970200e-01	
   3.3560000e+02	   2.6992900e-01	
   3.3580000e+02	   2.7014900e-01	
   3.3600000e+02	   2.7036200e-01	
   3.3620000e+02	   2.7057000e-01	
   3.3640000e+02	   2.7077100e-01	
   3.3660000e+02	   2.7096600e-01	
   3.3680000e+02	   2.7115500e-01	
   3.3700000e+02	   2.7133800e-01	
   3.3720000e+02	   2.7151400e-01	
   3.3740000e+02	   2.7168400e-01	
   3.3760000e+02	   2.7184800e-01	
   3.3780000e+02	   2.7200600e-01	
   3.3800000e+02	   2.7215700e-01	
   3.3820000e+02	   2.7230300e-01	
   3.3840000e+02	   2.7244200e-01	
   3.3860000e+02	   2.7257600e-01	
   3.3880000e+02	   2.7270300e-01	
   3.3900000e+02	   2.7282400e-01	
   3.3920000e+02	   2.7293900e-01	
   3.3940000e+02	   2.7304800e-01	
   3.3960000e+02	   2.7315100e-01	
   3.3980000e+02	   2.7324800e-01	
   3.4000000e+02	   2.7333900e-01	
   3.4020000e+02	   2.7342400e-01	
   3.4040000e+02	   2.7350300e-01	
   3.4060000e+02	   2.7357700e-01	
   3.4080000e+02	   2.7364400e-01	
   3.4100000e+02	   2.7370600e-01	
   3.4120000e+02	   2.7376100e-01	
   3.4140000e+02	   2.7381100e-01	
   3.4160000e+02	   2.7385500e-01	
   3.4180000e+02	   2.7389400e-01	
   3.4200000e+02	   2.7392700e-01	
   3.4220000e+02	   2.7395400e-01	
   3.4240000e+02	   2.7397500e-01	
   3.4260000e+02	   2.7399100e-01	
   3.4280000e+02	   2.7400100e-01	
   3.4300000e+02	   2.7400600e-01	
   3.4320000e+02	   2.7400500e-01	
   3.4340000e+02	   2.7399900e-01	
   3.4360000e+02	   2.7398700e-01	
   3.4380000e+02	   2.7397000e-01	
   3.4400000e+02	   2.7394800e-01	
   3.4420000e+02	   2.7392000e-01	
   3.4440000e+02	   2.7388700e-01	
   3.4460000e+02	   2.7384900e-01	
   3.4480000e+02	   2.7380600e-01	
   3.4500000e+02	   2.7375700e-01	
   3.4520000e+02	   2.7370300e-01	
   3.4540000e+02	   2.7364500e-01	
   3.4560000e+02	   2.7358100e-01	
   3.4580000e+02	   2.7351200e-01	
   3.4600000e+02	   2.7343900e-01	
   3.4620000e+02	   2.7336000e-01	
   3.4640000e+02	   2.7327700e-01	
   3.4660000e+02	   2.7318900e-01	
   3.4680000e+02	   2.7309600e-01	
   3.4700000e+02	   2.7299800e-01	
   3.4720000e+02	   2.7289600e-01	
   3.4740000e+02	   2.7278900e-01	
   3.4760000e+02	   2.7267800e-01	
   3.4780000e+02	   2.7256200e-01	
   3.4800000e+02	   2.7244200e-01	
   3.4820000e+02	   2.7231700e-01	
   3.4840000e+02	   2.7218800e-01	
   3.4860000e+02	   2.7205500e-01	
   3.4880000e+02	   2.7191800e-01	
   3.4900000e+02	   2.7177700e-01	
   3.4920000e+02	   2.7163100e-01	
   3.4940000e+02	   2.7148100e-01	
   3.4960000e+02	   2.7132800e-01	
   3.4980000e+02	   2.7117000e-01	
   3.5000000e+02	   2.7100900e-01	
   3.5020000e+02	   2.7084400e-01	
   3.5040000e+02	   2.7067500e-01	
   3.5060000e+02	   2.7050300e-01	
   3.5080000e+02	   2.7032700e-01	
   3.5100000e+02	   2.7014700e-01	
   3.5120000e+02	   2.6996400e-01	
   3.5140000e+02	   2.6977700e-01	
   3.5160000e+02	   2.6958700e-01	
   3.5180000e+02	   2.6939400e-01	
   3.5200000e+02	   2.6919800e-01	
   3.5220000e+02	   2.6899800e-01	
   3.5240000e+02	   2.6879600e-01	
   3.5260000e+02	   2.6859000e-01	
   3.5280000e+02	   2.6838200e-01	
   3.5300000e+02	   2.6817000e-01	
   3.5320000e+02	   2.6795600e-01	
   3.5340000e+02	   2.6773900e-01	
   3.5360000e+02	   2.6752000e-01	
   3.5380000e+02	   2.6729800e-01	
   3.5400000e+02	   2.6707300e-01	
   3.5420000e+02	   2.6684600e-01	
   3.5440000e+02	   2.6661700e-01	
   3.5460000e+02	   2.6638500e-01	
   3.5480000e+02	   2.6615100e-01	
   3.5500000e+02	   2.6591500e-01	
   3.5520000e+02	   2.6567700e-01	
   3.5540000e+02	   2.6543700e-01	
   3.5560000e+02	   2.6519500e-01	
   3.5580000e+02	   2.6495100e-01	
   3.5600000e+02	   2.6470500e-01	
   3.5620000e+02	   2.6445800e-01	
   3.5640000e+02	   2.6420900e-01	
   3.5660000e+02	   2.6395900e-01	
   3.5680000e+02	   2.6370700e-01	
   3.5700000e+02	   2.6345300e-01	
   3.5720000e+02	   2.6319900e-01	
   3.5740000e+02	   2.6294300e-01	
   3.5760000e+02	   2.6268700e-01	
   3.5780000e+02	   2.6242900e-01	
   3.5800000e+02	   2.6217000e-01	
   3.5820000e+02	   2.6191000e-01	
   3.5840000e+02	   2.6165000e-01	
   3.5860000e+02	   2.6138900e-01	
   3.5880000e+02	   2.6112700e-01	
   3.5900000e+02	   2.6086500e-01	
   3.5920000e+02	   2.6060200e-01	
   3.5940000e+02	   2.6033900e-01	
   3.5960000e+02	   2.6007500e-01	
   3.5980000e+02	   2.5981200e-01	
   3.6000000e+02	   2.5954800e-01	
   3.6020000e+02	   2.5928400e-01	
   3.6040000e+02	   2.5902000e-01	
   3.6060000e+02	   2.5875700e-01	
   3.6080000e+02	   2.5849300e-01	
   3.6100000e+02	   2.5823000e-01	
   3.6120000e+02	   2.5796800e-01	
   3.6140000e+02	   2.5770600e-01	
   3.6160000e+02	   2.5744400e-01	
   3.6180000e+02	   2.5718300e-01	
   3.6200000e+02	   2.5692300e-01	
   3.6220000e+02	   2.5666400e-01	
   3.6240000e+02	   2.5640600e-01	
   3.6260000e+02	   2.5614800e-01	
   3.6280000e+02	   2.5589200e-01	
   3.6300000e+02	   2.5563700e-01	
   3.6320000e+02	   2.5538400e-01	
   3.6340000e+02	   2.5513100e-01	
   3.6360000e+02	   2.5488000e-01	
   3.6380000e+02	   2.5463100e-01	
   3.6400000e+02	   2.5438400e-01	
   3.6420000e+02	   2.5413800e-01	
   3.6440000e+02	   2.5389400e-01	
   3.6460000e+02	   2.5365200e-01	
   3.6480000e+02	   2.5341100e-01	
   3.6500000e+02	   2.5317300e-01	
   3.6520000e+02	   2.5293800e-01	
   3.6540000e+02	   2.5270400e-01	
   3.6560000e+02	   2.5247300e-01	
   3.6580000e+02	   2.5224400e-01	
   3.6600000e+02	   2.5201800e-01	
   3.6620000e+02	   2.5179500e-01	
   3.6640000e+02	   2.5157400e-01	
   3.6660000e+02	   2.5135600e-01	
   3.6680000e+02	   2.5114100e-01	
   3.6700000e+02	   2.5092900e-01	
   3.6720000e+02	   2.5072100e-01	
   3.6740000e+02	   2.5051500e-01	
   3.6760000e+02	   2.5031300e-01	
   3.6780000e+02	   2.5011400e-01	
   3.6800000e+02	   2.4991800e-01	
   3.6820000e+02	   2.4972600e-01	
   3.6840000e+02	   2.4953800e-01	
   3.6860000e+02	   2.4935300e-01	
   3.6880000e+02	   2.4917300e-01	
   3.6900000e+02	   2.4899600e-01	
   3.6920000e+02	   2.4882300e-01	
   3.6940000e+02	   2.4865500e-01	
   3.6960000e+02	   2.4849000e-01	
   3.6980000e+02	   2.4833000e-01	
   3.7000000e+02	   2.4817400e-01	
   3.7020000e+02	   2.4802300e-01	
   3.7040000e+02	   2.4787700e-01	
   3.7060000e+02	   2.4773500e-01	
   3.7080000e+02	   2.4759700e-01	
   3.7100000e+02	   2.4746500e-01	
   3.7120000e+02	   2.4733700e-01	
   3.7140000e+02	   2.4721500e-01	
   3.7160000e+02	   2.4709700e-01	
   3.7180000e+02	   2.4698500e-01	
   3.7200000e+02	   2.4687800e-01	
   3.7220000e+02	   2.4677700e-01	
   3.7240000e+02	   2.4668100e-01	
   3.7260000e+02	   2.4659000e-01	
   3.7280000e+02	   2.4650500e-01	
   3.7300000e+02	   2.4642600e-01	
   3.7320000e+02	   2.4635200e-01	
   3.7340000e+02	   2.4628500e-01	
   3.7360000e+02	   2.4622300e-01	
   3.7380000e+02	   2.4616800e-01	
   3.7400000e+02	   2.4611900e-01	
   3.7420000e+02	   2.4607600e-01	
   3.7440000e+02	   2.4603900e-01	
   3.7460000e+02	   2.4600900e-01	
   3.7480000e+02	   2.4598500e-01	
   3.7500000e+02	   2.4596800e-01	
   3.7520000e+02	   2.4595700e-01	
   3.7540000e+02	   2.4595400e-01	
   3.7560000e+02	   2.4595700e-01	
   3.7580000e+02	   2.4596700e-01	
   3.7600000e+02	   2.4598400e-01	
   3.7620000e+02	   2.4600800e-01	
   3.7640000e+02	   2.4603900e-01	
   3.7660000e+02	   2.4607800e-01	
   3.7680000e+02	   2.4612300e-01	
   3.7700000e+02	   2.4617700e-01	
   3.7720000e+02	   2.4623800e-01	
   3.7740000e+02	   2.4630600e-01	
   3.7760000e+02	   2.4638200e-01	
   3.7780000e+02	   2.4646600e-01	
   3.7800000e+02	   2.4655700e-01	
   3.7820000e+02	   2.4665700e-01	
   3.7840000e+02	   2.4676400e-01	
   3.7860000e+02	   2.4688000e-01	
   3.7880000e+02	   2.4700300e-01	
   3.7900000e+02	   2.4713500e-01	
   3.7920000e+02	   2.4727500e-01	
   3.7940000e+02	   2.4742400e-01	
   3.7960000e+02	   2.4758100e-01	
   3.7980000e+02	   2.4774600e-01	
   3.8000000e+02	   2.4792000e-01	
   3.8020000e+02	   2.4810300e-01	
   3.8040000e+02	   2.4829400e-01	
   3.8060000e+02	   2.4849400e-01	
   3.8080000e+02	   2.4870400e-01	
   3.8100000e+02	   2.4892200e-01	
   3.8120000e+02	   2.4914900e-01	
   3.8140000e+02	   2.4938500e-01	
   3.8160000e+02	   2.4963000e-01	
   3.8180000e+02	   2.4988500e-01	
   3.8200000e+02	   2.5014800e-01	
   3.8220000e+02	   2.5042200e-01	
   3.8240000e+02	   2.5070400e-01	
   3.8260000e+02	   2.5099600e-01	
   3.8280000e+02	   2.5129800e-01	
   3.8300000e+02	   2.5160900e-01	
   3.8320000e+02	   2.5193000e-01	
   3.8340000e+02	   2.5226100e-01	
   3.8360000e+02	   2.5260200e-01	
   3.8380000e+02	   2.5295200e-01	
   3.8400000e+02	   2.5331300e-01	
   3.8420000e+02	   2.5368300e-01	
   3.8440000e+02	   2.5406400e-01	
   3.8460000e+02	   2.5445400e-01	
   3.8480000e+02	   2.5485500e-01	
   3.8500000e+02	   2.5526600e-01	
   3.8520000e+02	   2.5568800e-01	
   3.8540000e+02	   2.5611900e-01	
   3.8560000e+02	   2.5656200e-01	
   3.8580000e+02	   2.5701400e-01	
   3.8600000e+02	   2.5747700e-01	
   3.8620000e+02	   2.5795100e-01	
   3.8640000e+02	   2.5843600e-01	
   3.8660000e+02	   2.5893100e-01	
   3.8680000e+02	   2.5943700e-01	
   3.8700000e+02	   2.5995300e-01	
   3.8720000e+02	   2.6048100e-01	
   3.8740000e+02	   2.6101900e-01	
   3.8760000e+02	   2.6156900e-01	
   3.8780000e+02	   2.6212900e-01	
   3.8800000e+02	   2.6270100e-01	
   3.8820000e+02	   2.6328300e-01	
   3.8840000e+02	   2.6387700e-01	
   3.8860000e+02	   2.6448200e-01	
   3.8880000e+02	   2.6509800e-01	
   3.8900000e+02	   2.6572600e-01	
   3.8920000e+02	   2.6636400e-01	
   3.8940000e+02	   2.6701400e-01	
   3.8960000e+02	   2.6767600e-01	
   3.8980000e+02	   2.6834900e-01	
   3.9000000e+02	   2.6903300e-01	
   3.9020000e+02	   2.6972900e-01	
   3.9040000e+02	   2.7043700e-01	
   3.9060000e+02	   2.7115600e-01	
   3.9080000e+02	   2.7188700e-01	
   3.9100000e+02	   2.7262900e-01	
   3.9120000e+02	   2.7338300e-01	
   3.9140000e+02	   2.7414900e-01	
   3.9160000e+02	   2.7492700e-01	
   3.9180000e+02	   2.7571600e-01	
   3.9200000e+02	   2.7651800e-01	
   3.9220000e+02	   2.7733100e-01	
   3.9240000e+02	   2.7815600e-01	
   3.9260000e+02	   2.7899300e-01	
   3.9280000e+02	   2.7984200e-01	
   3.9300000e+02	   2.8070300e-01	
   3.9320000e+02	   2.8157600e-01	
   3.9340000e+02	   2.8246100e-01	
   3.9360000e+02	   2.8335800e-01	
   3.9380000e+02	   2.8426700e-01	
   3.9400000e+02	   2.8518800e-01	
   3.9420000e+02	   2.8612100e-01	
   3.9440000e+02	   2.8706700e-01	
   3.9460000e+02	   2.8802500e-01	
   3.9480000e+02	   2.8899400e-01	
   3.9500000e+02	   2.8997700e-01	
   3.9520000e+02	   2.9097100e-01	
   3.9540000e+02	   2.9197700e-01	
   3.9560000e+02	   2.9299600e-01	
   3.9580000e+02	   2.9402700e-01	
   3.9600000e+02	   2.9507000e-01	
   3.9620000e+02	   2.9612600e-01	
   3.9640000e+02	   2.9719400e-01	
   3.9660000e+02	   2.9827400e-01	
   3.9680000e+02	   2.9936600e-01	
   3.9700000e+02	   3.0047100e-01	
   3.9720000e+02	   3.0158800e-01	
   3.9740000e+02	   3.0271800e-01	
   3.9760000e+02	   3.0386000e-01	
   3.9780000e+02	   3.0501400e-01	
   3.9800000e+02	   3.0618000e-01	
   3.9820000e+02	   3.0735900e-01	
   3.9840000e+02	   3.0855000e-01	
   3.9860000e+02	   3.0975400e-01	
   3.9880000e+02	   3.1097000e-01	
   3.9900000e+02	   3.1219800e-01	
   3.9920000e+02	   3.1343900e-01	
   3.9940000e+02	   3.1469200e-01	
   3.9960000e+02	   3.1595700e-01	
   3.9980000e+02	   3.1723500e-01	
   4.0000000e+02	   3.1852500e-01	
   4.0020000e+02	   3.1982700e-01	
   4.0040000e+02	   3.2114200e-01	
   4.0060000e+02	   3.2246900e-01	
   4.0080000e+02	   3.2380800e-01	
   4.0100000e+02	   3.2516000e-01	
   4.0120000e+02	   3.2652400e-01	
   4.0140000e+02	   3.2790000e-01	
   4.0160000e+02	   3.2928800e-01	
   4.0180000e+02	   3.3068900e-01	
   4.0200000e+02	   3.3210100e-01	
   4.0220000e+02	   3.3352600e-01	
   4.0240000e+02	   3.3496300e-01	
   4.0260000e+02	   3.3641300e-01	
   4.0280000e+02	   3.3787400e-01	
   4.0300000e+02	   3.3934800e-01	
   4.0320000e+02	   3.4083300e-01	
   4.0340000e+02	   3.4233100e-01	
   4.0360000e+02	   3.4384100e-01	
   4.0380000e+02	   3.4536200e-01	
   4.0400000e+02	   3.4689600e-01	
   4.0420000e+02	   3.4844200e-01	
   4.0440000e+02	   3.5000000e-01	
   4.0460000e+02	   3.5156900e-01	
   4.0480000e+02	   3.5315100e-01	
   4.0500000e+02	   3.5474400e-01	
   4.0520000e+02	   3.5634900e-01	
   4.0540000e+02	   3.5796600e-01	
   4.0560000e+02	   3.5959500e-01	
   4.0580000e+02	   3.6123500e-01	
   4.0600000e+02	   3.6288700e-01	
   4.0620000e+02	   3.6455100e-01	
   4.0640000e+02	   3.6622600e-01	
   4.0660000e+02	   3.6791300e-01	
   4.0680000e+02	   3.6961100e-01	
   4.0700000e+02	   3.7132100e-01	
   4.0720000e+02	   3.7304200e-01	
   4.0740000e+02	   3.7477500e-01	
   4.0760000e+02	   3.7651900e-01	
   4.0780000e+02	   3.7827400e-01	
   4.0800000e+02	   3.8004100e-01	
   4.0820000e+02	   3.8181900e-01	
   4.0840000e+02	   3.8360800e-01	
   4.0860000e+02	   3.8540800e-01	
   4.0880000e+02	   3.8721900e-01	
   4.0900000e+02	   3.8904100e-01	
   4.0920000e+02	   3.9087400e-01	
   4.0940000e+02	   3.9271800e-01	
   4.0960000e+02	   3.9457300e-01	
   4.0980000e+02	   3.9643900e-01	
   4.1000000e+02	   3.9831500e-01	
   4.1020000e+02	   4.0020300e-01	
   4.1040000e+02	   4.0210000e-01	
   4.1060000e+02	   4.0400900e-01	
   4.1080000e+02	   4.0592800e-01	
   4.1100000e+02	   4.0785700e-01	
   4.1120000e+02	   4.0979700e-01	
   4.1140000e+02	   4.1174700e-01	
   4.1160000e+02	   4.1370700e-01	
   4.1180000e+02	   4.1567800e-01	
   4.1200000e+02	   4.1765900e-01	
   4.1220000e+02	   4.1964900e-01	
   4.1240000e+02	   4.2165000e-01	
   4.1260000e+02	   4.2366100e-01	
   4.1280000e+02	   4.2568200e-01	
   4.1300000e+02	   4.2771200e-01	
   4.1320000e+02	   4.2975200e-01	
   4.1340000e+02	   4.3180200e-01	
   4.1360000e+02	   4.3386200e-01	
   4.1380000e+02	   4.3593100e-01	
   4.1400000e+02	   4.3800900e-01	
   4.1420000e+02	   4.4009700e-01	
   4.1440000e+02	   4.4219400e-01	
   4.1460000e+02	   4.4430100e-01	
   4.1480000e+02	   4.4641600e-01	
   4.1500000e+02	   4.4854100e-01	
   4.1520000e+02	   4.5067500e-01	
   4.1540000e+02	   4.5281700e-01	
   4.1560000e+02	   4.5496900e-01	
   4.1580000e+02	   4.5712900e-01	
   4.1600000e+02	   4.5929800e-01	
   4.1620000e+02	   4.6147500e-01	
   4.1640000e+02	   4.6366100e-01	
   4.1660000e+02	   4.6585600e-01	
   4.1680000e+02	   4.6805800e-01	
   4.1700000e+02	   4.7026900e-01	
   4.1720000e+02	   4.7248900e-01	
   4.1740000e+02	   4.7471600e-01	
   4.1760000e+02	   4.7695100e-01	
   4.1780000e+02	   4.7919500e-01	
   4.1800000e+02	   4.8144600e-01	
   4.1820000e+02	   4.8370500e-01	
   4.1840000e+02	   4.8597100e-01	
   4.1860000e+02	   4.8824500e-01	
   4.1880000e+02	   4.9052700e-01	
   4.1900000e+02	   4.9281600e-01	
   4.1920000e+02	   4.9511200e-01	
   4.1940000e+02	   4.9741500e-01	
   4.1960000e+02	   4.9972600e-01	
   4.1980000e+02	   5.0204300e-01	
   4.2000000e+02	   5.0436800e-01	
   4.2020000e+02	   5.0669900e-01	
   4.2040000e+02	   5.0903700e-01	
   4.2060000e+02	   5.1138200e-01	
   4.2080000e+02	   5.1373300e-01	
   4.2100000e+02	   5.1609000e-01	
   4.2120000e+02	   5.1845400e-01	
   4.2140000e+02	   5.2082500e-01	
   4.2160000e+02	   5.2320100e-01	
   4.2180000e+02	   5.2558300e-01	
   4.2200000e+02	   5.2797100e-01	
   4.2220000e+02	   5.3036600e-01	
   4.2240000e+02	   5.3276500e-01	
   4.2260000e+02	   5.3517100e-01	
   4.2280000e+02	   5.3758200e-01	
   4.2300000e+02	   5.3999800e-01	
   4.2320000e+02	   5.4242000e-01	
   4.2340000e+02	   5.4484700e-01	
   4.2360000e+02	   5.4727900e-01	
   4.2380000e+02	   5.4971600e-01	
   4.2400000e+02	   5.5215800e-01	
   4.2420000e+02	   5.5460500e-01	
   4.2440000e+02	   5.5705600e-01	
   4.2460000e+02	   5.5951200e-01	
   4.2480000e+02	   5.6197200e-01	
   4.2500000e+02	   5.6443700e-01	
   4.2520000e+02	   5.6690600e-01	
   4.2540000e+02	   5.6937900e-01	
   4.2560000e+02	   5.7185700e-01	
   4.2580000e+02	   5.7433800e-01	
   4.2600000e+02	   5.7682300e-01	
   4.2620000e+02	   5.7931100e-01	
   4.2640000e+02	   5.8180400e-01	
   4.2660000e+02	   5.8429900e-01	
   4.2680000e+02	   5.8679800e-01	
   4.2700000e+02	   5.8930100e-01	
   4.2720000e+02	   5.9180600e-01	
   4.2740000e+02	   5.9431500e-01	
   4.2760000e+02	   5.9682600e-01	
   4.2780000e+02	   5.9934000e-01	
   4.2800000e+02	   6.0185700e-01	
   4.2820000e+02	   6.0437700e-01	
   4.2840000e+02	   6.0689900e-01	
   4.2860000e+02	   6.0942300e-01	
   4.2880000e+02	   6.1195000e-01	
   4.2900000e+02	   6.1447800e-01	
   4.2920000e+02	   6.1700900e-01	
   4.2940000e+02	   6.1954100e-01	
   4.2960000e+02	   6.2207500e-01	
   4.2980000e+02	   6.2461100e-01	
   4.3000000e+02	   6.2714900e-01	
   4.3020000e+02	   6.2968800e-01	
   4.3040000e+02	   6.3222800e-01	
   4.3060000e+02	   6.3476900e-01	
   4.3080000e+02	   6.3731100e-01	
   4.3100000e+02	   6.3985400e-01	
   4.3120000e+02	   6.4239900e-01	
   4.3140000e+02	   6.4494300e-01	
   4.3160000e+02	   6.4748900e-01	
   4.3180000e+02	   6.5003400e-01	
   4.3200000e+02	   6.5258100e-01	
   4.3220000e+02	   6.5512700e-01	
   4.3240000e+02	   6.5767300e-01	
   4.3260000e+02	   6.6022000e-01	
   4.3280000e+02	   6.6276600e-01	
   4.3300000e+02	   6.6531200e-01	
   4.3320000e+02	   6.6785800e-01	
   4.3340000e+02	   6.7040300e-01	
   4.3360000e+02	   6.7294800e-01	
   4.3380000e+02	   6.7549100e-01	
   4.3400000e+02	   6.7803400e-01	
   4.3420000e+02	   6.8057600e-01	
   4.3440000e+02	   6.8311700e-01	
   4.3460000e+02	   6.8565600e-01	
   4.3480000e+02	   6.8819500e-01	
   4.3500000e+02	   6.9073100e-01	
   4.3520000e+02	   6.9326700e-01	
   4.3540000e+02	   6.9580000e-01	
   4.3560000e+02	   6.9833200e-01	
   4.3580000e+02	   7.0086100e-01	
   4.3600000e+02	   7.0338900e-01	
   4.3620000e+02	   7.0591400e-01	
   4.3640000e+02	   7.0843700e-01	
   4.3660000e+02	   7.1095700e-01	
   4.3680000e+02	   7.1347500e-01	
   4.3700000e+02	   7.1599100e-01	
   4.3720000e+02	   7.1850300e-01	
   4.3740000e+02	   7.2101200e-01	
   4.3760000e+02	   7.2351900e-01	
   4.3780000e+02	   7.2602200e-01	
   4.3800000e+02	   7.2852200e-01	
   4.3820000e+02	   7.3101800e-01	
   4.3840000e+02	   7.3351100e-01	
   4.3860000e+02	   7.3600000e-01	
   4.3880000e+02	   7.3848500e-01	
   4.3900000e+02	   7.4096600e-01	
   4.3920000e+02	   7.4344400e-01	
   4.3940000e+02	   7.4591700e-01	
   4.3960000e+02	   7.4838500e-01	
   4.3980000e+02	   7.5085000e-01	
   4.4000000e+02	   7.5331000e-01	
   4.4020000e+02	   7.5576500e-01	
   4.4040000e+02	   7.5821500e-01	
   4.4060000e+02	   7.6066000e-01	
   4.4080000e+02	   7.6310000e-01	
   4.4100000e+02	   7.6553500e-01	
   4.4120000e+02	   7.6796500e-01	
   4.4140000e+02	   7.7038900e-01	
   4.4160000e+02	   7.7280800e-01	
   4.4180000e+02	   7.7522100e-01	
   4.4200000e+02	   7.7762800e-01	
   4.4220000e+02	   7.8002900e-01	
   4.4240000e+02	   7.8242400e-01	
   4.4260000e+02	   7.8481300e-01	
   4.4280000e+02	   7.8719600e-01	
   4.4300000e+02	   7.8957200e-01	
   4.4320000e+02	   7.9194200e-01	
   4.4340000e+02	   7.9430500e-01	
   4.4360000e+02	   7.9666100e-01	
   4.4380000e+02	   7.9901000e-01	
   4.4400000e+02	   8.0135200e-01	
   4.4420000e+02	   8.0368700e-01	
   4.4440000e+02	   8.0601500e-01	
   4.4460000e+02	   8.0833500e-01	
   4.4480000e+02	   8.1064800e-01	
   4.4500000e+02	   8.1295300e-01	
   4.4520000e+02	   8.1525000e-01	
   4.4540000e+02	   8.1753900e-01	
   4.4560000e+02	   8.1982000e-01	
   4.4580000e+02	   8.2209300e-01	
   4.4600000e+02	   8.2435700e-01	
   4.4620000e+02	   8.2661400e-01	
   4.4640000e+02	   8.2886100e-01	
   4.4660000e+02	   8.3110000e-01	
   4.4680000e+02	   8.3333000e-01	
   4.4700000e+02	   8.3555100e-01	
   4.4720000e+02	   8.3776300e-01	
   4.4740000e+02	   8.3996600e-01	
   4.4760000e+02	   8.4215900e-01	
   4.4780000e+02	   8.4434300e-01	
   4.4800000e+02	   8.4651700e-01	
   4.4820000e+02	   8.4868200e-01	
   4.4840000e+02	   8.5083700e-01	
   4.4860000e+02	   8.5298200e-01	
   4.4880000e+02	   8.5511700e-01	
   4.4900000e+02	   8.5724100e-01	
   4.4920000e+02	   8.5935500e-01	
   4.4940000e+02	   8.6145900e-01	
   4.4960000e+02	   8.6355200e-01	
   4.4980000e+02	   8.6563500e-01	
   4.5000000e+02	   8.6770700e-01	
   4.5020000e+02	   8.6976700e-01	
   4.5040000e+02	   8.7181700e-01	
   4.5060000e+02	   8.7385500e-01	
   4.5080000e+02	   8.7588200e-01	
   4.5100000e+02	   8.7789800e-01	
   4.5120000e+02	   8.7990200e-01	
   4.5140000e+02	   8.8189400e-01	
   4.5160000e+02	   8.8387400e-01	
   4.5180000e+02	   8.8584200e-01	
   4.5200000e+02	   8.8779900e-01	
   4.5220000e+02	   8.8974300e-01	
   4.5240000e+02	   8.9167400e-01	
   4.5260000e+02	   8.9359400e-01	
   4.5280000e+02	   8.9550000e-01	
   4.5300000e+02	   8.9739400e-01	
   4.5320000e+02	   8.9927500e-01	
   4.5340000e+02	   9.0114300e-01	
   4.5360000e+02	   9.0299800e-01	
   4.5380000e+02	   9.0483900e-01	
   4.5400000e+02	   9.0666800e-01	
   4.5420000e+02	   9.0848200e-01	
   4.5440000e+02	   9.1028400e-01	
   4.5460000e+02	   9.1207100e-01	
   4.5480000e+02	   9.1384400e-01	
   4.5500000e+02	   9.1560400e-01	
   4.5520000e+02	   9.1734900e-01	
   4.5540000e+02	   9.1908000e-01	
   4.5560000e+02	   9.2079700e-01	
   4.5580000e+02	   9.2249900e-01	
   4.5600000e+02	   9.2418700e-01	
   4.5620000e+02	   9.2586000e-01	
   4.5640000e+02	   9.2751800e-01	
   4.5660000e+02	   9.2916100e-01	
   4.5680000e+02	   9.3078800e-01	
   4.5700000e+02	   9.3240100e-01	
   4.5720000e+02	   9.3399800e-01	
   4.5740000e+02	   9.3558000e-01	
   4.5760000e+02	   9.3714600e-01	
   4.5780000e+02	   9.3869600e-01	
   4.5800000e+02	   9.4023000e-01	
   4.5820000e+02	   9.4174800e-01	
   4.5840000e+02	   9.4325100e-01	
   4.5860000e+02	   9.4473600e-01	
   4.5880000e+02	   9.4620600e-01	
   4.5900000e+02	   9.4765900e-01	
   4.5920000e+02	   9.4909500e-01	
   4.5940000e+02	   9.5051500e-01	
   4.5960000e+02	   9.5191700e-01	
   4.5980000e+02	   9.5330300e-01	
   4.6000000e+02	   9.5467100e-01	
   4.6020000e+02	   9.5602300e-01	
   4.6040000e+02	   9.5735600e-01	
   4.6060000e+02	   9.5867300e-01	
   4.6080000e+02	   9.5997100e-01	
   4.6100000e+02	   9.6125200e-01	
   4.6120000e+02	   9.6251500e-01	
   4.6140000e+02	   9.6376000e-01	
   4.6160000e+02	   9.6498700e-01	
   4.6180000e+02	   9.6619600e-01	
   4.6200000e+02	   9.6738600e-01	
   4.6220000e+02	   9.6855700e-01	
   4.6240000e+02	   9.6971000e-01	
   4.6260000e+02	   9.7084500e-01	
   4.6280000e+02	   9.7196000e-01	
   4.6300000e+02	   9.7305700e-01	
   4.6320000e+02	   9.7413400e-01	
   4.6340000e+02	   9.7519200e-01	
   4.6360000e+02	   9.7623100e-01	
   4.6380000e+02	   9.7725000e-01	
   4.6400000e+02	   9.7825000e-01	
   4.6420000e+02	   9.7923000e-01	
   4.6440000e+02	   9.8019000e-01	
   4.6460000e+02	   9.8113000e-01	
   4.6480000e+02	   9.8205000e-01	
   4.6500000e+02	   9.8295000e-01	
   4.6520000e+02	   9.8383000e-01	
   4.6540000e+02	   9.8468900e-01	
   4.6560000e+02	   9.8552800e-01	
   4.6580000e+02	   9.8634600e-01	
   4.6600000e+02	   9.8714300e-01	
   4.6620000e+02	   9.8792000e-01	
   4.6640000e+02	   9.8867500e-01	
   4.6660000e+02	   9.8940900e-01	
   4.6680000e+02	   9.9012300e-01	
   4.6700000e+02	   9.9081400e-01	
   4.6720000e+02	   9.9148500e-01	
   4.6740000e+02	   9.9213400e-01	
   4.6760000e+02	   9.9276100e-01	
   4.6780000e+02	   9.9336600e-01	
   4.6800000e+02	   9.9395000e-01	
   4.6820000e+02	   9.9451100e-01	
   4.6840000e+02	   9.9505100e-01	
   4.6860000e+02	   9.9556800e-01	
   4.6880000e+02	   9.9606300e-01	
   4.6900000e+02	   9.9653500e-01	
   4.6920000e+02	   9.9698600e-01	
   4.6940000e+02	   9.9741300e-01	
   4.6960000e+02	   9.9781800e-01	
   4.6980000e+02	   9.9820000e-01	
   4.7000000e+02	   9.9855900e-01	
   4.7020000e+02	   9.9889500e-01	
   4.7040000e+02	   9.9920800e-01	
   4.7060000e+02	   9.9949700e-01	
   4.7080000e+02	   9.9976400e-01	
   4.7100000e+02	   1.0000070e+00	
   4.7120000e+02	   1.0002270e+00	
   4.7140000e+02	   1.0004230e+00	
   4.7160000e+02	   1.0005950e+00	
   4.7180000e+02	   1.0007430e+00	
   4.7200000e+02	   1.0008680e+00	
   4.7220000e+02	   1.0009690e+00	
   4.7240000e+02	   1.0010460e+00	
   4.7260000e+02	   1.0010980e+00	
   4.7280000e+02	   1.0011270e+00	
   4.7300000e+02	   1.0011310e+00	
   4.7320000e+02	   1.0011110e+00	
   4.7340000e+02	   1.0010670e+00	
   4.7360000e+02	   1.0009980e+00	
   4.7380000e+02	   1.0009040e+00	
   4.7400000e+02	   1.0007860e+00	
   4.7420000e+02	   1.0006430e+00	
   4.7440000e+02	   1.0004750e+00	
   4.7460000e+02	   1.0002820e+00	
   4.7480000e+02	   1.0000650e+00	
   4.7500000e+02	   9.9982200e-01	
   4.7520000e+02	   9.9955500e-01	
   4.7540000e+02	   9.9926200e-01	
   4.7560000e+02	   9.9894400e-01	
   4.7580000e+02	   9.9860100e-01	
   4.7600000e+02	   9.9823200e-01	
   4.7620000e+02	   9.9783900e-01	
   4.7640000e+02	   9.9741900e-01	
   4.7660000e+02	   9.9697500e-01	
   4.7680000e+02	   9.9650500e-01	
   4.7700000e+02	   9.9600900e-01	
   4.7720000e+02	   9.9548700e-01	
   4.7740000e+02	   9.9494000e-01	
   4.7760000e+02	   9.9436800e-01	
   4.7780000e+02	   9.9376900e-01	
   4.7800000e+02	   9.9314500e-01	
   4.7820000e+02	   9.9249500e-01	
   4.7840000e+02	   9.9181900e-01	
   4.7860000e+02	   9.9111700e-01	
   4.7880000e+02	   9.9039000e-01	
   4.7900000e+02	   9.8963600e-01	
   4.7920000e+02	   9.8885700e-01	
   4.7940000e+02	   9.8805100e-01	
   4.7960000e+02	   9.8722000e-01	
   4.7980000e+02	   9.8636300e-01	
   4.8000000e+02	   9.8547900e-01	
   4.8020000e+02	   9.8457000e-01	
   4.8040000e+02	   9.8363400e-01	
   4.8060000e+02	   9.8267300e-01	
   4.8080000e+02	   9.8168500e-01	
   4.8100000e+02	   9.8067100e-01	
   4.8120000e+02	   9.7963200e-01	
   4.8140000e+02	   9.7856600e-01	
   4.8160000e+02	   9.7747400e-01	
   4.8180000e+02	   9.7635600e-01	
   4.8200000e+02	   9.7521200e-01	
   4.8220000e+02	   9.7404200e-01	
   4.8240000e+02	   9.7284600e-01	
   4.8260000e+02	   9.7162400e-01	
   4.8280000e+02	   9.7037700e-01	
   4.8300000e+02	   9.6910300e-01	
   4.8320000e+02	   9.6780300e-01	
   4.8340000e+02	   9.6647700e-01	
   4.8360000e+02	   9.6512600e-01	
   4.8380000e+02	   9.6374900e-01	
   4.8400000e+02	   9.6234600e-01	
   4.8420000e+02	   9.6091700e-01	
   4.8440000e+02	   9.5946300e-01	
   4.8460000e+02	   9.5798300e-01	
   4.8480000e+02	   9.5647700e-01	
   4.8500000e+02	   9.5494600e-01	
   4.8520000e+02	   9.5338900e-01	
   4.8540000e+02	   9.5180700e-01	
   4.8560000e+02	   9.5020000e-01	
   4.8580000e+02	   9.4856700e-01	
   4.8600000e+02	   9.4690900e-01	
   4.8620000e+02	   9.4522600e-01	
   4.8640000e+02	   9.4351800e-01	
   4.8660000e+02	   9.4178400e-01	
   4.8680000e+02	   9.4002600e-01	
   4.8700000e+02	   9.3824300e-01	
   4.8720000e+02	   9.3643600e-01	
   4.8740000e+02	   9.3460300e-01	
   4.8760000e+02	   9.3274600e-01	
   4.8780000e+02	   9.3086500e-01	
   4.8800000e+02	   9.2895900e-01	
   4.8820000e+02	   9.2702900e-01	
   4.8840000e+02	   9.2507400e-01	
   4.8860000e+02	   9.2309600e-01	
   4.8880000e+02	   9.2109400e-01	
   4.8900000e+02	   9.1906700e-01	
   4.8920000e+02	   9.1701700e-01	
   4.8940000e+02	   9.1494400e-01	
   4.8960000e+02	   9.1284700e-01	
   4.8980000e+02	   9.1072600e-01	
   4.9000000e+02	   9.0858300e-01	
   4.9020000e+02	   9.0641600e-01	
   4.9040000e+02	   9.0422600e-01	
   4.9060000e+02	   9.0201300e-01	
   4.9080000e+02	   8.9977800e-01	
   4.9100000e+02	   8.9752000e-01	
   4.9120000e+02	   8.9524000e-01	
   4.9140000e+02	   8.9293700e-01	
   4.9160000e+02	   8.9061300e-01	
   4.9180000e+02	   8.8826600e-01	
   4.9200000e+02	   8.8589700e-01	
   4.9220000e+02	   8.8350700e-01	
   4.9240000e+02	   8.8109600e-01	
   4.9260000e+02	   8.7866300e-01	
   4.9280000e+02	   8.7620900e-01	
   4.9300000e+02	   8.7373400e-01	
   4.9320000e+02	   8.7123800e-01	
   4.9340000e+02	   8.6872100e-01	
   4.9360000e+02	   8.6618400e-01	
   4.9380000e+02	   8.6362700e-01	
   4.9400000e+02	   8.6104900e-01	
   4.9420000e+02	   8.5845200e-01	
   4.9440000e+02	   8.5583500e-01	
   4.9460000e+02	   8.5319900e-01	
   4.9480000e+02	   8.5054300e-01	
   4.9500000e+02	   8.4786800e-01	
   4.9520000e+02	   8.4517400e-01	
   4.9540000e+02	   8.4246100e-01	
   4.9560000e+02	   8.3973000e-01	
   4.9580000e+02	   8.3698000e-01	
   4.9600000e+02	   8.3421200e-01	
   4.9620000e+02	   8.3142700e-01	
   4.9640000e+02	   8.2862300e-01	
   4.9660000e+02	   8.2580200e-01	
   4.9680000e+02	   8.2296400e-01	
   4.9700000e+02	   8.2010900e-01	
   4.9720000e+02	   8.1723700e-01	
   4.9740000e+02	   8.1434800e-01	
   4.9760000e+02	   8.1144300e-01	
   4.9780000e+02	   8.0852200e-01	
   4.9800000e+02	   8.0558500e-01	
   4.9820000e+02	   8.0263200e-01	
   4.9840000e+02	   7.9966300e-01	
   4.9860000e+02	   7.9667900e-01	
   4.9880000e+02	   7.9368000e-01	
   4.9900000e+02	   7.9066700e-01	
   4.9920000e+02	   7.8763900e-01	
   4.9940000e+02	   7.8459600e-01	
   4.9960000e+02	   7.8154000e-01	
   4.9980000e+02	   7.7846900e-01	
   5.0000000e+02	   7.7538500e-01	
   5.0020000e+02	   7.7228800e-01	
   5.0040000e+02	   7.6917700e-01	
   5.0060000e+02	   7.6605400e-01	
   5.0080000e+02	   7.6291800e-01	
   5.0100000e+02	   7.5976900e-01	
   5.0120000e+02	   7.5660900e-01	
   5.0140000e+02	   7.5343600e-01	
   5.0160000e+02	   7.5025200e-01	
   5.0180000e+02	   7.4705700e-01	
   5.0200000e+02	   7.4385000e-01	
   5.0220000e+02	   7.4063200e-01	
   5.0240000e+02	   7.3740400e-01	
   5.0260000e+02	   7.3416600e-01	
   5.0280000e+02	   7.3091700e-01	
   5.0300000e+02	   7.2765800e-01	
   5.0320000e+02	   7.2439000e-01	
   5.0340000e+02	   7.2111200e-01	
   5.0360000e+02	   7.1782600e-01	
   5.0380000e+02	   7.1453000e-01	
   5.0400000e+02	   7.1122600e-01	
   5.0420000e+02	   7.0791300e-01	
   5.0440000e+02	   7.0459300e-01	
   5.0460000e+02	   7.0126400e-01	
   5.0480000e+02	   6.9792800e-01	
   5.0500000e+02	   6.9458500e-01	
   5.0520000e+02	   6.9123400e-01	
   5.0540000e+02	   6.8787700e-01	
   5.0560000e+02	   6.8451300e-01	
   5.0580000e+02	   6.8114300e-01	
   5.0600000e+02	   6.7776600e-01	
   5.0620000e+02	   6.7438400e-01	
   5.0640000e+02	   6.7099600e-01	
   5.0660000e+02	   6.6760300e-01	
   5.0680000e+02	   6.6420500e-01	
   5.0700000e+02	   6.6080300e-01	
   5.0720000e+02	   6.5739500e-01	
   5.0740000e+02	   6.5398300e-01	
   5.0760000e+02	   6.5056800e-01	
   5.0780000e+02	   6.4714800e-01	
   5.0800000e+02	   6.4372500e-01	
   5.0820000e+02	   6.4029800e-01	
   5.0840000e+02	   6.3686900e-01	
   5.0860000e+02	   6.3343700e-01	
   5.0880000e+02	   6.3000200e-01	
   5.0900000e+02	   6.2656400e-01	
   5.0920000e+02	   6.2312500e-01	
   5.0940000e+02	   6.1968400e-01	
   5.0960000e+02	   6.1624100e-01	
   5.0980000e+02	   6.1279700e-01	
   5.1000000e+02	   6.0935200e-01	
   5.1020000e+02	   6.0590500e-01	
   5.1040000e+02	   6.0245800e-01	
   5.1060000e+02	   5.9901100e-01	
   5.1080000e+02	   5.9556400e-01	
   5.1100000e+02	   5.9211600e-01	
   5.1120000e+02	   5.8866900e-01	
   5.1140000e+02	   5.8522200e-01	
   5.1160000e+02	   5.8177600e-01	
   5.1180000e+02	   5.7833100e-01	
   5.1200000e+02	   5.7488700e-01	
   5.1220000e+02	   5.7144400e-01	
   5.1240000e+02	   5.6800300e-01	
   5.1260000e+02	   5.6456400e-01	
   5.1280000e+02	   5.6112700e-01	
   5.1300000e+02	   5.5769200e-01	
   5.1320000e+02	   5.5425900e-01	
   5.1340000e+02	   5.5082900e-01	
   5.1360000e+02	   5.4740200e-01	
   5.1380000e+02	   5.4397800e-01	
   5.1400000e+02	   5.4055800e-01	
   5.1420000e+02	   5.3714100e-01	
   5.1440000e+02	   5.3372700e-01	
   5.1460000e+02	   5.3031800e-01	
   5.1480000e+02	   5.2691200e-01	
   5.1500000e+02	   5.2351100e-01	
   5.1520000e+02	   5.2011400e-01	
   5.1540000e+02	   5.1672200e-01	
   5.1560000e+02	   5.1333500e-01	
   5.1580000e+02	   5.0995300e-01	
   5.1600000e+02	   5.0657600e-01	
   5.1620000e+02	   5.0320500e-01	
   5.1640000e+02	   4.9983900e-01	
   5.1660000e+02	   4.9647900e-01	
   5.1680000e+02	   4.9312500e-01	
   5.1700000e+02	   4.8977700e-01	
   5.1720000e+02	   4.8643500e-01	
   5.1740000e+02	   4.8310000e-01	
   5.1760000e+02	   4.7977100e-01	
   5.1780000e+02	   4.7645000e-01	
   5.1800000e+02	   4.7313500e-01	
   5.1820000e+02	   4.6982700e-01	
   5.1840000e+02	   4.6652700e-01	
   5.1860000e+02	   4.6323400e-01	
   5.1880000e+02	   4.5994900e-01	
   5.1900000e+02	   4.5667100e-01	
   5.1920000e+02	   4.5340200e-01	
   5.1940000e+02	   4.5014000e-01	
   5.1960000e+02	   4.4688700e-01	
   5.1980000e+02	   4.4364300e-01	
   5.2000000e+02	   4.4040600e-01	
   5.2020000e+02	   4.3717900e-01	
   5.2040000e+02	   4.3396000e-01	
   5.2060000e+02	   4.3075000e-01	
   5.2080000e+02	   4.2754900e-01	
   5.2100000e+02	   4.2435800e-01	
   5.2120000e+02	   4.2117500e-01	
   5.2140000e+02	   4.1800300e-01	
   5.2160000e+02	   4.1484000e-01	
   5.2180000e+02	   4.1168600e-01	
   5.2200000e+02	   4.0854300e-01	
   5.2220000e+02	   4.0540900e-01	
   5.2240000e+02	   4.0228600e-01	
   5.2260000e+02	   3.9917300e-01	
   5.2280000e+02	   3.9607000e-01	
   5.2300000e+02	   3.9297700e-01	
   5.2320000e+02	   3.8989500e-01	
   5.2340000e+02	   3.8682400e-01	
   5.2360000e+02	   3.8376400e-01	
   5.2380000e+02	   3.8071400e-01	
   5.2400000e+02	   3.7767600e-01	
   5.2420000e+02	   3.7464800e-01	
   5.2440000e+02	   3.7163200e-01	
   5.2460000e+02	   3.6862700e-01	
   5.2480000e+02	   3.6563400e-01	
   5.2500000e+02	   3.6265200e-01	
   5.2520000e+02	   3.5968100e-01	
   5.2540000e+02	   3.5672200e-01	
   5.2560000e+02	   3.5377500e-01	
   5.2580000e+02	   3.5084000e-01	
   5.2600000e+02	   3.4791700e-01	
   5.2620000e+02	   3.4500600e-01	
   5.2640000e+02	   3.4210700e-01	
   5.2660000e+02	   3.3922000e-01	
   5.2680000e+02	   3.3634500e-01	
   5.2700000e+02	   3.3348300e-01	
   5.2720000e+02	   3.3063300e-01	
   5.2740000e+02	   3.2779600e-01	
   5.2760000e+02	   3.2497100e-01	
   5.2780000e+02	   3.2215900e-01	
   5.2800000e+02	   3.1935900e-01	
   5.2820000e+02	   3.1657200e-01	
   5.2840000e+02	   3.1379900e-01	
   5.2860000e+02	   3.1103800e-01	
   5.2880000e+02	   3.0829000e-01	
   5.2900000e+02	   3.0555500e-01	
   5.2920000e+02	   3.0283300e-01	
   5.2940000e+02	   3.0012400e-01	
   5.2960000e+02	   2.9742900e-01	
   5.2980000e+02	   2.9474600e-01	
   5.3000000e+02	   2.9207700e-01	
   5.3020000e+02	   2.8942200e-01	
   5.3040000e+02	   2.8678000e-01	
   5.3060000e+02	   2.8415100e-01	
   5.3080000e+02	   2.8153600e-01	
   5.3100000e+02	   2.7893400e-01	
   5.3120000e+02	   2.7634600e-01	
   5.3140000e+02	   2.7377200e-01	
   5.3160000e+02	   2.7121100e-01	
   5.3180000e+02	   2.6866400e-01	
   5.3200000e+02	   2.6613100e-01	
   5.3220000e+02	   2.6361200e-01	
   5.3240000e+02	   2.6110600e-01	
   5.3260000e+02	   2.5861500e-01	
   5.3280000e+02	   2.5613700e-01	
   5.3300000e+02	   2.5367400e-01	
   5.3320000e+02	   2.5122400e-01	
   5.3340000e+02	   2.4878800e-01	
   5.3360000e+02	   2.4636600e-01	
   5.3380000e+02	   2.4395900e-01	
   5.3400000e+02	   2.4156500e-01	
   5.3420000e+02	   2.3918600e-01	
   5.3440000e+02	   2.3682100e-01	
   5.3460000e+02	   2.3447000e-01	
   5.3480000e+02	   2.3213300e-01	
   5.3500000e+02	   2.2981000e-01	
   5.3520000e+02	   2.2750200e-01	
   5.3540000e+02	   2.2520800e-01	
   5.3560000e+02	   2.2292800e-01	
   5.3580000e+02	   2.2066200e-01	
   5.3600000e+02	   2.1841100e-01	
   5.3620000e+02	   2.1617400e-01	
   5.3640000e+02	   2.1395100e-01	
   5.3660000e+02	   2.1174300e-01	
   5.3680000e+02	   2.0954900e-01	
   5.3700000e+02	   2.0736900e-01	
   5.3720000e+02	   2.0520400e-01	
   5.3740000e+02	   2.0305300e-01	
   5.3760000e+02	   2.0091700e-01	
   5.3780000e+02	   1.9879500e-01	
   5.3800000e+02	   1.9668700e-01	
   5.3820000e+02	   1.9459400e-01	
   5.3840000e+02	   1.9251500e-01	
   5.3860000e+02	   1.9045100e-01	
   5.3880000e+02	   1.8840000e-01	
   5.3900000e+02	   1.8636500e-01	
   5.3920000e+02	   1.8434300e-01	
   5.3940000e+02	   1.8233700e-01	
   5.3960000e+02	   1.8034400e-01	
   5.3980000e+02	   1.7836600e-01	
   5.4000000e+02	   1.7640200e-01	
   5.4020000e+02	   1.7445300e-01	
   5.4040000e+02	   1.7251800e-01	
   5.4060000e+02	   1.7059700e-01	
   5.4080000e+02	   1.6869100e-01	
   5.4100000e+02	   1.6679800e-01	
   5.4120000e+02	   1.6492100e-01	
   5.4140000e+02	   1.6305700e-01	
   5.4160000e+02	   1.6120800e-01	
   5.4180000e+02	   1.5937300e-01	
   5.4200000e+02	   1.5755300e-01	
   5.4220000e+02	   1.5574600e-01	
   5.4240000e+02	   1.5395400e-01	
   5.4260000e+02	   1.5217600e-01	
   5.4280000e+02	   1.5041200e-01	
   5.4300000e+02	   1.4866300e-01	
   5.4320000e+02	   1.4692700e-01	
   5.4340000e+02	   1.4520600e-01	
   5.4360000e+02	   1.4349800e-01	
   5.4380000e+02	   1.4180500e-01	
   5.4400000e+02	   1.4012600e-01	
   5.4420000e+02	   1.3846000e-01	
   5.4440000e+02	   1.3680900e-01	
   5.4460000e+02	   1.3517200e-01	
   5.4480000e+02	   1.3354800e-01	
   5.4500000e+02	   1.3193900e-01	
   5.4520000e+02	   1.3034300e-01	
   5.4540000e+02	   1.2876100e-01	
   5.4560000e+02	   1.2719300e-01	
   5.4580000e+02	   1.2563900e-01	
   5.4600000e+02	   1.2409800e-01	
   5.4620000e+02	   1.2257100e-01	
   5.4640000e+02	   1.2105800e-01	
   5.4660000e+02	   1.1955800e-01	
   5.4680000e+02	   1.1807200e-01	
   5.4700000e+02	   1.1659900e-01	
   5.4720000e+02	   1.1514000e-01	
   5.4740000e+02	   1.1369400e-01	
   5.4760000e+02	   1.1226100e-01	
   5.4780000e+02	   1.1084200e-01	
   5.4800000e+02	   1.0943700e-01	
   5.4820000e+02	   1.0804400e-01	
   5.4840000e+02	   1.0666500e-01	
   5.4860000e+02	   1.0529900e-01	
   5.4880000e+02	   1.0394500e-01	
   5.4900000e+02	   1.0260500e-01	
   5.4920000e+02	   1.0127800e-01	
   5.4940000e+02	   9.9964000e-02	
   5.4960000e+02	   9.8663000e-02	
   5.4980000e+02	   9.7375000e-02	
   5.5000000e+02	   9.6099000e-02	
   5.5020000e+02	   9.4836000e-02	
   5.5040000e+02	   9.3586000e-02	
   5.5060000e+02	   9.2349000e-02	
   5.5080000e+02	   9.1124000e-02	
   5.5100000e+02	   8.9911000e-02	
   5.5120000e+02	   8.8711000e-02	
   5.5140000e+02	   8.7524000e-02	
   5.5160000e+02	   8.6349000e-02	
   5.5180000e+02	   8.5186000e-02	
   5.5200000e+02	   8.4035000e-02	
   5.5220000e+02	   8.2896000e-02	
   5.5240000e+02	   8.1770000e-02	
   5.5260000e+02	   8.0655000e-02	
   5.5280000e+02	   7.9553000e-02	
   5.5300000e+02	   7.8462000e-02	
   5.5320000e+02	   7.7383000e-02	
   5.5340000e+02	   7.6316000e-02	
   5.5360000e+02	   7.5260000e-02	
   5.5380000e+02	   7.4217000e-02	
   5.5400000e+02	   7.3184000e-02	
   5.5420000e+02	   7.2164000e-02	
   5.5440000e+02	   7.1154000e-02	
   5.5460000e+02	   7.0156000e-02	
   5.5480000e+02	   6.9169000e-02	
   5.5500000e+02	   6.8194000e-02	
   5.5520000e+02	   6.7229000e-02	
   5.5540000e+02	   6.6276000e-02	
   5.5560000e+02	   6.5334000e-02	
   5.5580000e+02	   6.4402000e-02	
   5.5600000e+02	   6.3481000e-02	
   5.5620000e+02	   6.2571000e-02	
   5.5640000e+02	   6.1672000e-02	
   5.5660000e+02	   6.0784000e-02	
   5.5680000e+02	   5.9906000e-02	
   5.5700000e+02	   5.9038000e-02	
   5.5720000e+02	   5.8181000e-02	
   5.5740000e+02	   5.7334000e-02	
   5.5760000e+02	   5.6497000e-02	
   5.5780000e+02	   5.5671000e-02	
   5.5800000e+02	   5.4854000e-02	
   5.5820000e+02	   5.4048000e-02	
   5.5840000e+02	   5.3251000e-02	
   5.5860000e+02	   5.2464000e-02	
   5.5880000e+02	   5.1687000e-02	
   5.5900000e+02	   5.0920000e-02	
   5.5920000e+02	   5.0163000e-02	
   5.5940000e+02	   4.9414000e-02	
   5.5960000e+02	   4.8676000e-02	
   5.5980000e+02	   4.7946000e-02	
   5.6000000e+02	   4.7226000e-02	
   5.6020000e+02	   4.6515000e-02	
   5.6040000e+02	   4.5814000e-02	
   5.6060000e+02	   4.5121000e-02	
   5.6080000e+02	   4.4437000e-02	
   5.6100000e+02	   4.3763000e-02	
   5.6120000e+02	   4.3097000e-02	
   5.6140000e+02	   4.2439000e-02	
   5.6160000e+02	   4.1791000e-02	
   5.6180000e+02	   4.1151000e-02	
   5.6200000e+02	   4.0519000e-02	
   5.6220000e+02	   3.9896000e-02	
   5.6240000e+02	   3.9281000e-02	
   5.6260000e+02	   3.8674000e-02	
   5.6280000e+02	   3.8076000e-02	
   5.6300000e+02	   3.7486000e-02	
   5.6320000e+02	   3.6903000e-02	
   5.6340000e+02	   3.6329000e-02	
   5.6360000e+02	   3.5762000e-02	
   5.6380000e+02	   3.5203000e-02	
   5.6400000e+02	   3.4652000e-02	
   5.6420000e+02	   3.4109000e-02	
   5.6440000e+02	   3.3573000e-02	
   5.6460000e+02	   3.3044000e-02	
   5.6480000e+02	   3.2523000e-02	
   5.6500000e+02	   3.2009000e-02	
   5.6520000e+02	   3.1503000e-02	
   5.6540000e+02	   3.1003000e-02	
   5.6560000e+02	   3.0511000e-02	
   5.6580000e+02	   3.0025000e-02	
   5.6600000e+02	   2.9547000e-02	
   5.6620000e+02	   2.9075000e-02	
   5.6640000e+02	   2.8610000e-02	
   5.6660000e+02	   2.8152000e-02	
   5.6680000e+02	   2.7700000e-02	
   5.6700000e+02	   2.7255000e-02	
   5.6720000e+02	   2.6816000e-02	
   5.6740000e+02	   2.6384000e-02	
   5.6760000e+02	   2.5958000e-02	
   5.6780000e+02	   2.5538000e-02	
   5.6800000e+02	   2.5124000e-02	
   5.6820000e+02	   2.4717000e-02	
   5.6840000e+02	   2.4315000e-02	
   5.6860000e+02	   2.3920000e-02	
   5.6880000e+02	   2.3530000e-02	
   5.6900000e+02	   2.3146000e-02	
   5.6920000e+02	   2.2768000e-02	
   5.6940000e+02	   2.2395000e-02	
   5.6960000e+02	   2.2029000e-02	
   5.6980000e+02	   2.1667000e-02	
   5.7000000e+02	   2.1311000e-02	
   5.7020000e+02	   2.0961000e-02	
   5.7040000e+02	   2.0615000e-02	
   5.7060000e+02	   2.0275000e-02	
   5.7080000e+02	   1.9940000e-02	
   5.7100000e+02	   1.9611000e-02	
   5.7120000e+02	   1.9286000e-02	
   5.7140000e+02	   1.8966000e-02	
   5.7160000e+02	   1.8652000e-02	
   5.7180000e+02	   1.8342000e-02	
   5.7200000e+02	   1.8037000e-02	
   5.7220000e+02	   1.7736000e-02	
   5.7240000e+02	   1.7441000e-02	
   5.7260000e+02	   1.7149000e-02	
   5.7280000e+02	   1.6863000e-02	
   5.7300000e+02	   1.6581000e-02	
   5.7320000e+02	   1.6303000e-02	
   5.7340000e+02	   1.6030000e-02	
   5.7360000e+02	   1.5761000e-02	
   5.7380000e+02	   1.5496000e-02	
   5.7400000e+02	   1.5235000e-02	
   5.7420000e+02	   1.4979000e-02	
   5.7440000e+02	   1.4726000e-02	
   5.7460000e+02	   1.4478000e-02	
   5.7480000e+02	   1.4234000e-02	
   5.7500000e+02	   1.3993000e-02	
   5.7520000e+02	   1.3756000e-02	
   5.7540000e+02	   1.3524000e-02	
   5.7560000e+02	   1.3294000e-02	
   5.7580000e+02	   1.3069000e-02	
   5.7600000e+02	   1.2847000e-02	
   5.7620000e+02	   1.2629000e-02	
   5.7640000e+02	   1.2414000e-02	
   5.7660000e+02	   1.2203000e-02	
   5.7680000e+02	   1.1995000e-02	
   5.7700000e+02	   1.1791000e-02	
   5.7720000e+02	   1.1590000e-02	
   5.7740000e+02	   1.1392000e-02	
   5.7760000e+02	   1.1197000e-02	
   5.7780000e+02	   1.1006000e-02	
   5.7800000e+02	   1.0817000e-02	
   5.7820000e+02	   1.0632000e-02	
   5.7840000e+02	   1.0450000e-02	
   5.7860000e+02	   1.0271000e-02	
   5.7880000e+02	   1.0095000e-02	
   5.7900000e+02	   9.9210000e-03	
   5.7920000e+02	   9.7510000e-03	
   5.7940000e+02	   9.5830000e-03	
   5.7960000e+02	   9.4190000e-03	
   5.7980000e+02	   9.2570000e-03	
   5.8000000e+02	   9.0970000e-03	
   5.8020000e+02	   8.9400000e-03	
   5.8040000e+02	   8.7860000e-03	
   5.8060000e+02	   8.6350000e-03	
   5.8080000e+02	   8.4860000e-03	
   5.8100000e+02	   8.3390000e-03	
   5.8120000e+02	   8.1950000e-03	
   5.8140000e+02	   8.0540000e-03	
   5.8160000e+02	   7.9140000e-03	
   5.8180000e+02	   7.7770000e-03	
   5.8200000e+02	   7.6430000e-03	
   5.8220000e+02	   7.5100000e-03	
   5.8240000e+02	   7.3800000e-03	
   5.8260000e+02	   7.2520000e-03	
   5.8280000e+02	   7.1270000e-03	
   5.8300000e+02	   7.0030000e-03	
   5.8320000e+02	   6.8810000e-03	
   5.8340000e+02	   6.7620000e-03	
   5.8360000e+02	   6.6440000e-03	
   5.8380000e+02	   6.5290000e-03	
   5.8400000e+02	   6.4160000e-03	
   5.8420000e+02	   6.3040000e-03	
   5.8440000e+02	   6.1940000e-03	
   5.8460000e+02	   6.0870000e-03	
   5.8480000e+02	   5.9810000e-03	
   5.8500000e+02	   5.8770000e-03	
   5.8520000e+02	   5.7740000e-03	
   5.8540000e+02	   5.6740000e-03	
   5.8560000e+02	   5.5750000e-03	
   5.8580000e+02	   5.4780000e-03	
   5.8600000e+02	   5.3820000e-03	
   5.8620000e+02	   5.2880000e-03	
   5.8640000e+02	   5.1960000e-03	
   5.8660000e+02	   5.1050000e-03	
   5.8680000e+02	   5.0160000e-03	
   5.8700000e+02	   4.9290000e-03	
   5.8720000e+02	   4.8430000e-03	
   5.8740000e+02	   4.7580000e-03	
   5.8760000e+02	   4.6750000e-03	
   5.8780000e+02	   4.5930000e-03	
   5.8800000e+02	   4.5130000e-03	
   5.8820000e+02	   4.4340000e-03	
   5.8840000e+02	   4.3570000e-03	
   5.8860000e+02	   4.2810000e-03	
   5.8880000e+02	   4.2060000e-03	
   5.8900000e+02	   4.1320000e-03	
   5.8920000e+02	   4.0600000e-03	
   5.8940000e+02	   3.9890000e-03	
   5.8960000e+02	   3.9190000e-03	
   5.8980000e+02	   3.8510000e-03	
   5.9000000e+02	   3.7830000e-03	
   5.9020000e+02	   3.7170000e-03	
   5.9040000e+02	   3.6520000e-03	
   5.9060000e+02	   3.5880000e-03	
   5.9080000e+02	   3.5250000e-03	
   5.9100000e+02	   3.4640000e-03	
   5.9120000e+02	   3.4030000e-03	
   5.9140000e+02	   3.3440000e-03	
   5.9160000e+02	   3.2850000e-03	
   5.9180000e+02	   3.2280000e-03	
   5.9200000e+02	   3.1710000e-03	
   5.9220000e+02	   3.1160000e-03	
   5.9240000e+02	   3.0610000e-03	
   5.9260000e+02	   3.0080000e-03	
   5.9280000e+02	   2.9550000e-03	
   5.9300000e+02	   2.9030000e-03	
   5.9320000e+02	   2.8520000e-03	
   5.9340000e+02	   2.8020000e-03	
   5.9360000e+02	   2.7530000e-03	
   5.9380000e+02	   2.7050000e-03	
   5.9400000e+02	   2.6580000e-03	
   5.9420000e+02	   2.6110000e-03	
   5.9440000e+02	   2.5660000e-03	
   5.9460000e+02	   2.5210000e-03	
   5.9480000e+02	   2.4770000e-03	
   5.9500000e+02	   2.4330000e-03	
   5.9520000e+02	   2.3910000e-03	
   5.9540000e+02	   2.3490000e-03	
   5.9560000e+02	   2.3080000e-03	
   5.9580000e+02	   2.2680000e-03	
   5.9600000e+02	   2.2280000e-03	
   5.9620000e+02	   2.1890000e-03	
   5.9640000e+02	   2.1510000e-03	
   5.9660000e+02	   2.1130000e-03	
   5.9680000e+02	   2.0760000e-03	
   5.9700000e+02	   2.0400000e-03	
   5.9720000e+02	   2.0040000e-03	
   5.9740000e+02	   1.9690000e-03	
   5.9760000e+02	   1.9350000e-03	
   5.9780000e+02	   1.9010000e-03	
   5.9800000e+02	   1.8680000e-03	
   5.9820000e+02	   1.8350000e-03	
   5.9840000e+02	   1.8030000e-03	
   5.9860000e+02	   1.7720000e-03	
   5.9880000e+02	   1.7410000e-03	
   5.9900000e+02	   1.7110000e-03	
   5.9920000e+02	   1.6810000e-03	
   5.9940000e+02	   1.6520000e-03	
   5.9960000e+02	   1.6230000e-03	
   5.9980000e+02	   1.5950000e-03	
   6.0000000e+02	   1.5670000e-03	
   6.0020000e+02	   1.5390000e-03	
   6.0040000e+02	   1.5130000e-03	
   6.0060000e+02	   1.4860000e-03	
   6.0080000e+02	   1.4600000e-03	
   6.0100000e+02	   1.4350000e-03	
   6.0120000e+02	   1.4100000e-03	
   6.0140000e+02	   1.3860000e-03	
   6.0160000e+02	   1.3610000e-03	
   6.0180000e+02	   1.3380000e-03	
   6.0200000e+02	   1.3150000e-03	
   6.0220000e+02	   1.2920000e-03	
   6.0240000e+02	   1.2690000e-03	
   6.0260000e+02	   1.2470000e-03	
   6.0280000e+02	   1.2260000e-03	
   6.0300000e+02	   1.2040000e-03	
   6.0320000e+02	   1.1830000e-03	
   6.0340000e+02	   1.1630000e-03	
   6.0360000e+02	   1.1430000e-03	
   6.0380000e+02	   1.1230000e-03	
   6.0400000e+02	   1.1040000e-03	
   6.0420000e+02	   1.0840000e-03	
   6.0440000e+02	   1.0660000e-03	
   6.0460000e+02	   1.0470000e-03	
   6.0480000e+02	   1.0290000e-03	
   6.0500000e+02	   1.0110000e-03	
   6.0520000e+02	   9.9400000e-04	
   6.0540000e+02	   9.7700000e-04	
   6.0560000e+02	   9.6000000e-04	
   6.0580000e+02	   9.4300000e-04	
   6.0600000e+02	   9.2700000e-04	
   6.0620000e+02	   9.1100000e-04	
   6.0640000e+02	   8.9500000e-04	
   6.0660000e+02	   8.8000000e-04	
   6.0680000e+02	   8.6400000e-04	
   6.0700000e+02	   8.5000000e-04	
   6.0720000e+02	   8.3500000e-04	
   6.0740000e+02	   8.2100000e-04	
   6.0760000e+02	   8.0600000e-04	
   6.0780000e+02	   7.9300000e-04	
   6.0800000e+02	   7.7900000e-04	
   6.0820000e+02	   7.6500000e-04	
   6.0840000e+02	   7.5200000e-04	
   6.0860000e+02	   7.3900000e-04	
   6.0880000e+02	   7.2700000e-04	
   6.0900000e+02	   7.1400000e-04	
   6.0920000e+02	   7.0200000e-04	
   6.0940000e+02	   6.9000000e-04	
   6.0960000e+02	   6.7800000e-04	
   6.0980000e+02	   6.6600000e-04	
   6.1000000e+02	   6.5500000e-04	
   6.1020000e+02	   6.4400000e-04	
   6.1040000e+02	   6.3300000e-04	
   6.1060000e+02	   6.2200000e-04	
   6.1080000e+02	   6.1100000e-04	
   6.1100000e+02	   6.0100000e-04	
   6.1120000e+02	   5.9100000e-04	
   6.1140000e+02	   5.8000000e-04	
   6.1160000e+02	   5.7000000e-04	
   6.1180000e+02	   5.6100000e-04	
   6.1200000e+02	   5.5100000e-04	
   6.1220000e+02	   5.4200000e-04	
   6.1240000e+02	   5.3300000e-04	
   6.1260000e+02	   5.2300000e-04	
   6.1280000e+02	   5.1500000e-04	
   6.1300000e+02	   5.0600000e-04	
   6.1320000e+02	   4.9700000e-04	
   6.1340000e+02	   4.8900000e-04	
   6.1360000e+02	   4.8000000e-04	
   6.1380000e+02	   4.7200000e-04	
   6.1400000e+02	   4.6400000e-04	
   6.1420000e+02	   4.5600000e-04	
   6.1440000e+02	   4.4900000e-04	
   6.1460000e+02	   4.4100000e-04	
   6.1480000e+02	   4.3300000e-04	
   6.1500000e+02	   4.2600000e-04	
   6.1520000e+02	   4.1900000e-04	
   6.1540000e+02	   4.1200000e-04	
   6.1560000e+02	   4.0500000e-04	
   6.1580000e+02	   3.9800000e-04	
   6.1600000e+02	   3.9100000e-04	
   6.1620000e+02	   3.8500000e-04	
   6.1640000e+02	   3.7800000e-04	
   6.1660000e+02	   3.7200000e-04	
   6.1680000e+02	   3.6500000e-04	
   6.1700000e+02	   3.5900000e-04	
   6.1720000e+02	   3.5300000e-04	
   6.1740000e+02	   3.4700000e-04	
   6.1760000e+02	   3.4100000e-04	
   6.1780000e+02	   3.3600000e-04	
   6.1800000e+02	   3.3000000e-04	
   6.1820000e+02	   3.2400000e-04	
   6.1840000e+02	   3.1900000e-04	
   6.1860000e+02	   3.1400000e-04	
   6.1880000e+02	   3.0800000e-04	
   6.1900000e+02	   3.0300000e-04	
   6.1920000e+02	   2.9800000e-04	
   6.1940000e+02	   2.9300000e-04	
   6.1960000e+02	   2.8800000e-04	
   6.1980000e+02	   2.8300000e-04	
   6.2000000e+02	   2.7900000e-04	
   6.2020000e+02	   2.7400000e-04	
   6.2040000e+02	   2.6900000e-04	
   6.2060000e+02	   2.6500000e-04	
   6.2080000e+02	   2.6000000e-04	
   6.2100000e+02	   2.5600000e-04	
   6.2120000e+02	   2.5200000e-04	
   6.2140000e+02	   2.4700000e-04	
   6.2160000e+02	   2.4300000e-04	
   6.2180000e+02	   2.3900000e-04	
   6.2200000e+02	   2.3500000e-04	
   6.2220000e+02	   2.3100000e-04	
   6.2240000e+02	   2.2800000e-04	
   6.2260000e+02	   2.2400000e-04	
   6.2280000e+02	   2.2000000e-04	
   6.2300000e+02	   2.1600000e-04	
   6.2320000e+02	   2.1300000e-04	
   6.2340000e+02	   2.0900000e-04	
   6.2360000e+02	   2.0600000e-04	
   6.2380000e+02	   2.0200000e-04	
   6.2400000e+02	   1.9900000e-04	
   6.2420000e+02	   1.9600000e-04	
   6.2440000e+02	   1.9200000e-04	
   6.2460000e+02	   1.8900000e-04	
   6.2480000e+02	   1.8600000e-04	
   6.2500000e+02	   1.8300000e-04	
   6.2520000e+02	   1.8000000e-04	
   6.2540000e+02	   1.7700000e-04	
   6.2560000e+02	   1.7400000e-04	
   6.2580000e+02	   1.7100000e-04	
   6.2600000e+02	   1.6800000e-04	
   6.2620000e+02	   1.6600000e-04	
   6.2640000e+02	   1.6300000e-04	
   6.2660000e+02	   1.6000000e-04	
   6.2680000e+02	   1.5800000e-04	
   6.2700000e+02	   1.5500000e-04	
   6.2720000e+02	   1.5200000e-04	
   6.2740000e+02	   1.5000000e-04	
   6.2760000e+02	   1.4700000e-04	
   6.2780000e+02	   1.4500000e-04	
   6.2800000e+02	   1.4300000e-04	
   6.2820000e+02	   1.4000000e-04	
   6.2840000e+02	   1.3800000e-04	
   6.2860000e+02	   1.3600000e-04	
   6.2880000e+02	   1.3300000e-04	
   6.2900000e+02	   1.3100000e-04	
   6.2920000e+02	   1.2900000e-04	
   6.2940000e+02	   1.2700000e-04	
   6.2960000e+02	   1.2500000e-04	
   6.2980000e+02	   1.2300000e-04	
   6.3000000e+02	   1.2100000e-04	
   6.3020000e+02	   1.1900000e-04	
   6.3040000e+02	   1.1700000e-04	
   6.3060000e+02	   1.1500000e-04	
   6.3080000e+02	   1.1300000e-04	
   6.3100000e+02	   1.1100000e-04	
   6.3120000e+02	   1.1000000e-04	
   6.3140000e+02	   1.0800000e-04	
   6.3160000e+02	   1.0600000e-04	
   6.3180000e+02	   1.0400000e-04	
   6.3200000e+02	   1.0300000e-04	
   6.3220000e+02	   1.0100000e-04	
   6.3240000e+02	   9.9000000e-05	
   6.3260000e+02	   9.8000000e-05	
   6.3280000e+02	   9.6000000e-05	
   6.3300000e+02	   9.5000000e-05	
   6.3320000e+02	   9.3000000e-05	
   6.3340000e+02	   9.2000000e-05	
   6.3360000e+02	   9.0000000e-05	
   6.3380000e+02	   8.9000000e-05	
   6.3400000e+02	   8.7000000e-05	
   6.3420000e+02	   8.6000000e-05	
   6.3440000e+02	   8.4000000e-05	
   6.3460000e+02	   8.3000000e-05	
   6.3480000e+02	   8.2000000e-05	
   6.3500000e+02	   8.0000000e-05	
   6.3520000e+02	   7.9000000e-05	
   6.3540000e+02	   7.8000000e-05	
   6.3560000e+02	   7.7000000e-05	
   6.3580000e+02	   7.5000000e-05	
   6.3600000e+02	   7.4000000e-05	
   6.3620000e+02	   7.3000000e-05	
   6.3640000e+02	   7.2000000e-05	
   6.3660000e+02	   7.1000000e-05	
   6.3680000e+02	   6.9000000e-05	
   6.3700000e+02	   6.8000000e-05	
   6.3720000e+02	   6.7000000e-05	
   6.3740000e+02	   6.6000000e-05	
   6.3760000e+02	   6.5000000e-05	
   6.3780000e+02	   6.4000000e-05	
   6.3800000e+02	   6.3000000e-05	
   6.3820000e+02	   6.2000000e-05	
   6.3840000e+02	   6.1000000e-05	
   6.3860000e+02	   6.0000000e-05	
   6.3880000e+02	   5.9000000e-05	
   6.3900000e+02	   5.8000000e-05	
   6.3920000e+02	   5.7000000e-05	
   6.3940000e+02	   5.6000000e-05	
   6.3960000e+02	   5.5000000e-05	
   6.3980000e+02	   5.5000000e-05	
   6.4000000e+02	   5.4000000e-05	
   6.4020000e+02	   5.3000000e-05	
   6.4040000e+02	   5.2000000e-05	
   6.4060000e+02	   5.1000000e-05	
   6.4080000e+02	   5.0000000e-05	
   6.4100000e+02	   5.0000000e-05	
   6.4120000e+02	   4.9000000e-05	
   6.4140000e+02	   4.8000000e-05	
   6.4160000e+02	   4.7000000e-05	
   6.4180000e+02	   4.6000000e-05	
   6.4200000e+02	   4.6000000e-05	
   6.4220000e+02	   4.5000000e-05	
   6.4240000e+02	   4.4000000e-05	
   6.4260000e+02	   4.4000000e-05	
   6.4280000e+02	   4.3000000e-05	
   6.4300000e+02	   4.2000000e-05	
   6.4320000e+02	   4.2000000e-05	
   6.4340000e+02	   4.1000000e-05	
   6.4360000e+02	   4.0000000e-05	
   6.4380000e+02	   4.0000000e-05	
   6.4400000e+02	   3.9000000e-05	
   6.4420000e+02	   3.8000000e-05	
   6.4440000e+02	   3.8000000e-05	
   6.4460000e+02	   3.7000000e-05	
   6.4480000e+02	   3.7000000e-05	
   6.4500000e+02	   3.6000000e-05	
   6.4520000e+02	   3.6000000e-05	
   6.4540000e+02	   3.5000000e-05	
   6.4560000e+02	   3.4000000e-05	
   6.4580000e+02	   3.4000000e-05	
   6.4600000e+02	   3.3000000e-05	
   6.4620000e+02	   3.3000000e-05	
   6.4640000e+02	   3.2000000e-05	
   6.4660000e+02	   3.2000000e-05	
   6.4680000e+02	   3.1000000e-05	
   6.4700000e+02	   3.1000000e-05	
   6.4720000e+02	   3.0000000e-05	
   6.4740000e+02	   3.0000000e-05	
   6.4760000e+02	   2.9000000e-05	
   6.4780000e+02	   2.9000000e-05	
   6.4800000e+02	   2.9000000e-05	
   6.4820000e+02	   2.8000000e-05	
   6.4840000e+02	   2.8000000e-05	
   6.4860000e+02	   2.7000000e-05	
   6.4880000e+02	   2.7000000e-05	
   6.4900000e+02	   2.6000000e-05	
   6.4920000e+02	   2.6000000e-05	
   6.4940000e+02	   2.6000000e-05	
   6.4960000e+02	   2.5000000e-05	
   6.4980000e+02	   2.5000000e-05	
   6.5000000e+02	   2.4000000e-05	
   6.5020000e+02	   2.4000000e-05	
   6.5040000e+02	   2.4000000e-05	
   6.5060000e+02	   2.3000000e-05	
   6.5080000e+02	   2.3000000e-05	
   6.5100000e+02	   2.3000000e-05	
   6.5120000e+02	   2.2000000e-05	
   6.5140000e+02	   2.2000000e-05	
   6.5160000e+02	   2.2000000e-05	
   6.5180000e+02	   2.1000000e-05	
   6.5200000e+02	   2.1000000e-05	
   6.5220000e+02	   2.1000000e-05	
   6.5240000e+02	   2.0000000e-05	
   6.5260000e+02	   2.0000000e-05	
   6.5280000e+02	   2.0000000e-05	
   6.5300000e+02	   1.9000000e-05	
   6.5320000e+02	   1.9000000e-05	
   6.5340000e+02	   1.9000000e-05	
   6.5360000e+02	   1.8000000e-05	
   6.5380000e+02	   1.8000000e-05	
   6.5400000e+02	   1.8000000e-05	
   6.5420000e+02	   1.8000000e-05	
   6.5440000e+02	   1.7000000e-05	
   6.5460000e+02	   1.7000000e-05	
   6.5480000e+02	   1.7000000e-05	
   6.5500000e+02	   1.7000000e-05	
   6.5520000e+02	   1.6000000e-05	
   6.5540000e+02	   1.6000000e-05	
   6.5560000e+02	   1.6000000e-05	
   6.5580000e+02	   1.6000000e-05	
   6.5600000e+02	   1.5000000e-05	
   6.5620000e+02	   1.5000000e-05	
   6.5640000e+02	   1.5000000e-05	
   6.5660000e+02	   1.5000000e-05	
   6.5680000e+02	   1.4000000e-05	
   6.5700000e+02	   1.4000000e-05	
   6.5720000e+02	   1.4000000e-05	
   6.5740000e+02	   1.4000000e-05	
   6.5760000e+02	   1.4000000e-05	
   6.5780000e+02	   1.3000000e-05	
   6.5800000e+02	   1.3000000e-05	
   6.5820000e+02	   1.3000000e-05	
   6.5840000e+02	   1.3000000e-05	
   6.5860000e+02	   1.3000000e-05	
   6.5880000e+02	   1.2000000e-05	
   6.5900000e+02	   1.2000000e-05	
   6.5920000e+02	   1.2000000e-05	
   6.5940000e+02	   1.2000000e-05	
   6.5960000e+02	   1.2000000e-05	
   6.5980000e+02	   1.2000000e-05	
   6.6000000e+02	   1.1000000e-05	
   6.6020000e+02	   1.1000000e-05	
   6.6040000e+02	   1.1000000e-05	
   6.6060000e+02	   1.1000000e-05	
   6.6080000e+02	   1.1000000e-05	
   6.6100000e+02	   1.1000000e-05	
   6.6120000e+02	   1.0000000e-05	
   6.6140000e+02	   1.0000000e-05	
   6.6160000e+02	   1.0000000e-05	
   6.6180000e+02	   1.0000000e-05	
   6.6200000e+02	   1.0000000e-05	
   6.6220000e+02	   1.0000000e-05	
   6.6240000e+02	   9.0000000e-06	
   6.6260000e+02	   9.0000000e-06	
   6.6280000e+02	   9.0000000e-06	
   6.6300000e+02	   9.0000000e-06	
   6.6320000e+02	   9.0000000e-06	
   6.6340000e+02	   9.0000000e-06	
   6.6360000e+02	   9.0000000e-06	
   6.6380000e+02	   9.0000000e-06	
   6.6400000e+02	   8.0000000e-06	
   6.6420000e+02	   8.0000000e-06	
   6.6440000e+02	   8.0000000e-06	
   6.6460000e+02	   8.0000000e-06	
   6.6480000e+02	   8.0000000e-06	
   6.6500000e+02	   8.0000000e-06	
   6.6520000e+02	   8.0000000e-06	
   6.6540000e+02	   8.0000000e-06	
   6.6560000e+02	   7.0000000e-06	
   6.6580000e+02	   7.0000000e-06	
   6.6600000e+02	   7.0000000e-06	
   6.6620000e+02	   7.0000000e-06	
   6.6640000e+02	   7.0000000e-06	
   6.6660000e+02	   7.0000000e-06	
   6.6680000e+02	   7.0000000e-06	
   6.6700000e+02	   7.0000000e-06	
   6.6720000e+02	   7.0000000e-06	
   6.6740000e+02	   7.0000000e-06	
   6.6760000e+02	   6.0000000e-06	
   6.6780000e+02	   6.0000000e-06	
   6.6800000e+02	   6.0000000e-06	
   6.6820000e+02	   6.0000000e-06	
   6.6840000e+02	   6.0000000e-06	
   6.6860000e+02	   6.0000000e-06	
   6.6880000e+02	   6.0000000e-06	
   6.6900000e+02	   6.0000000e-06	
   6.6920000e+02	   6.0000000e-06	
   6.6940000e+02	   6.0000000e-06	
   6.6960000e+02	   6.0000000e-06	
   6.6980000e+02	   5.0000000e-06	
   6.7000000e+02	   5.0000000e-06	
   6.7020000e+02	   5.0000000e-06	
   6.7040000e+02	   5.0000000e-06	
   6.7060000e+02	   5.0000000e-06	
   6.7080000e+02	   5.0000000e-06	
   6.7100000e+02	   5.0000000e-06	
   6.7120000e+02	   5.0000000e-06	
   6.7140000e+02	   5.0000000e-06	
   6.7160000e+02	   5.0000000e-06	
   6.7180000e+02	   5.0000000e-06	
   6.7200000e+02	   5.0000000e-06	
   6.7220000e+02	   5.0000000e-06	
   6.7240000e+02	   5.0000000e-06	
   6.7260000e+02	   4.0000000e-06	
   6.7280000e+02	   4.0000000e-06	
   6.7300000e+02	   4.0000000e-06	
   6.7320000e+02	   4.0000000e-06	
   6.7340000e+02	   4.0000000e-06	
   6.7360000e+02	   4.0000000e-06	
   6.7380000e+02	   4.0000000e-06	
   6.7400000e+02	   4.0000000e-06	
   6.7420000e+02	   4.0000000e-06	
   6.7440000e+02	   4.0000000e-06	
   6.7460000e+02	   4.0000000e-06	
   6.7480000e+02	   4.0000000e-06	
   6.7500000e+02	   4.0000000e-06	
   6.7520000e+02	   4.0000000e-06	
   6.7540000e+02	   4.0000000e-06	
   6.7560000e+02	   4.0000000e-06	
   6.7580000e+02	   4.0000000e-06	
   6.7600000e+02	   3.0000000e-06	
   6.7620000e+02	   3.0000000e-06	
   6.7640000e+02	   3.0000000e-06	
   6.7660000e+02	   3.0000000e-06	
   6.7680000e+02	   3.0000000e-06	
   6.7700000e+02	   3.0000000e-06	
   6.7720000e+02	   3.0000000e-06	
   6.7740000e+02	   3.0000000e-06	
   6.7760000e+02	   3.0000000e-06	
   6.7780000e+02	   3.0000000e-06	
   6.7800000e+02	   3.0000000e-06	
   6.7820000e+02	   3.0000000e-06	
   6.7840000e+02	   3.0000000e-06	
   6.7860000e+02	   3.0000000e-06	
   6.7880000e+02	   3.0000000e-06	
   6.7900000e+02	   3.0000000e-06	
   6.7920000e+02	   3.0000000e-06	
   6.7940000e+02	   3.0000000e-06	
   6.7960000e+02	   3.0000000e-06	
   6.7980000e+02	   3.0000000e-06	
   6.8000000e+02	   3.0000000e-06	
   6.8020000e+02	   3.0000000e-06	
   6.8040000e+02	   3.0000000e-06	
   6.8060000e+02	   3.0000000e-06	
   6.8080000e+02	   2.0000000e-06	
   6.8100000e+02	   2.0000000e-06	
   6.8120000e+02	   2.0000000e-06	
   6.8140000e+02	   2.0000000e-06	
   6.8160000e+02	   2.0000000e-06	
   6.8180000e+02	   2.0000000e-06	
   6.8200000e+02	   2.0000000e-06	
   6.8220000e+02	   2.0000000e-06	
   6.8240000e+02	   2.0000000e-06	
   6.8260000e+02	   2.0000000e-06	
   6.8280000e+02	   2.0000000e-06	
   6.8300000e+02	   2.0000000e-06	
   6.8320000e+02	   2.0000000e-06	
   6.8340000e+02	   2.0000000e-06	
   6.8360000e+02	   2.0000000e-06	
   6.8380000e+02	   2.0000000e-06	
   6.8400000e+02	   2.0000000e-06	
   6.8420000e+02	   2.0000000e-06	
   6.8440000e+02	   2.0000000e-06	
   6.8460000e+02	   2.0000000e-06	
   6.8480000e+02	   2.0000000e-06	
   6.8500000e+02	   2.0000000e-06	
   6.8520000e+02	   2.0000000e-06	
   6.8540000e+02	   2.0000000e-06	
   6.8560000e+02	   2.0000000e-06	
   6.8580000e+02	   2.0000000e-06	
   6.8600000e+02	   2.0000000e-06	
   6.8620000e+02	   2.0000000e-06	
   6.8640000e+02	   2.0000000e-06	
   6.8660000e+02	   2.0000000e-06	
   6.8680000e+02	   2.0000000e-06	
   6.8700000e+02	   2.0000000e-06	
   6.8720000e+02	   2.0000000e-06	
   6.8740000e+02	   2.0000000e-06	
   6.8760000e+02	   2.0000000e-06	
   6.8780000e+02	   2.0000000e-06	
   6.8800000e+02	   1.0000000e-06	
   6.8820000e+02	   1.0000000e-06	
   6.8840000e+02	   1.0000000e-06	
   6.8860000e+02	   1.0000000e-06	
   6.8880000e+02	   1.0000000e-06	
   6.8900000e+02	   1.0000000e-06	
   6.8920000e+02	   1.0000000e-06	
   6.8940000e+02	   1.0000000e-06	
   6.8960000e+02	   1.0000000e-06	
   6.8980000e+02	   1.0000000e-06	
   6.9000000e+02	   1.0000000e-06	
   6.9020000e+02	   1.0000000e-06	
   6.9040000e+02	   1.0000000e-06	
   6.9060000e+02	   1.0000000e-06	
   6.9080000e+02	   1.0000000e-06	
   6.9100000e+02	   1.0000000e-06	
   6.9120000e+02	   1.0000000e-06	
   6.9140000e+02	   1.0000000e-06	
   6.9160000e+02	   1.0000000e-06	
   6.9180000e+02	   1.0000000e-06	
   6.9200000e+02	   1.0000000e-06	
   6.9220000e+02	   1.0000000e-06	
   6.9240000e+02	   1.0000000e-06	
   6.9260000e+02	   1.0000000e-06	
   6.9280000e+02	   1.0000000e-06	
   6.9300000e+02	   1.0000000e-06	
   6.9320000e+02	   1.0000000e-06	
   6.9340000e+02	   1.0000000e-06	
   6.9360000e+02	   1.0000000e-06	
   6.9380000e+02	   1.0000000e-06	
   6.9400000e+02	   1.0000000e-06	
   6.9420000e+02	   1.0000000e-06	
   6.9440000e+02	   1.0000000e-06	
   6.9460000e+02	   1.0000000e-06	
   6.9480000e+02	   1.0000000e-06	
   6.9500000e+02	   1.0000000e-06	
   6.9520000e+02	   1.0000000e-06	
   6.9540000e+02	   1.0000000e-06	
   6.9560000e+02	   1.0000000e-06	
   6.9580000e+02	   1.0000000e-06	
   6.9600000e+02	   1.0000000e-06	
   6.9620000e+02	   1.0000000e-06	
   6.9640000e+02	   1.0000000e-06	
   6.9660000e+02	   1.0000000e-06	
   6.9680000e+02	   1.0000000e-06	
   6.9700000e+02	   1.0000000e-06	
   6.9720000e+02	   1.0000000e-06	
   6.9740000e+02	   1.0000000e-06	
   6.9760000e+02	   1.0000000e-06	
   6.9780000e+02	   1.0000000e-06	
   6.9800000e+02	   1.0000000e-06	
   6.9820000e+02	   1.0000000e-06	
   6.9840000e+02	   1.0000000e-06	
   6.9860000e+02	   1.0000000e-06	
   6.9880000e+02	   1.0000000e-06	
   6.9900000e+02	   1.0000000e-06	
   6.9920000e+02	   1.0000000e-06	
   6.9940000e+02	   1.0000000e-06	
   6.9960000e+02	   1.0000000e-06	
   6.9980000e+02	   1.0000000e-06	
   7.0000000e+02	   1.0000000e-06	
   7.0020000e+02	   1.0000000e-06	
   7.0040000e+02	   1.0000000e-06	
   7.0060000e+02	   1.0000000e-06	
   7.0080000e+02	   1.0000000e-06	
   7.0100000e+02	   1.0000000e-06	
   7.0120000e+02	   1.0000000e-06	
   7.0140000e+02	   1.0000000e-06	
   7.0160000e+02	   1.0000000e-06	
   7.0180000e+02	   1.0000000e-06	
   7.0200000e+02	   1.0000000e-06	
   7.0220000e+02	   1.0000000e-06	
   7.0240000e+02	   1.0000000e-06	
   7.0260000e+02	   1.0000000e-06	
   7.0280000e+02	   1.0000000e-06	
   7.0300000e+02	   1.0000000e-06	
   7.0320000e+02	   1.0000000e-06	
   7.0340000e+02	   1.0000000e-06	
   7.0360000e+02	   1.0000000e-06	
   7.0380000e+02	   1.0000000e-06	
   7.0400000e+02	   1.0000000e-06	
   7.0420000e+02	   0.0000000e+00	
   7.0440000e+02	   0.0000000e+00	
   7.0460000e+02	   0.0000000e+00	
   7.0480000e+02	   0.0000000e+00	
   7.0500000e+02	   0.0000000e+00	
   7.0520000e+02	   0.0000000e+00	
   7.0540000e+02	   0.0000000e+00	
   7.0560000e+02	   0.0000000e+00	
   7.0580000e+02	   0.0000000e+00	
   7.0600000e+02	   0.0000000e+00	
   7.0620000e+02	   0.0000000e+00	
   7.0640000e+02	   0.0000000e+00	
   7.0660000e+02	   0.0000000e+00	
   7.0680000e+02	   0.0000000e+00	
   7.0700000e+02	   0.0000000e+00	
   7.0720000e+02	   0.0000000e+00	
   7.0740000e+02	   0.0000000e+00	
   7.0760000e+02	   0.0000000e+00	
   7.0780000e+02	   0.0000000e+00	
   7.0800000e+02	   0.0000000e+00	
   7.0820000e+02	   0.0000000e+00	
   7.0840000e+02	   0.0000000e+00	
   7.0860000e+02	   0.0000000e+00	
   7.0880000e+02	   0.0000000e+00	
   7.0900000e+02	   0.0000000e+00	
   7.0920000e+02	   0.0000000e+00	
   7.0940000e+02	   0.0000000e+00	
   7.0960000e+02	   0.0000000e+00	
   7.0980000e+02	   0.0000000e+00	
   7.1000000e+02	   0.0000000e+00	
   7.1020000e+02	   0.0000000e+00	
   7.1040000e+02	   0.0000000e+00	
   7.1060000e+02	   0.0000000e+00	
   7.1080000e+02	   0.0000000e+00	
   7.1100000e+02	   0.0000000e+00	
   7.1120000e+02	   0.0000000e+00	
   7.1140000e+02	   0.0000000e+00	
   7.1160000e+02	   0.0000000e+00	
   7.1180000e+02	   0.0000000e+00	
   7.1200000e+02	   0.0000000e+00	
   7.1220000e+02	   0.0000000e+00	
   7.1240000e+02	   0.0000000e+00	
   7.1260000e+02	   0.0000000e+00	
   7.1280000e+02	   0.0000000e+00	
   7.1300000e+02	   0.0000000e+00	
   7.1320000e+02	   0.0000000e+00	
   7.1340000e+02	   0.0000000e+00	
   7.1360000e+02	   0.0000000e+00	
   7.1380000e+02	   0.0000000e+00	
   7.1400000e+02	   0.0000000e+00	
   7.1420000e+02	   0.0000000e+00	
   7.1440000e+02	   0.0000000e+00	
   7.1460000e+02	   0.0000000e+00	
   7.1480000e+02	   0.0000000e+00	
   7.1500000e+02	   0.0000000e+00	
   7.1520000e+02	   0.0000000e+00	
   7.1540000e+02	   0.0000000e+00	
   7.1560000e+02	   0.0000000e+00	
   7.1580000e+02	   0.0000000e+00	
   7.1600000e+02	   0.0000000e+00	
   7.1620000e+02	   0.0000000e+00	
   7.1640000e+02	   0.0000000e+00	
   7.1660000e+02	   0.0000000e+00	
   7.1680000e+02	   0.0000000e+00	
   7.1700000e+02	   0.0000000e+00	
   7.1720000e+02	   0.0000000e+00	
   7.1740000e+02	   0.0000000e+00	
   7.1760000e+02	   0.0000000e+00	
   7.1780000e+02	   0.0000000e+00	
   7.1800000e+02	   0.0000000e+00	
   7.1820000e+02	   0.0000000e+00	
   7.1840000e+02	   0.0000000e+00	
   7.1860000e+02	   0.0000000e+00	
   7.1880000e+02	   0.0000000e+00	
   7.1900000e+02	   0.0000000e+00	
   7.1920000e+02	   0.0000000e+00	
   7.1940000e+02	   0.0000000e+00	
   7.1960000e+02	   0.0000000e+00	
   7.1980000e+02	   0.0000000e+00	
   7.2000000e+02	   0.0000000e+00	
   7.2020000e+02	   0.0000000e+00	
   7.2040000e+02	   0.0000000e+00	
   7.2060000e+02	   0.0000000e+00	
   7.2080000e+02	   0.0000000e+00	
   7.2100000e+02	   0.0000000e+00	
   7.2120000e+02	   0.0000000e+00	
   7.2140000e+02	   0.0000000e+00	
   7.2160000e+02	   0.0000000e+00	
   7.2180000e+02	   0.0000000e+00	
   7.2200000e+02	   0.0000000e+00	
   7.2220000e+02	   0.0000000e+00	
   7.2240000e+02	   0.0000000e+00	
   7.2260000e+02	   0.0000000e+00	
   7.2280000e+02	   0.0000000e+00	
   7.2300000e+02	   0.0000000e+00	
   7.2320000e+02	   0.0000000e+00	
   7.2340000e+02	   0.0000000e+00	
   7.2360000e+02	   0.0000000e+00	
   7.2380000e+02	   0.0000000e+00	
   7.2400000e+02	   0.0000000e+00	
   7.2420000e+02	   0.0000000e+00	
   7.2440000e+02	   0.0000000e+00	
   7.2460000e+02	   0.0000000e+00	
   7.2480000e+02	   0.0000000e+00	
   7.2500000e+02	   0.0000000e+00	
   7.2520000e+02	   0.0000000e+00	
   7.2540000e+02	   0.0000000e+00	
   7.2560000e+02	   0.0000000e+00	
   7.2580000e+02	   0.0000000e+00	
   7.2600000e+02	   0.0000000e+00	
   7.2620000e+02	   0.0000000e+00	
   7.2640000e+02	   0.0000000e+00	
   7.2660000e+02	   0.0000000e+00	
   7.2680000e+02	   0.0000000e+00	
   7.2700000e+02	   0.0000000e+00	
   7.2720000e+02	   0.0000000e+00	
   7.2740000e+02	   0.0000000e+00	
   7.2760000e+02	   0.0000000e+00	
   7.2780000e+02	   0.0000000e+00	
   7.2800000e+02	   0.0000000e+00	
   7.2820000e+02	   0.0000000e+00	
   7.2840000e+02	   0.0000000e+00	
   7.2860000e+02	   0.0000000e+00	
   7.2880000e+02	   0.0000000e+00	
   7.2900000e+02	   0.0000000e+00	
   7.2920000e+02	   0.0000000e+00	
   7.2940000e+02	   0.0000000e+00	
   7.2960000e+02	   0.0000000e+00	
   7.2980000e+02	   0.0000000e+00	
   7.3000000e+02	   0.0000000e+00	
   7.3020000e+02	   0.0000000e+00	
   7.3040000e+02	   0.0000000e+00	
   7.3060000e+02	   0.0000000e+00	
   7.3080000e+02	   0.0000000e+00	
   7.3100000e+02	   0.0000000e+00	
   7.3120000e+02	   0.0000000e+00	
   7.3140000e+02	   0.0000000e+00	
   7.3160000e+02	   0.0000000e+00	
   7.3180000e+02	   0.0000000e+00	
   7.3200000e+02	   0.0000000e+00	
   7.3220000e+02	   0.0000000e+00	
   7.3240000e+02	   0.0000000e+00	
   7.3260000e+02	   0.0000000e+00	
   7.3280000e+02	   0.0000000e+00	
   7.3300000e+02	   0.0000000e+00	
   7.3320000e+02	   0.0000000e+00	
   7.3340000e+02	   0.0000000e+00	
   7.3360000e+02	   0.0000000e+00	
   7.3380000e+02	   0.0000000e+00	
   7.3400000e+02	   0.0000000e+00	
   7.3420000e+02	   0.0000000e+00	
   7.3440000e+02	   0.0000000e+00	
   7.3460000e+02	   0.0000000e+00	
   7.3480000e+02	   0.0000000e+00	
   7.3500000e+02	   0.0000000e+00	
   7.3520000e+02	   0.0000000e+00	
   7.3540000e+02	   0.0000000e+00	
   7.3560000e+02	   0.0000000e+00	
   7.3580000e+02	   0.0000000e+00	
   7.3600000e+02	   0.0000000e+00	
   7.3620000e+02	   0.0000000e+00	
   7.3640000e+02	   0.0000000e+00	
   7.3660000e+02	   0.0000000e+00	
   7.3680000e+02	   0.0000000e+00	
   7.3700000e+02	   0.0000000e+00	
   7.3720000e+02	   0.0000000e+00	
   7.3740000e+02	   0.0000000e+00	
   7.3760000e+02	   0.0000000e+00	
   7.3780000e+02	   0.0000000e+00	
   7.3800000e+02	   0.0000000e+00	
   7.3820000e+02	   0.0000000e+00	
   7.3840000e+02	   0.0000000e+00	
   7.3860000e+02	   0.0000000e+00	
   7.3880000e+02	   0.0000000e+00	
   7.3900000e+02	   0.0000000e+00	
   7.3920000e+02	   0.0000000e+00	
   7.3940000e+02	   0.0000000e+00	
   7.3960000e+02	   0.0000000e+00	
   7.3980000e+02	   0.0000000e+00	
   7.4000000e+02	   0.0000000e+00	
   7.4020000e+02	   0.0000000e+00	
   7.4040000e+02	   0.0000000e+00	
   7.4060000e+02	   0.0000000e+00	
   7.4080000e+02	   0.0000000e+00	
   7.4100000e+02	   0.0000000e+00	
   7.4120000e+02	   0.0000000e+00	
   7.4140000e+02	   0.0000000e+00	
   7.4160000e+02	   0.0000000e+00	
   7.4180000e+02	   0.0000000e+00	
   7.4200000e+02	   0.0000000e+00	
   7.4220000e+02	   0.0000000e+00	
   7.4240000e+02	   0.0000000e+00	
   7.4260000e+02	   0.0000000e+00	
   7.4280000e+02	   0.0000000e+00	
   7.4300000e+02	   0.0000000e+00	
   7.4320000e+02	   0.0000000e+00	
   7.4340000e+02	   0.0000000e+00	
   7.4360000e+02	   0.0000000e+00	
   7.4380000e+02	   0.0000000e+00	
   7.4400000e+02	   0.0000000e+00	
   7.4420000e+02	   0.0000000e+00	
   7.4440000e+02	   0.0000000e+00	
   7.4460000e+02	   0.0000000e+00	
   7.4480000e+02	   0.0000000e+00	
   7.4500000e+02	   0.0000000e+00	
   7.4520000e+02	   0.0000000e+00	
   7.4540000e+02	   0.0000000e+00	
   7.4560000e+02	   0.0000000e+00	
   7.4580000e+02	   0.0000000e+00	
   7.4600000e+02	   0.0000000e+00	
   7.4620000e+02	   0.0000000e+00	
   7.4640000e+02	   0.0000000e+00	
   7.4660000e+02	   0.0000000e+00	
   7.4680000e+02	   0.0000000e+00	
   7.4700000e+02	   0.0000000e+00	
   7.4720000e+02	   0.0000000e+00	
   7.4740000e+02	   0.0000000e+00	
   7.4760000e+02	   0.0000000e+00	
   7.4780000e+02	   0.0000000e+00	
   7.4800000e+02	   0.0000000e+00	
   7.4820000e+02	   0.0000000e+00	
   7.4840000e+02	   0.0000000e+00	
   7.4860000e+02	   0.0000000e+00	
   7.4880000e+02	   0.0000000e+00	
   7.4900000e+02	   0.0000000e+00	
   7.4920000e+02	   0.0000000e+00	
   7.4940000e+02	   0.0000000e+00	
   7.4960000e+02	   0.0000000e+00	
   7.4980000e+02	   0.0000000e+00	
   7.5000000e+02	   0.0000000e+00	
   7.5020000e+02	   0.0000000e+00	
   7.5040000e+02	   0.0000000e+00	
   7.5060000e+02	   0.0000000e+00	
   7.5080000e+02	   0.0000000e+00	
   7.5100000e+02	   0.0000000e+00	
   7.5120000e+02	   0.0000000e+00	
   7.5140000e+02	   0.0000000e+00	
   7.5160000e+02	   0.0000000e+00	
   7.5180000e+02	   0.0000000e+00	
   7.5200000e+02	   0.0000000e+00	
   7.5220000e+02	   0.0000000e+00	
   7.5240000e+02	   0.0000000e+00	
   7.5260000e+02	   0.0000000e+00	
   7.5280000e+02	   0.0000000e+00	
   7.5300000e+02	   0.0000000e+00	
   7.5320000e+02	   0.0000000e+00	
   7.5340000e+02	   0.0000000e+00	
   7.5360000e+02	   0.0000000e+00	
   7.5380000e+02	   0.0000000e+00	
   7.5400000e+02	   0.0000000e+00	
   7.5420000e+02	   0.0000000e+00	
   7.5440000e+02	   0.0000000e+00	
   7.5460000e+02	   0.0000000e+00	
   7.5480000e+02	   0.0000000e+00	
   7.5500000e+02	   0.0000000e+00	
   7.5520000e+02	   0.0000000e+00	
   7.5540000e+02	   0.0000000e+00	
   7.5560000e+02	   0.0000000e+00	
   7.5580000e+02	   0.0000000e+00	
   7.5600000e+02	   0.0000000e+00	
   7.5620000e+02	   0.0000000e+00	
   7.5640000e+02	   0.0000000e+00	
   7.5660000e+02	   0.0000000e+00	
   7.5680000e+02	   0.0000000e+00	
   7.5700000e+02	   0.0000000e+00	
   7.5720000e+02	   0.0000000e+00	
   7.5740000e+02	   0.0000000e+00	
   7.5760000e+02	   0.0000000e+00	
   7.5780000e+02	   0.0000000e+00	
   7.5800000e+02	   0.0000000e+00	
   7.5820000e+02	   0.0000000e+00	
   7.5840000e+02	   0.0000000e+00	
   7.5860000e+02	   0.0000000e+00	
   7.5880000e+02	   0.0000000e+00	
   7.5900000e+02	   0.0000000e+00	
   7.5920000e+02	   0.0000000e+00	
   7.5940000e+02	   0.0000000e+00	
   7.5960000e+02	   0.0000000e+00	
   7.5980000e+02	   0.0000000e+00	
   7.6000000e+02	   0.0000000e+00	
   7.6020000e+02	   0.0000000e+00	
   7.6040000e+02	   0.0000000e+00	
   7.6060000e+02	   0.0000000e+00	
   7.6080000e+02	   0.0000000e+00	
   7.6100000e+02	   0.0000000e+00	
   7.6120000e+02	   0.0000000e+00	
   7.6140000e+02	   0.0000000e+00	
   7.6160000e+02	   0.0000000e+00	
   7.6180000e+02	   0.0000000e+00	
   7.6200000e+02	   0.0000000e+00	
   7.6220000e+02	   0.0000000e+00	
   7.6240000e+02	   0.0000000e+00	
   7.6260000e+02	   0.0000000e+00	
   7.6280000e+02	   0.0000000e+00	
   7.6300000e+02	   0.0000000e+00	
   7.6320000e+02	   0.0000000e+00	
   7.6340000e+02	   0.0000000e+00	
   7.6360000e+02	   0.0000000e+00	
   7.6380000e+02	   0.0000000e+00	
   7.6400000e+02	   0.0000000e+00	
   7.6420000e+02	   0.0000000e+00	
   7.6440000e+02	   0.0000000e+00	
   7.6460000e+02	   0.0000000e+00	
   7.6480000e+02	   0.0000000e+00	
   7.6500000e+02	   0.0000000e+00	
   7.6520000e+02	   0.0000000e+00	
   7.6540000e+02	   0.0000000e+00	
   7.6560000e+02	   0.0000000e+00	
   7.6580000e+02	   0.0000000e+00	
   7.6600000e+02	   0.0000000e+00	
   7.6620000e+02	   0.0000000e+00	
   7.6640000e+02	   0.0000000e+00	
   7.6660000e+02	   0.0000000e+00	
   7.6680000e+02	   0.0000000e+00	
   7.6700000e+02	   0.0000000e+00	
   7.6720000e+02	   0.0000000e+00	
   7.6740000e+02	   0.0000000e+00	
   7.6760000e+02	   0.0000000e+00	
   7.6780000e+02	   0.0000000e+00	
   7.6800000e+02	   0.0000000e+00	
   7.6820000e+02	   0.0000000e+00	
   7.6840000e+02	   0.0000000e+00	
   7.6860000e+02	   0.0000000e+00	
   7.6880000e+02	   0.0000000e+00	
   7.6900000e+02	   0.0000000e+00	
   7.6920000e+02	   0.0000000e+00	
   7.6940000e+02	   0.0000000e+00	
   7.6960000e+02	   0.0000000e+00	
   7.6980000e+02	   0.0000000e+00	
   7.7000000e+02	   0.0000000e+00	
   7.7020000e+02	   0.0000000e+00	
   7.7040000e+02	   0.0000000e+00	
   7.7060000e+02	   0.0000000e+00	
   7.7080000e+02	   0.0000000e+00	
   7.7100000e+02	   0.0000000e+00	
   7.7120000e+02	   0.0000000e+00	
   7.7140000e+02	   0.0000000e+00	
   7.7160000e+02	   0.0000000e+00	
   7.7180000e+02	   0.0000000e+00	
   7.7200000e+02	   0.0000000e+00	
   7.7220000e+02	   0.0000000e+00	
   7.7240000e+02	   0.0000000e+00	
   7.7260000e+02	   0.0000000e+00	
   7.7280000e+02	   0.0000000e+00	
   7.7300000e+02	   0.0000000e+00	
   7.7320000e+02	   0.0000000e+00	
   7.7340000e+02	   0.0000000e+00	
   7.7360000e+02	   0.0000000e+00	
   7.7380000e+02	   0.0000000e+00	
   7.7400000e+02	   0.0000000e+00	
   7.7420000e+02	   0.0000000e+00	
   7.7440000e+02	   0.0000000e+00	
   7.7460000e+02	   0.0000000e+00	
   7.7480000e+02	   0.0000000e+00	
   7.7500000e+02	   0.0000000e+00	
   7.7520000e+02	   0.0000000e+00	
   7.7540000e+02	   0.0000000e+00	
   7.7560000e+02	   0.0000000e+00	
   7.7580000e+02	   0.0000000e+00	
   7.7600000e+02	   0.0000000e+00	
   7.7620000e+02	   0.0000000e+00	
   7.7640000e+02	   0.0000000e+00	
   7.7660000e+02	   0.0000000e+00	
   7.7680000e+02	   0.0000000e+00	
   7.7700000e+02	   0.0000000e+00	
   7.7720000e+02	   0.0000000e+00	
   7.7740000e+02	   0.0000000e+00	
   7.7760000e+02	   0.0000000e+00	
   7.7780000e+02	   0.0000000e+00	
   7.7800000e+02	   0.0000000e+00	
   7.7820000e+02	   0.0000000e+00	
   7.7840000e+02	   0.0000000e+00	
   7.7860000e+02	   0.0000000e+00	
   7.7880000e+02	   0.0000000e+00	
   7.7900000e+02	   0.0000000e+00	
   7.7920000e+02	   0.0000000e+00	
   7.7940000e+02	   0.0000000e+00	
   7.7960000e+02	   0.0000000e+00	
   7.7980000e+02	   0.0000000e+00	
   7.8000000e+02	   0.0000000e+00	
   7.8020000e+02	   0.0000000e+00	
   7.8040000e+02	   0.0000000e+00	
   7.8060000e+02	   0.0000000e+00	
   7.8080000e+02	   0.0000000e+00	
   7.8100000e+02	   0.0000000e+00	
   7.8120000e+02	   0.0000000e+00	
   7.8140000e+02	   0.0000000e+00	
   7.8160000e+02	   0.0000000e+00	
   7.8180000e+02	   0.0000000e+00	
   7.8200000e+02	   0.0000000e+00	
   7.8220000e+02	   0.0000000e+00	
   7.8240000e+02	   0.0000000e+00	
   7.8260000e+02	   0.0000000e+00	
   7.8280000e+02	   0.0000000e+00	
   7.8300000e+02	   0.0000000e+00	
   7.8320000e+02	   0.0000000e+00	
   7.8340000e+02	   0.0000000e+00	
   7.8360000e+02	   0.0000000e+00	
   7.8380000e+02	   0.0000000e+00	
   7.8400000e+02	   0.0000000e+00	
   7.8420000e+02	   0.0000000e+00	
   7.8440000e+02	   0.0000000e+00	
   7.8460000e+02	   0.0000000e+00	
   7.8480000e+02	   0.0000000e+00	
   7.8500000e+02	   0.0000000e+00	
   7.8520000e+02	   0.0000000e+00	
   7.8540000e+02	   0.0000000e+00	
   7.8560000e+02	   0.0000000e+00	
   7.8580000e+02	   0.0000000e+00	
   7.8600000e+02	   0.0000000e+00	
   7.8620000e+02	   0.0000000e+00	
   7.8640000e+02	   0.0000000e+00	
   7.8660000e+02	   0.0000000e+00	
   7.8680000e+02	   0.0000000e+00	
   7.8700000e+02	   0.0000000e+00	
   7.8720000e+02	   0.0000000e+00	
   7.8740000e+02	   0.0000000e+00	
   7.8760000e+02	   0.0000000e+00	
   7.8780000e+02	   0.0000000e+00	
   7.8800000e+02	   0.0000000e+00	
   7.8820000e+02	   0.0000000e+00	
   7.8840000e+02	   0.0000000e+00	
   7.8860000e+02	   0.0000000e+00	
   7.8880000e+02	   0.0000000e+00	
   7.8900000e+02	   0.0000000e+00	
   7.8920000e+02	   0.0000000e+00	
   7.8940000e+02	   0.0000000e+00	
   7.8960000e+02	   0.0000000e+00	
   7.8980000e+02	   0.0000000e+00	
   7.9000000e+02	   0.0000000e+00	
   7.9020000e+02	   0.0000000e+00	
   7.9040000e+02	   0.0000000e+00	
   7.9060000e+02	   0.0000000e+00	
   7.9080000e+02	   0.0000000e+00	
   7.9100000e+02	   0.0000000e+00	
   7.9120000e+02	   0.0000000e+00	
   7.9140000e+02	   0.0000000e+00	
   7.9160000e+02	   0.0000000e+00	
   7.9180000e+02	   0.0000000e+00	
   7.9200000e+02	   0.0000000e+00	
   7.9220000e+02	   0.0000000e+00	
   7.9240000e+02	   0.0000000e+00	
   7.9260000e+02	   0.0000000e+00	
   7.9280000e+02	   0.0000000e+00	
   7.9300000e+02	   0.0000000e+00	
   7.9320000e+02	   0.0000000e+00	
   7.9340000e+02	   0.0000000e+00	
   7.9360000e+02	   0.0000000e+00	
   7.9380000e+02	   0.0000000e+00	
   7.9400000e+02	   0.0000000e+00	
   7.9420000e+02	   0.0000000e+00	
   7.9440000e+02	   0.0000000e+00	
   7.9460000e+02	   0.0000000e+00	
   7.9480000e+02	   0.0000000e+00	
   7.9500000e+02	   0.0000000e+00	
   7.9520000e+02	   0.0000000e+00	
   7.9540000e+02	   0.0000000e+00	
   7.9560000e+02	   0.0000000e+00	
   7.9580000e+02	   0.0000000e+00	
   7.9600000e+02	   0.0000000e+00	
   7.9620000e+02	   0.0000000e+00	
   7.9640000e+02	   0.0000000e+00	
   7.9660000e+02	   0.0000000e+00	
   7.9680000e+02	   0.0000000e+00	
   7.9700000e+02	   0.0000000e+00	
   7.9720000e+02	   0.0000000e+00	
   7.9740000e+02	   0.0000000e+00	
   7.9760000e+02	   0.0000000e+00	
   7.9780000e+02	   0.0000000e+00	
   7.9800000e+02	   0.0000000e+00	
   7.9820000e+02	   0.0000000e+00	
   7.9840000e+02	   0.0000000e+00	
   7.9860000e+02	   0.0000000e+00	
   7.9880000e+02	   0.0000000e+00	
   7.9900000e+02	   0.0000000e+00	
   7.9920000e+02	   0.0000000e+00	
   7.9940000e+02	   0.0000000e+00	
   7.9960000e+02	   0.0000000e+00	
   7.9980000e+02	   0.0000000e+00	
   8.0000000e+02	   0.0000000e+00	
   8.0020000e+02	   0.0000000e+00	
   8.0040000e+02	   0.0000000e+00	
   8.0060000e+02	   0.0000000e+00	
   8.0080000e+02	   0.0000000e+00	
   8.0100000e+02	   0.0000000e+00	
   8.0120000e+02	   0.0000000e+00	
   8.0140000e+02	   0.0000000e+00	
   8.0160000e+02	   0.0000000e+00	
   8.0180000e+02	   0.0000000e+00	
   8.0200000e+02	   0.0000000e+00	
   8.0220000e+02	   0.0000000e+00	
   8.0240000e+02	   0.0000000e+00	
   8.0260000e+02	   0.0000000e+00	
   8.0280000e+02	   0.0000000e+00	
   8.0300000e+02	   0.0000000e+00	
   8.0320000e+02	   0.0000000e+00	
   8.0340000e+02	   0.0000000e+00	
   8.0360000e+02	   0.0000000e+00	
   8.0380000e+02	   0.0000000e+00	
   8.0400000e+02	   0.0000000e+00	
   8.0420000e+02	   0.0000000e+00	
   8.0440000e+02	   0.0000000e+00	
   8.0460000e+02	   0.0000000e+00	
   8.0480000e+02	   0.0000000e+00	
   8.0500000e+02	   0.0000000e+00	
   8.0520000e+02	   0.0000000e+00	
   8.0540000e+02	   0.0000000e+00	
   8.0560000e+02	   0.0000000e+00	
   8.0580000e+02	   0.0000000e+00	
   8.0600000e+02	   0.0000000e+00	
   8.0620000e+02	   0.0000000e+00	
   8.0640000e+02	   0.0000000e+00	
   8.0660000e+02	   0.0000000e+00	
   8.0680000e+02	   0.0000000e+00	
   8.0700000e+02	   0.0000000e+00	
   8.0720000e+02	   0.0000000e+00	
   8.0740000e+02	   0.0000000e+00	
   8.0760000e+02	   0.0000000e+00	
   8.0780000e+02	   0.0000000e+00	
   8.0800000e+02	   0.0000000e+00	
   8.0820000e+02	   0.0000000e+00	
   8.0840000e+02	   0.0000000e+00	
   8.0860000e+02	   0.0000000e+00	
   8.0880000e+02	   0.0000000e+00	
   8.0900000e+02	   0.0000000e+00	
   8.0920000e+02	   0.0000000e+00	
   8.0940000e+02	   0.0000000e+00	
   8.0960000e+02	   0.0000000e+00	
   8.0980000e+02	   0.0000000e+00	
   8.1000000e+02	   0.0000000e+00	
   8.1020000e+02	   0.0000000e+00	
   8.1040000e+02	   0.0000000e+00	
   8.1060000e+02	   0.0000000e+00	
   8.1080000e+02	   0.0000000e+00	
   8.1100000e+02	   0.0000000e+00	
   8.1120000e+02	   0.0000000e+00	
   8.1140000e+02	   0.0000000e+00	
   8.1160000e+02	   0.0000000e+00	
   8.1180000e+02	   0.0000000e+00	
   8.1200000e+02	   0.0000000e+00	
   8.1220000e+02	   0.0000000e+00	
   8.1240000e+02	   0.0000000e+00	
   8.1260000e+02	   0.0000000e+00	
   8.1280000e+02	   0.0000000e+00	
   8.1300000e+02	   0.0000000e+00	
   8.1320000e+02	   0.0000000e+00	
   8.1340000e+02	   0.0000000e+00	
   8.1360000e+02	   0.0000000e+00	
   8.1380000e+02	   0.0000000e+00	
   8.1400000e+02	   0.0000000e+00	
   8.1420000e+02	   0.0000000e+00	
   8.1440000e+02	   0.0000000e+00	
   8.1460000e+02	   0.0000000e+00	
   8.1480000e+02	   0.0000000e+00	
   8.1500000e+02	   0.0000000e+00	
   8.1520000e+02	   0.0000000e+00	
   8.1540000e+02	   0.0000000e+00	
   8.1560000e+02	   0.0000000e+00	
   8.1580000e+02	   0.0000000e+00	
   8.1600000e+02	   0.0000000e+00	
   8.1620000e+02	   0.0000000e+00	
   8.1640000e+02	   0.0000000e+00	
   8.1660000e+02	   0.0000000e+00	
   8.1680000e+02	   0.0000000e+00	
   8.1700000e+02	   0.0000000e+00	
   8.1720000e+02	   0.0000000e+00	
   8.1740000e+02	   0.0000000e+00	
   8.1760000e+02	   0.0000000e+00	
   8.1780000e+02	   0.0000000e+00	
   8.1800000e+02	   0.0000000e+00	
   8.1820000e+02	   0.0000000e+00	
   8.1840000e+02	   0.0000000e+00	
   8.1860000e+02	   0.0000000e+00	
   8.1880000e+02	   0.0000000e+00	
   8.1900000e+02	   0.0000000e+00	
   8.1920000e+02	   0.0000000e+00	
   8.1940000e+02	   0.0000000e+00	
   8.1960000e+02	   0.0000000e+00	
   8.1980000e+02	   0.0000000e+00	
   8.2000000e+02	   0.0000000e+00	
   8.2020000e+02	   0.0000000e+00	
   8.2040000e+02	   0.0000000e+00	
   8.2060000e+02	   0.0000000e+00	
   8.2080000e+02	   0.0000000e+00	
   8.2100000e+02	   0.0000000e+00	
   8.2120000e+02	   0.0000000e+00	
   8.2140000e+02	   0.0000000e+00	
   8.2160000e+02	   0.0000000e+00	
   8.2180000e+02	   0.0000000e+00	
   8.2200000e+02	   0.0000000e+00	
   8.2220000e+02	   0.0000000e+00	
   8.2240000e+02	   0.0000000e+00	
   8.2260000e+02	   0.0000000e+00	
   8.2280000e+02	   0.0000000e+00	
   8.2300000e+02	   0.0000000e+00	
   8.2320000e+02	   0.0000000e+00	
   8.2340000e+02	   0.0000000e+00	
   8.2360000e+02	   0.0000000e+00	
   8.2380000e+02	   0.0000000e+00	
   8.2400000e+02	   0.0000000e+00	
   8.2420000e+02	   0.0000000e+00	
   8.2440000e+02	   0.0000000e+00	
   8.2460000e+02	   0.0000000e+00	
   8.2480000e+02	   0.0000000e+00	
   8.2500000e+02	   0.0000000e+00	
   8.2520000e+02	   0.0000000e+00	
   8.2540000e+02	   0.0000000e+00	
   8.2560000e+02	   0.0000000e+00	
   8.2580000e+02	   0.0000000e+00	
   8.2600000e+02	   0.0000000e+00	
   8.2620000e+02	   0.0000000e+00	
   8.2640000e+02	   0.0000000e+00	
   8.2660000e+02	   0.0000000e+00	
   8.2680000e+02	   0.0000000e+00	
   8.2700000e+02	   0.0000000e+00	
   8.2720000e+02	   0.0000000e+00	
   8.2740000e+02	   0.0000000e+00	
   8.2760000e+02	   0.0000000e+00	
   8.2780000e+02	   0.0000000e+00	
   8.2800000e+02	   0.0000000e+00	
   8.2820000e+02	   0.0000000e+00	
   8.2840000e+02	   0.0000000e+00	
   8.2860000e+02	   0.0000000e+00	
   8.2880000e+02	   0.0000000e+00	
   8.2900000e+02	   0.0000000e+00	
   8.2920000e+02	   0.0000000e+00	
   8.2940000e+02	   0.0000000e+00	
   8.2960000e+02	   0.0000000e+00	
   8.2980000e+02	   0.0000000e+00	
   8.3000000e+02	   0.0000000e+00	
   8.3020000e+02	   0.0000000e+00	
   8.3040000e+02	   0.0000000e+00	
   8.3060000e+02	   0.0000000e+00	
   8.3080000e+02	   0.0000000e+00	
   8.3100000e+02	   0.0000000e+00	
   8.3120000e+02	   0.0000000e+00	
   8.3140000e+02	   0.0000000e+00	
   8.3160000e+02	   0.0000000e+00	
   8.3180000e+02	   0.0000000e+00	
   8.3200000e+02	   0.0000000e+00	
   8.3220000e+02	   0.0000000e+00	
   8.3240000e+02	   0.0000000e+00	
   8.3260000e+02	   0.0000000e+00	
   8.3280000e+02	   0.0000000e+00	
   8.3300000e+02	   0.0000000e+00	
   8.3320000e+02	   0.0000000e+00	
   8.3340000e+02	   0.0000000e+00	
   8.3360000e+02	   0.0000000e+00	
   8.3380000e+02	   0.0000000e+00	
   8.3400000e+02	   0.0000000e+00	
   8.3420000e+02	   0.0000000e+00	
   8.3440000e+02	   0.0000000e+00	
   8.3460000e+02	   0.0000000e+00	
   8.3480000e+02	   0.0000000e+00	
   8.3500000e+02	   0.0000000e+00	
   8.3520000e+02	   0.0000000e+00	
   8.3540000e+02	   0.0000000e+00	
   8.3560000e+02	   0.0000000e+00	
   8.3580000e+02	   0.0000000e+00	
   8.3600000e+02	   0.0000000e+00	
   8.3620000e+02	   0.0000000e+00	
   8.3640000e+02	   0.0000000e+00	
   8.3660000e+02	   0.0000000e+00	
   8.3680000e+02	   0.0000000e+00	
   8.3700000e+02	   0.0000000e+00	
   8.3720000e+02	   0.0000000e+00	
   8.3740000e+02	   0.0000000e+00	
   8.3760000e+02	   0.0000000e+00	
   8.3780000e+02	   0.0000000e+00	
   8.3800000e+02	   0.0000000e+00	
   8.3820000e+02	   0.0000000e+00	
   8.3840000e+02	   0.0000000e+00	
   8.3860000e+02	   0.0000000e+00	
   8.3880000e+02	   0.0000000e+00	
   8.3900000e+02	   0.0000000e+00	
   8.3920000e+02	   0.0000000e+00	
   8.3940000e+02	   0.0000000e+00	
   8.3960000e+02	   0.0000000e+00	
   8.3980000e+02	   0.0000000e+00	
   8.4000000e+02	   0.0000000e+00	
   8.4020000e+02	   0.0000000e+00	
   8.4040000e+02	   0.0000000e+00	
   8.4060000e+02	   0.0000000e+00	
   8.4080000e+02	   0.0000000e+00	
   8.4100000e+02	   0.0000000e+00	
   8.4120000e+02	   0.0000000e+00	
   8.4140000e+02	   0.0000000e+00	
   8.4160000e+02	   0.0000000e+00	
   8.4180000e+02	   0.0000000e+00	
   8.4200000e+02	   0.0000000e+00	
   8.4220000e+02	   0.0000000e+00	
   8.4240000e+02	   0.0000000e+00	
   8.4260000e+02	   0.0000000e+00	
   8.4280000e+02	   0.0000000e+00	
   8.4300000e+02	   0.0000000e+00	
   8.4320000e+02	   0.0000000e+00	
   8.4340000e+02	   0.0000000e+00	
   8.4360000e+02	   0.0000000e+00	
   8.4380000e+02	   0.0000000e+00	
   8.4400000e+02	   0.0000000e+00	
   8.4420000e+02	   0.0000000e+00	
   8.4440000e+02	   0.0000000e+00	
   8.4460000e+02	   0.0000000e+00	
   8.4480000e+02	   0.0000000e+00	
   8.4500000e+02	   0.0000000e+00	
   8.4520000e+02	   0.0000000e+00	
   8.4540000e+02	   0.0000000e+00	
   8.4560000e+02	   0.0000000e+00	
   8.4580000e+02	   0.0000000e+00	
   8.4600000e+02	   0.0000000e+00	
   8.4620000e+02	   0.0000000e+00	
   8.4640000e+02	   0.0000000e+00	
   8.4660000e+02	   0.0000000e+00	
   8.4680000e+02	   0.0000000e+00	
   8.4700000e+02	   0.0000000e+00	
   8.4720000e+02	   0.0000000e+00	
   8.4740000e+02	   0.0000000e+00	
   8.4760000e+02	   0.0000000e+00	
   8.4780000e+02	   0.0000000e+00	
   8.4800000e+02	   0.0000000e+00	
   8.4820000e+02	   0.0000000e+00	
   8.4840000e+02	   0.0000000e+00	
   8.4860000e+02	   0.0000000e+00	
   8.4880000e+02	   0.0000000e+00	
   8.4900000e+02	   0.0000000e+00	
   8.4920000e+02	   0.0000000e+00	
   8.4940000e+02	   0.0000000e+00	
   8.4960000e+02	   0.0000000e+00	
   8.4980000e+02	   0.0000000e+00	
   8.5000000e+02	   0.0000000e+00	
   8.5020000e+02	   0.0000000e+00	
   8.5040000e+02	   0.0000000e+00	
   8.5060000e+02	   0.0000000e+00	
   8.5080000e+02	   0.0000000e+00	
   8.5100000e+02	   0.0000000e+00	
   8.5120000e+02	   0.0000000e+00	
   8.5140000e+02	   0.0000000e+00	
   8.5160000e+02	   0.0000000e+00	
   8.5180000e+02	   0.0000000e+00	
   8.5200000e+02	   0.0000000e+00	
   8.5220000e+02	   0.0000000e+00	
   8.5240000e+02	   0.0000000e+00	
   8.5260000e+02	   0.0000000e+00	
   8.5280000e+02	   0.0000000e+00	
   8.5300000e+02	   0.0000000e+00	
   8.5320000e+02	   0.0000000e+00	
   8.5340000e+02	   0.0000000e+00	
   8.5360000e+02	   0.0000000e+00	
   8.5380000e+02	   0.0000000e+00	
   8.5400000e+02	   0.0000000e+00	
   8.5420000e+02	   0.0000000e+00	
   8.5440000e+02	   0.0000000e+00	
   8.5460000e+02	   0.0000000e+00	
   8.5480000e+02	   0.0000000e+00	
   8.5500000e+02	   0.0000000e+00	
   8.5520000e+02	   0.0000000e+00	
   8.5540000e+02	   0.0000000e+00	
   8.5560000e+02	   0.0000000e+00	
   8.5580000e+02	   0.0000000e+00	
   8.5600000e+02	   0.0000000e+00	
   8.5620000e+02	   0.0000000e+00	
   8.5640000e+02	   0.0000000e+00	
   8.5660000e+02	   0.0000000e+00	
   8.5680000e+02	   0.0000000e+00	
   8.5700000e+02	   0.0000000e+00	
   8.5720000e+02	   0.0000000e+00	
   8.5740000e+02	   0.0000000e+00	
   8.5760000e+02	   0.0000000e+00	
   8.5780000e+02	   0.0000000e+00	
   8.5800000e+02	   0.0000000e+00	
   8.5820000e+02	   0.0000000e+00	
   8.5840000e+02	   0.0000000e+00	
   8.5860000e+02	   0.0000000e+00	
   8.5880000e+02	   0.0000000e+00	
   8.5900000e+02	   0.0000000e+00	
   8.5920000e+02	   0.0000000e+00	
   8.5940000e+02	   0.0000000e+00	
   8.5960000e+02	   0.0000000e+00	
   8.5980000e+02	   0.0000000e+00	
   8.6000000e+02	   0.0000000e+00	
   8.6020000e+02	   0.0000000e+00	
   8.6040000e+02	   0.0000000e+00	
   8.6060000e+02	   0.0000000e+00	
   8.6080000e+02	   0.0000000e+00	
   8.6100000e+02	   0.0000000e+00	
   8.6120000e+02	   0.0000000e+00	
   8.6140000e+02	   0.0000000e+00	
   8.6160000e+02	   0.0000000e+00	
   8.6180000e+02	   0.0000000e+00	
   8.6200000e+02	   0.0000000e+00	
   8.6220000e+02	   0.0000000e+00	
   8.6240000e+02	   0.0000000e+00	
   8.6260000e+02	   0.0000000e+00	
   8.6280000e+02	   0.0000000e+00	
   8.6300000e+02	   0.0000000e+00	
   8.6320000e+02	   0.0000000e+00	
   8.6340000e+02	   0.0000000e+00	
   8.6360000e+02	   0.0000000e+00	
   8.6380000e+02	   0.0000000e+00	
   8.6400000e+02	   0.0000000e+00	
   8.6420000e+02	   0.0000000e+00	
   8.6440000e+02	   0.0000000e+00	
   8.6460000e+02	   0.0000000e+00	
   8.6480000e+02	   0.0000000e+00	
   8.6500000e+02	   0.0000000e+00	
   8.6520000e+02	   0.0000000e+00	
   8.6540000e+02	   0.0000000e+00	
   8.6560000e+02	   0.0000000e+00	
   8.6580000e+02	   0.0000000e+00	
   8.6600000e+02	   0.0000000e+00	
   8.6620000e+02	   0.0000000e+00	
   8.6640000e+02	   0.0000000e+00	
   8.6660000e+02	   0.0000000e+00	
   8.6680000e+02	   0.0000000e+00	
   8.6700000e+02	   0.0000000e+00	
   8.6720000e+02	   0.0000000e+00	
   8.6740000e+02	   0.0000000e+00	
   8.6760000e+02	   0.0000000e+00	
   8.6780000e+02	   0.0000000e+00	
   8.6800000e+02	   0.0000000e+00	
   8.6820000e+02	   0.0000000e+00	
   8.6840000e+02	   0.0000000e+00	
   8.6860000e+02	   0.0000000e+00	
   8.6880000e+02	   0.0000000e+00	
   8.6900000e+02	   0.0000000e+00	
   8.6920000e+02	   0.0000000e+00	
   8.6940000e+02	   0.0000000e+00	
   8.6960000e+02	   0.0000000e+00	
   8.6980000e+02	   0.0000000e+00	
   8.7000000e+02	   0.0000000e+00	
