   3.0000000e+02	   1.3266600e-01	
   3.0020000e+02	   1.3342800e-01	
   3.0040000e+02	   1.3419200e-01	
   3.0060000e+02	   1.3495600e-01	
   3.0080000e+02	   1.3572200e-01	
   3.0100000e+02	   1.3648800e-01	
   3.0120000e+02	   1.3725600e-01	
   3.0140000e+02	   1.3802400e-01	
   3.0160000e+02	   1.3879400e-01	
   3.0180000e+02	   1.3956400e-01	
   3.0200000e+02	   1.4033600e-01	
   3.0220000e+02	   1.4110800e-01	
   3.0240000e+02	   1.4188100e-01	
   3.0260000e+02	   1.4265500e-01	
   3.0280000e+02	   1.4343000e-01	
   3.0300000e+02	   1.4420500e-01	
   3.0320000e+02	   1.4498100e-01	
   3.0340000e+02	   1.4575800e-01	
   3.0360000e+02	   1.4653500e-01	
   3.0380000e+02	   1.4731300e-01	
   3.0400000e+02	   1.4809200e-01	
   3.0420000e+02	   1.4887100e-01	
   3.0440000e+02	   1.4965100e-01	
   3.0460000e+02	   1.5043100e-01	
   3.0480000e+02	   1.5121100e-01	
   3.0500000e+02	   1.5199200e-01	
   3.0520000e+02	   1.5277400e-01	
   3.0540000e+02	   1.5355500e-01	
   3.0560000e+02	   1.5433700e-01	
   3.0580000e+02	   1.5511900e-01	
   3.0600000e+02	   1.5590100e-01	
   3.0620000e+02	   1.5668400e-01	
   3.0640000e+02	   1.5746700e-01	
   3.0660000e+02	   1.5824900e-01	
   3.0680000e+02	   1.5903200e-01	
   3.0700000e+02	   1.5981500e-01	
   3.0720000e+02	   1.6059800e-01	
   3.0740000e+02	   1.6138100e-01	
   3.0760000e+02	   1.6216400e-01	
   3.0780000e+02	   1.6294600e-01	
   3.0800000e+02	   1.6372900e-01	
   3.0820000e+02	   1.6451100e-01	
   3.0840000e+02	   1.6529300e-01	
   3.0860000e+02	   1.6607500e-01	
   3.0880000e+02	   1.6685700e-01	
   3.0900000e+02	   1.6763800e-01	
   3.0920000e+02	   1.6841900e-01	
   3.0940000e+02	   1.6919900e-01	
   3.0960000e+02	   1.6997900e-01	
   3.0980000e+02	   1.7075900e-01	
   3.1000000e+02	   1.7153700e-01	
   3.1020000e+02	   1.7231600e-01	
   3.1040000e+02	   1.7309400e-01	
   3.1060000e+02	   1.7387100e-01	
   3.1080000e+02	   1.7464700e-01	
   3.1100000e+02	   1.7542300e-01	
   3.1120000e+02	   1.7619800e-01	
   3.1140000e+02	   1.7697200e-01	
   3.1160000e+02	   1.7774500e-01	
   3.1180000e+02	   1.7851700e-01	
   3.1200000e+02	   1.7928900e-01	
   3.1220000e+02	   1.8005900e-01	
   3.1240000e+02	   1.8082800e-01	
   3.1260000e+02	   1.8159700e-01	
   3.1280000e+02	   1.8236400e-01	
   3.1300000e+02	   1.8313000e-01	
   3.1320000e+02	   1.8389500e-01	
   3.1340000e+02	   1.8465900e-01	
   3.1360000e+02	   1.8542100e-01	
   3.1380000e+02	   1.8618200e-01	
   3.1400000e+02	   1.8694200e-01	
   3.1420000e+02	   1.8770100e-01	
   3.1440000e+02	   1.8845800e-01	
   3.1460000e+02	   1.8921300e-01	
   3.1480000e+02	   1.8996800e-01	
   3.1500000e+02	   1.9072000e-01	
   3.1520000e+02	   1.9147100e-01	
   3.1540000e+02	   1.9222100e-01	
   3.1560000e+02	   1.9296800e-01	
   3.1580000e+02	   1.9371400e-01	
   3.1600000e+02	   1.9445800e-01	
   3.1620000e+02	   1.9520100e-01	
   3.1640000e+02	   1.9594200e-01	
   3.1660000e+02	   1.9668000e-01	
   3.1680000e+02	   1.9741700e-01	
   3.1700000e+02	   1.9815200e-01	
   3.1720000e+02	   1.9888500e-01	
   3.1740000e+02	   1.9961600e-01	
   3.1760000e+02	   2.0034500e-01	
   3.1780000e+02	   2.0107100e-01	
   3.1800000e+02	   2.0179600e-01	
   3.1820000e+02	   2.0251800e-01	
   3.1840000e+02	   2.0323800e-01	
   3.1860000e+02	   2.0395600e-01	
   3.1880000e+02	   2.0467200e-01	
   3.1900000e+02	   2.0538500e-01	
   3.1920000e+02	   2.0609600e-01	
   3.1940000e+02	   2.0680400e-01	
   3.1960000e+02	   2.0751000e-01	
   3.1980000e+02	   2.0821300e-01	
   3.2000000e+02	   2.0891400e-01	
   3.2020000e+02	   2.0961200e-01	
   3.2040000e+02	   2.1030700e-01	
   3.2060000e+02	   2.1100000e-01	
   3.2080000e+02	   2.1169000e-01	
   3.2100000e+02	   2.1237800e-01	
   3.2120000e+02	   2.1306200e-01	
   3.2140000e+02	   2.1374400e-01	
   3.2160000e+02	   2.1442300e-01	
   3.2180000e+02	   2.1509900e-01	
   3.2200000e+02	   2.1577100e-01	
   3.2220000e+02	   2.1644100e-01	
   3.2240000e+02	   2.1710800e-01	
   3.2260000e+02	   2.1777200e-01	
   3.2280000e+02	   2.1843300e-01	
   3.2300000e+02	   2.1909000e-01	
   3.2320000e+02	   2.1974500e-01	
   3.2340000e+02	   2.2039600e-01	
   3.2360000e+02	   2.2104400e-01	
   3.2380000e+02	   2.2168800e-01	
   3.2400000e+02	   2.2232900e-01	
   3.2420000e+02	   2.2296700e-01	
   3.2440000e+02	   2.2360200e-01	
   3.2460000e+02	   2.2423300e-01	
   3.2480000e+02	   2.2486000e-01	
   3.2500000e+02	   2.2548400e-01	
   3.2520000e+02	   2.2610400e-01	
   3.2540000e+02	   2.2672100e-01	
   3.2560000e+02	   2.2733400e-01	
   3.2580000e+02	   2.2794400e-01	
   3.2600000e+02	   2.2854900e-01	
   3.2620000e+02	   2.2915100e-01	
   3.2640000e+02	   2.2975000e-01	
   3.2660000e+02	   2.3034400e-01	
   3.2680000e+02	   2.3093400e-01	
   3.2700000e+02	   2.3152100e-01	
   3.2720000e+02	   2.3210400e-01	
   3.2740000e+02	   2.3268300e-01	
   3.2760000e+02	   2.3325700e-01	
   3.2780000e+02	   2.3382800e-01	
   3.2800000e+02	   2.3439500e-01	
   3.2820000e+02	   2.3495700e-01	
   3.2840000e+02	   2.3551600e-01	
   3.2860000e+02	   2.3607000e-01	
   3.2880000e+02	   2.3662000e-01	
   3.2900000e+02	   2.3716600e-01	
   3.2920000e+02	   2.3770800e-01	
   3.2940000e+02	   2.3824500e-01	
   3.2960000e+02	   2.3877800e-01	
   3.2980000e+02	   2.3930700e-01	
   3.3000000e+02	   2.3983100e-01	
   3.3020000e+02	   2.4035100e-01	
   3.3040000e+02	   2.4086700e-01	
   3.3060000e+02	   2.4137800e-01	
   3.3080000e+02	   2.4188400e-01	
   3.3100000e+02	   2.4238600e-01	
   3.3120000e+02	   2.4288400e-01	
   3.3140000e+02	   2.4337700e-01	
   3.3160000e+02	   2.4386500e-01	
   3.3180000e+02	   2.4434900e-01	
   3.3200000e+02	   2.4482800e-01	
   3.3220000e+02	   2.4530200e-01	
   3.3240000e+02	   2.4577200e-01	
   3.3260000e+02	   2.4623600e-01	
   3.3280000e+02	   2.4669600e-01	
   3.3300000e+02	   2.4715200e-01	
   3.3320000e+02	   2.4760200e-01	
   3.3340000e+02	   2.4804800e-01	
   3.3360000e+02	   2.4848800e-01	
   3.3380000e+02	   2.4892400e-01	
   3.3400000e+02	   2.4935500e-01	
   3.3420000e+02	   2.4978100e-01	
   3.3440000e+02	   2.5020200e-01	
   3.3460000e+02	   2.5061800e-01	
   3.3480000e+02	   2.5102900e-01	
   3.3500000e+02	   2.5143500e-01	
   3.3520000e+02	   2.5183600e-01	
   3.3540000e+02	   2.5223200e-01	
   3.3560000e+02	   2.5262300e-01	
   3.3580000e+02	   2.5300800e-01	
   3.3600000e+02	   2.5338900e-01	
   3.3620000e+02	   2.5376400e-01	
   3.3640000e+02	   2.5413500e-01	
   3.3660000e+02	   2.5450000e-01	
   3.3680000e+02	   2.5485900e-01	
   3.3700000e+02	   2.5521400e-01	
   3.3720000e+02	   2.5556300e-01	
   3.3740000e+02	   2.5590700e-01	
   3.3760000e+02	   2.5624600e-01	
   3.3780000e+02	   2.5658000e-01	
   3.3800000e+02	   2.5690800e-01	
   3.3820000e+02	   2.5723100e-01	
   3.3840000e+02	   2.5754900e-01	
   3.3860000e+02	   2.5786100e-01	
   3.3880000e+02	   2.5816800e-01	
   3.3900000e+02	   2.5846900e-01	
   3.3920000e+02	   2.5876500e-01	
   3.3940000e+02	   2.5905600e-01	
   3.3960000e+02	   2.5934100e-01	
   3.3980000e+02	   2.5962100e-01	
   3.4000000e+02	   2.5989600e-01	
   3.4020000e+02	   2.6016500e-01	
   3.4040000e+02	   2.6042800e-01	
   3.4060000e+02	   2.6068600e-01	
   3.4080000e+02	   2.6093900e-01	
   3.4100000e+02	   2.6118600e-01	
   3.4120000e+02	   2.6142800e-01	
   3.4140000e+02	   2.6166400e-01	
   3.4160000e+02	   2.6189500e-01	
   3.4180000e+02	   2.6212000e-01	
   3.4200000e+02	   2.6234000e-01	
   3.4220000e+02	   2.6255400e-01	
   3.4240000e+02	   2.6276200e-01	
   3.4260000e+02	   2.6296600e-01	
   3.4280000e+02	   2.6316300e-01	
   3.4300000e+02	   2.6335500e-01	
   3.4320000e+02	   2.6354200e-01	
   3.4340000e+02	   2.6372300e-01	
   3.4360000e+02	   2.6389800e-01	
   3.4380000e+02	   2.6406800e-01	
   3.4400000e+02	   2.6423200e-01	
   3.4420000e+02	   2.6439100e-01	
   3.4440000e+02	   2.6454500e-01	
   3.4460000e+02	   2.6469200e-01	
   3.4480000e+02	   2.6483500e-01	
   3.4500000e+02	   2.6497100e-01	
   3.4520000e+02	   2.6510200e-01	
   3.4540000e+02	   2.6522800e-01	
   3.4560000e+02	   2.6534800e-01	
   3.4580000e+02	   2.6546300e-01	
   3.4600000e+02	   2.6557200e-01	
   3.4620000e+02	   2.6567500e-01	
   3.4640000e+02	   2.6577300e-01	
   3.4660000e+02	   2.6586600e-01	
   3.4680000e+02	   2.6595300e-01	
   3.4700000e+02	   2.6603400e-01	
   3.4720000e+02	   2.6611000e-01	
   3.4740000e+02	   2.6618100e-01	
   3.4760000e+02	   2.6624600e-01	
   3.4780000e+02	   2.6630600e-01	
   3.4800000e+02	   2.6636000e-01	
   3.4820000e+02	   2.6640900e-01	
   3.4840000e+02	   2.6645200e-01	
   3.4860000e+02	   2.6649000e-01	
   3.4880000e+02	   2.6652200e-01	
   3.4900000e+02	   2.6655000e-01	
   3.4920000e+02	   2.6657100e-01	
   3.4940000e+02	   2.6658800e-01	
   3.4960000e+02	   2.6659900e-01	
   3.4980000e+02	   2.6660400e-01	
   3.5000000e+02	   2.6660500e-01	
   3.5020000e+02	   2.6660000e-01	
   3.5040000e+02	   2.6659000e-01	
   3.5060000e+02	   2.6657400e-01	
   3.5080000e+02	   2.6655400e-01	
   3.5100000e+02	   2.6652800e-01	
   3.5120000e+02	   2.6649700e-01	
   3.5140000e+02	   2.6646000e-01	
   3.5160000e+02	   2.6641900e-01	
   3.5180000e+02	   2.6637200e-01	
   3.5200000e+02	   2.6632000e-01	
   3.5220000e+02	   2.6626300e-01	
   3.5240000e+02	   2.6620100e-01	
   3.5260000e+02	   2.6613400e-01	
   3.5280000e+02	   2.6606200e-01	
   3.5300000e+02	   2.6598500e-01	
   3.5320000e+02	   2.6590300e-01	
   3.5340000e+02	   2.6581500e-01	
   3.5360000e+02	   2.6572300e-01	
   3.5380000e+02	   2.6562600e-01	
   3.5400000e+02	   2.6552400e-01	
   3.5420000e+02	   2.6541700e-01	
   3.5440000e+02	   2.6530600e-01	
   3.5460000e+02	   2.6518900e-01	
   3.5480000e+02	   2.6506800e-01	
   3.5500000e+02	   2.6494200e-01	
   3.5520000e+02	   2.6481100e-01	
   3.5540000e+02	   2.6467500e-01	
   3.5560000e+02	   2.6453500e-01	
   3.5580000e+02	   2.6439000e-01	
   3.5600000e+02	   2.6424100e-01	
   3.5620000e+02	   2.6408600e-01	
   3.5640000e+02	   2.6392800e-01	
   3.5660000e+02	   2.6376400e-01	
   3.5680000e+02	   2.6359700e-01	
   3.5700000e+02	   2.6342500e-01	
   3.5720000e+02	   2.6324800e-01	
   3.5740000e+02	   2.6306700e-01	
   3.5760000e+02	   2.6288200e-01	
   3.5780000e+02	   2.6269200e-01	
   3.5800000e+02	   2.6249800e-01	
   3.5820000e+02	   2.6230000e-01	
   3.5840000e+02	   2.6209700e-01	
   3.5860000e+02	   2.6189100e-01	
   3.5880000e+02	   2.6168000e-01	
   3.5900000e+02	   2.6146500e-01	
   3.5920000e+02	   2.6124600e-01	
   3.5940000e+02	   2.6102300e-01	
   3.5960000e+02	   2.6079600e-01	
   3.5980000e+02	   2.6056500e-01	
   3.6000000e+02	   2.6033000e-01	
   3.6020000e+02	   2.6009200e-01	
   3.6040000e+02	   2.5984900e-01	
   3.6060000e+02	   2.5960300e-01	
   3.6080000e+02	   2.5935300e-01	
   3.6100000e+02	   2.5909900e-01	
   3.6120000e+02	   2.5884200e-01	
   3.6140000e+02	   2.5858000e-01	
   3.6160000e+02	   2.5831600e-01	
   3.6180000e+02	   2.5804800e-01	
   3.6200000e+02	   2.5777600e-01	
   3.6220000e+02	   2.5750100e-01	
   3.6240000e+02	   2.5722200e-01	
   3.6260000e+02	   2.5694100e-01	
   3.6280000e+02	   2.5665600e-01	
   3.6300000e+02	   2.5636700e-01	
   3.6320000e+02	   2.5607600e-01	
   3.6340000e+02	   2.5578100e-01	
   3.6360000e+02	   2.5548300e-01	
   3.6380000e+02	   2.5518200e-01	
   3.6400000e+02	   2.5487800e-01	
   3.6420000e+02	   2.5457100e-01	
   3.6440000e+02	   2.5426100e-01	
   3.6460000e+02	   2.5394800e-01	
   3.6480000e+02	   2.5363300e-01	
   3.6500000e+02	   2.5331500e-01	
   3.6520000e+02	   2.5299300e-01	
   3.6540000e+02	   2.5267000e-01	
   3.6560000e+02	   2.5234300e-01	
   3.6580000e+02	   2.5201400e-01	
   3.6600000e+02	   2.5168300e-01	
   3.6620000e+02	   2.5134900e-01	
   3.6640000e+02	   2.5101300e-01	
   3.6660000e+02	   2.5067400e-01	
   3.6680000e+02	   2.5033300e-01	
   3.6700000e+02	   2.4999000e-01	
   3.6720000e+02	   2.4964500e-01	
   3.6740000e+02	   2.4929700e-01	
   3.6760000e+02	   2.4894800e-01	
   3.6780000e+02	   2.4859600e-01	
   3.6800000e+02	   2.4824200e-01	
   3.6820000e+02	   2.4788700e-01	
   3.6840000e+02	   2.4752900e-01	
   3.6860000e+02	   2.4717000e-01	
   3.6880000e+02	   2.4680900e-01	
   3.6900000e+02	   2.4644700e-01	
   3.6920000e+02	   2.4608200e-01	
   3.6940000e+02	   2.4571600e-01	
   3.6960000e+02	   2.4534900e-01	
   3.6980000e+02	   2.4498000e-01	
   3.7000000e+02	   2.4461000e-01	
   3.7020000e+02	   2.4423800e-01	
   3.7040000e+02	   2.4386500e-01	
   3.7060000e+02	   2.4349100e-01	
   3.7080000e+02	   2.4311600e-01	
   3.7100000e+02	   2.4274000e-01	
   3.7120000e+02	   2.4236200e-01	
   3.7140000e+02	   2.4198400e-01	
   3.7160000e+02	   2.4160400e-01	
   3.7180000e+02	   2.4122400e-01	
   3.7200000e+02	   2.4084300e-01	
   3.7220000e+02	   2.4046200e-01	
   3.7240000e+02	   2.4007900e-01	
   3.7260000e+02	   2.3969600e-01	
   3.7280000e+02	   2.3931200e-01	
   3.7300000e+02	   2.3892800e-01	
   3.7320000e+02	   2.3854400e-01	
   3.7340000e+02	   2.3815900e-01	
   3.7360000e+02	   2.3777300e-01	
   3.7380000e+02	   2.3738800e-01	
   3.7400000e+02	   2.3700200e-01	
   3.7420000e+02	   2.3661700e-01	
   3.7440000e+02	   2.3623100e-01	
   3.7460000e+02	   2.3584500e-01	
   3.7480000e+02	   2.3545900e-01	
   3.7500000e+02	   2.3507300e-01	
   3.7520000e+02	   2.3468800e-01	
   3.7540000e+02	   2.3430300e-01	
   3.7560000e+02	   2.3391800e-01	
   3.7580000e+02	   2.3353300e-01	
   3.7600000e+02	   2.3314900e-01	
   3.7620000e+02	   2.3276600e-01	
   3.7640000e+02	   2.3238300e-01	
   3.7660000e+02	   2.3200100e-01	
   3.7680000e+02	   2.3161900e-01	
   3.7700000e+02	   2.3123800e-01	
   3.7720000e+02	   2.3085800e-01	
   3.7740000e+02	   2.3047900e-01	
   3.7760000e+02	   2.3010100e-01	
   3.7780000e+02	   2.2972400e-01	
   3.7800000e+02	   2.2934800e-01	
   3.7820000e+02	   2.2897300e-01	
   3.7840000e+02	   2.2860000e-01	
   3.7860000e+02	   2.2822800e-01	
   3.7880000e+02	   2.2785700e-01	
   3.7900000e+02	   2.2748700e-01	
   3.7920000e+02	   2.2711900e-01	
   3.7940000e+02	   2.2675300e-01	
   3.7960000e+02	   2.2638800e-01	
   3.7980000e+02	   2.2602500e-01	
   3.8000000e+02	   2.2566400e-01	
   3.8020000e+02	   2.2530500e-01	
   3.8040000e+02	   2.2494700e-01	
   3.8060000e+02	   2.2459200e-01	
   3.8080000e+02	   2.2423800e-01	
   3.8100000e+02	   2.2388700e-01	
   3.8120000e+02	   2.2353700e-01	
   3.8140000e+02	   2.2319000e-01	
   3.8160000e+02	   2.2284600e-01	
   3.8180000e+02	   2.2250300e-01	
   3.8200000e+02	   2.2216300e-01	
   3.8220000e+02	   2.2182600e-01	
   3.8240000e+02	   2.2149100e-01	
   3.8260000e+02	   2.2115900e-01	
   3.8280000e+02	   2.2082900e-01	
   3.8300000e+02	   2.2050300e-01	
   3.8320000e+02	   2.2017900e-01	
   3.8340000e+02	   2.1985800e-01	
   3.8360000e+02	   2.1953900e-01	
   3.8380000e+02	   2.1922400e-01	
   3.8400000e+02	   2.1891200e-01	
   3.8420000e+02	   2.1860400e-01	
   3.8440000e+02	   2.1829800e-01	
   3.8460000e+02	   2.1799600e-01	
   3.8480000e+02	   2.1769700e-01	
   3.8500000e+02	   2.1740200e-01	
   3.8520000e+02	   2.1711000e-01	
   3.8540000e+02	   2.1682100e-01	
   3.8560000e+02	   2.1653600e-01	
   3.8580000e+02	   2.1625500e-01	
   3.8600000e+02	   2.1597800e-01	
   3.8620000e+02	   2.1570500e-01	
   3.8640000e+02	   2.1543500e-01	
   3.8660000e+02	   2.1516900e-01	
   3.8680000e+02	   2.1490800e-01	
   3.8700000e+02	   2.1465000e-01	
   3.8720000e+02	   2.1439700e-01	
   3.8740000e+02	   2.1414800e-01	
   3.8760000e+02	   2.1390300e-01	
   3.8780000e+02	   2.1366200e-01	
   3.8800000e+02	   2.1342600e-01	
   3.8820000e+02	   2.1319400e-01	
   3.8840000e+02	   2.1296700e-01	
   3.8860000e+02	   2.1274500e-01	
   3.8880000e+02	   2.1252700e-01	
   3.8900000e+02	   2.1231400e-01	
   3.8920000e+02	   2.1210600e-01	
   3.8940000e+02	   2.1190200e-01	
   3.8960000e+02	   2.1170400e-01	
   3.8980000e+02	   2.1151000e-01	
   3.9000000e+02	   2.1132200e-01	
   3.9020000e+02	   2.1113900e-01	
   3.9040000e+02	   2.1096100e-01	
   3.9060000e+02	   2.1078800e-01	
   3.9080000e+02	   2.1062000e-01	
   3.9100000e+02	   2.1045800e-01	
   3.9120000e+02	   2.1030100e-01	
   3.9140000e+02	   2.1015000e-01	
   3.9160000e+02	   2.1000400e-01	
   3.9180000e+02	   2.0986400e-01	
   3.9200000e+02	   2.0973000e-01	
   3.9220000e+02	   2.0960100e-01	
   3.9240000e+02	   2.0947800e-01	
   3.9260000e+02	   2.0936100e-01	
   3.9280000e+02	   2.0925000e-01	
   3.9300000e+02	   2.0914500e-01	
   3.9320000e+02	   2.0904600e-01	
   3.9340000e+02	   2.0895300e-01	
   3.9360000e+02	   2.0886600e-01	
   3.9380000e+02	   2.0878600e-01	
   3.9400000e+02	   2.0871100e-01	
   3.9420000e+02	   2.0864400e-01	
   3.9440000e+02	   2.0858200e-01	
   3.9460000e+02	   2.0852700e-01	
   3.9480000e+02	   2.0847900e-01	
   3.9500000e+02	   2.0843700e-01	
   3.9520000e+02	   2.0840100e-01	
   3.9540000e+02	   2.0837300e-01	
   3.9560000e+02	   2.0835100e-01	
   3.9580000e+02	   2.0833600e-01	
   3.9600000e+02	   2.0832800e-01	
   3.9620000e+02	   2.0832600e-01	
   3.9640000e+02	   2.0833200e-01	
   3.9660000e+02	   2.0834500e-01	
   3.9680000e+02	   2.0836500e-01	
   3.9700000e+02	   2.0839200e-01	
   3.9720000e+02	   2.0842600e-01	
   3.9740000e+02	   2.0846700e-01	
   3.9760000e+02	   2.0851600e-01	
   3.9780000e+02	   2.0857200e-01	
   3.9800000e+02	   2.0863600e-01	
   3.9820000e+02	   2.0870700e-01	
   3.9840000e+02	   2.0878500e-01	
   3.9860000e+02	   2.0887100e-01	
   3.9880000e+02	   2.0896500e-01	
   3.9900000e+02	   2.0906700e-01	
   3.9920000e+02	   2.0917600e-01	
   3.9940000e+02	   2.0929300e-01	
   3.9960000e+02	   2.0941800e-01	
   3.9980000e+02	   2.0955000e-01	
   4.0000000e+02	   2.0969100e-01	
   4.0020000e+02	   2.0984000e-01	
   4.0040000e+02	   2.0999600e-01	
   4.0060000e+02	   2.1016100e-01	
   4.0080000e+02	   2.1033400e-01	
   4.0100000e+02	   2.1051500e-01	
   4.0120000e+02	   2.1070400e-01	
   4.0140000e+02	   2.1090200e-01	
   4.0160000e+02	   2.1110800e-01	
   4.0180000e+02	   2.1132200e-01	
   4.0200000e+02	   2.1154500e-01	
   4.0220000e+02	   2.1177600e-01	
   4.0240000e+02	   2.1201600e-01	
   4.0260000e+02	   2.1226400e-01	
   4.0280000e+02	   2.1252100e-01	
   4.0300000e+02	   2.1278700e-01	
   4.0320000e+02	   2.1306100e-01	
   4.0340000e+02	   2.1334400e-01	
   4.0360000e+02	   2.1363600e-01	
   4.0380000e+02	   2.1393700e-01	
   4.0400000e+02	   2.1424600e-01	
   4.0420000e+02	   2.1456500e-01	
   4.0440000e+02	   2.1489200e-01	
   4.0460000e+02	   2.1522900e-01	
   4.0480000e+02	   2.1557400e-01	
   4.0500000e+02	   2.1592900e-01	
   4.0520000e+02	   2.1629200e-01	
   4.0540000e+02	   2.1666500e-01	
   4.0560000e+02	   2.1704700e-01	
   4.0580000e+02	   2.1743900e-01	
   4.0600000e+02	   2.1783900e-01	
   4.0620000e+02	   2.1824900e-01	
   4.0640000e+02	   2.1866800e-01	
   4.0660000e+02	   2.1909700e-01	
   4.0680000e+02	   2.1953500e-01	
   4.0700000e+02	   2.1998300e-01	
   4.0720000e+02	   2.2044000e-01	
   4.0740000e+02	   2.2090700e-01	
   4.0760000e+02	   2.2138300e-01	
   4.0780000e+02	   2.2186900e-01	
   4.0800000e+02	   2.2236400e-01	
   4.0820000e+02	   2.2286900e-01	
   4.0840000e+02	   2.2338400e-01	
   4.0860000e+02	   2.2390900e-01	
   4.0880000e+02	   2.2444300e-01	
   4.0900000e+02	   2.2498800e-01	
   4.0920000e+02	   2.2554200e-01	
   4.0940000e+02	   2.2610600e-01	
   4.0960000e+02	   2.2668000e-01	
   4.0980000e+02	   2.2726300e-01	
   4.1000000e+02	   2.2785700e-01	
   4.1020000e+02	   2.2846100e-01	
   4.1040000e+02	   2.2907500e-01	
   4.1060000e+02	   2.2969900e-01	
   4.1080000e+02	   2.3033200e-01	
   4.1100000e+02	   2.3097600e-01	
   4.1120000e+02	   2.3163100e-01	
   4.1140000e+02	   2.3229500e-01	
   4.1160000e+02	   2.3296900e-01	
   4.1180000e+02	   2.3365400e-01	
   4.1200000e+02	   2.3434900e-01	
   4.1220000e+02	   2.3505400e-01	
   4.1240000e+02	   2.3577000e-01	
   4.1260000e+02	   2.3649500e-01	
   4.1280000e+02	   2.3723200e-01	
   4.1300000e+02	   2.3797800e-01	
   4.1320000e+02	   2.3873500e-01	
   4.1340000e+02	   2.3950200e-01	
   4.1360000e+02	   2.4027900e-01	
   4.1380000e+02	   2.4106700e-01	
   4.1400000e+02	   2.4186600e-01	
   4.1420000e+02	   2.4267500e-01	
   4.1440000e+02	   2.4349400e-01	
   4.1460000e+02	   2.4432400e-01	
   4.1480000e+02	   2.4516400e-01	
   4.1500000e+02	   2.4601500e-01	
   4.1520000e+02	   2.4687700e-01	
   4.1540000e+02	   2.4774900e-01	
   4.1560000e+02	   2.4863100e-01	
   4.1580000e+02	   2.4952500e-01	
   4.1600000e+02	   2.5042800e-01	
   4.1620000e+02	   2.5134300e-01	
   4.1640000e+02	   2.5226800e-01	
   4.1660000e+02	   2.5320300e-01	
   4.1680000e+02	   2.5415000e-01	
   4.1700000e+02	   2.5510700e-01	
   4.1720000e+02	   2.5607400e-01	
   4.1740000e+02	   2.5705300e-01	
   4.1760000e+02	   2.5804200e-01	
   4.1780000e+02	   2.5904100e-01	
   4.1800000e+02	   2.6005200e-01	
   4.1820000e+02	   2.6107300e-01	
   4.1840000e+02	   2.6210500e-01	
   4.1860000e+02	   2.6314700e-01	
   4.1880000e+02	   2.6420000e-01	
   4.1900000e+02	   2.6526400e-01	
   4.1920000e+02	   2.6633900e-01	
   4.1940000e+02	   2.6742400e-01	
   4.1960000e+02	   2.6852000e-01	
   4.1980000e+02	   2.6962700e-01	
   4.2000000e+02	   2.7074500e-01	
   4.2020000e+02	   2.7187300e-01	
   4.2040000e+02	   2.7301200e-01	
   4.2060000e+02	   2.7416200e-01	
   4.2080000e+02	   2.7532200e-01	
   4.2100000e+02	   2.7649400e-01	
   4.2120000e+02	   2.7767600e-01	
   4.2140000e+02	   2.7886800e-01	
   4.2160000e+02	   2.8007200e-01	
   4.2180000e+02	   2.8128600e-01	
   4.2200000e+02	   2.8251100e-01	
   4.2220000e+02	   2.8374600e-01	
   4.2240000e+02	   2.8499300e-01	
   4.2260000e+02	   2.8625000e-01	
   4.2280000e+02	   2.8751700e-01	
   4.2300000e+02	   2.8879600e-01	
   4.2320000e+02	   2.9008500e-01	
   4.2340000e+02	   2.9138400e-01	
   4.2360000e+02	   2.9269400e-01	
   4.2380000e+02	   2.9401500e-01	
   4.2400000e+02	   2.9534700e-01	
   4.2420000e+02	   2.9668900e-01	
   4.2440000e+02	   2.9804200e-01	
   4.2460000e+02	   2.9940500e-01	
   4.2480000e+02	   3.0077900e-01	
   4.2500000e+02	   3.0216300e-01	
   4.2520000e+02	   3.0355800e-01	
   4.2540000e+02	   3.0496400e-01	
   4.2560000e+02	   3.0638000e-01	
   4.2580000e+02	   3.0780600e-01	
   4.2600000e+02	   3.0924300e-01	
   4.2620000e+02	   3.1069000e-01	
   4.2640000e+02	   3.1214800e-01	
   4.2660000e+02	   3.1361600e-01	
   4.2680000e+02	   3.1509500e-01	
   4.2700000e+02	   3.1658400e-01	
   4.2720000e+02	   3.1808300e-01	
   4.2740000e+02	   3.1959300e-01	
   4.2760000e+02	   3.2111200e-01	
   4.2780000e+02	   3.2264300e-01	
   4.2800000e+02	   3.2418300e-01	
   4.2820000e+02	   3.2573400e-01	
   4.2840000e+02	   3.2729400e-01	
   4.2860000e+02	   3.2886500e-01	
   4.2880000e+02	   3.3044600e-01	
   4.2900000e+02	   3.3203800e-01	
   4.2920000e+02	   3.3363900e-01	
   4.2940000e+02	   3.3525000e-01	
   4.2960000e+02	   3.3687200e-01	
   4.2980000e+02	   3.3850300e-01	
   4.3000000e+02	   3.4014400e-01	
   4.3020000e+02	   3.4179500e-01	
   4.3040000e+02	   3.4345700e-01	
   4.3060000e+02	   3.4512700e-01	
   4.3080000e+02	   3.4680800e-01	
   4.3100000e+02	   3.4849900e-01	
   4.3120000e+02	   3.5019900e-01	
   4.3140000e+02	   3.5190900e-01	
   4.3160000e+02	   3.5362900e-01	
   4.3180000e+02	   3.5535800e-01	
   4.3200000e+02	   3.5709700e-01	
   4.3220000e+02	   3.5884600e-01	
   4.3240000e+02	   3.6060400e-01	
   4.3260000e+02	   3.6237100e-01	
   4.3280000e+02	   3.6414800e-01	
   4.3300000e+02	   3.6593400e-01	
   4.3320000e+02	   3.6773000e-01	
   4.3340000e+02	   3.6953500e-01	
   4.3360000e+02	   3.7134900e-01	
   4.3380000e+02	   3.7317300e-01	
   4.3400000e+02	   3.7500600e-01	
   4.3420000e+02	   3.7684700e-01	
   4.3440000e+02	   3.7869800e-01	
   4.3460000e+02	   3.8055800e-01	
   4.3480000e+02	   3.8242700e-01	
   4.3500000e+02	   3.8430500e-01	
   4.3520000e+02	   3.8619200e-01	
   4.3540000e+02	   3.8808800e-01	
   4.3560000e+02	   3.8999200e-01	
   4.3580000e+02	   3.9190500e-01	
   4.3600000e+02	   3.9382700e-01	
   4.3620000e+02	   3.9575800e-01	
   4.3640000e+02	   3.9769700e-01	
   4.3660000e+02	   3.9964400e-01	
   4.3680000e+02	   4.0160100e-01	
   4.3700000e+02	   4.0356500e-01	
   4.3720000e+02	   4.0553800e-01	
   4.3740000e+02	   4.0751900e-01	
   4.3760000e+02	   4.0950900e-01	
   4.3780000e+02	   4.1150700e-01	
   4.3800000e+02	   4.1351200e-01	
   4.3820000e+02	   4.1552600e-01	
   4.3840000e+02	   4.1754800e-01	
   4.3860000e+02	   4.1957800e-01	
   4.3880000e+02	   4.2161600e-01	
   4.3900000e+02	   4.2366200e-01	
   4.3920000e+02	   4.2571500e-01	
   4.3940000e+02	   4.2777700e-01	
   4.3960000e+02	   4.2984600e-01	
   4.3980000e+02	   4.3192200e-01	
   4.4000000e+02	   4.3400600e-01	
   4.4020000e+02	   4.3609800e-01	
   4.4040000e+02	   4.3819700e-01	
   4.4060000e+02	   4.4030300e-01	
   4.4080000e+02	   4.4241700e-01	
   4.4100000e+02	   4.4453800e-01	
   4.4120000e+02	   4.4666600e-01	
   4.4140000e+02	   4.4880100e-01	
   4.4160000e+02	   4.5094300e-01	
   4.4180000e+02	   4.5309200e-01	
   4.4200000e+02	   4.5524800e-01	
   4.4220000e+02	   4.5741000e-01	
   4.4240000e+02	   4.5958000e-01	
   4.4260000e+02	   4.6175600e-01	
   4.4280000e+02	   4.6393900e-01	
   4.4300000e+02	   4.6612800e-01	
   4.4320000e+02	   4.6832400e-01	
   4.4340000e+02	   4.7052600e-01	
   4.4360000e+02	   4.7273400e-01	
   4.4380000e+02	   4.7494900e-01	
   4.4400000e+02	   4.7717000e-01	
   4.4420000e+02	   4.7939600e-01	
   4.4440000e+02	   4.8162900e-01	
   4.4460000e+02	   4.8386800e-01	
   4.4480000e+02	   4.8611300e-01	
   4.4500000e+02	   4.8836400e-01	
   4.4520000e+02	   4.9062000e-01	
   4.4540000e+02	   4.9288200e-01	
   4.4560000e+02	   4.9514900e-01	
   4.4580000e+02	   4.9742200e-01	
   4.4600000e+02	   4.9970000e-01	
   4.4620000e+02	   5.0198400e-01	
   4.4640000e+02	   5.0427300e-01	
   4.4660000e+02	   5.0656700e-01	
   4.4680000e+02	   5.0886600e-01	
   4.4700000e+02	   5.1117000e-01	
   4.4720000e+02	   5.1347900e-01	
   4.4740000e+02	   5.1579300e-01	
   4.4760000e+02	   5.1811200e-01	
   4.4780000e+02	   5.2043500e-01	
   4.4800000e+02	   5.2276300e-01	
   4.4820000e+02	   5.2509500e-01	
   4.4840000e+02	   5.2743200e-01	
   4.4860000e+02	   5.2977300e-01	
   4.4880000e+02	   5.3211900e-01	
   4.4900000e+02	   5.3446800e-01	
   4.4920000e+02	   5.3682200e-01	
   4.4940000e+02	   5.3918000e-01	
   4.4960000e+02	   5.4154100e-01	
   4.4980000e+02	   5.4390700e-01	
   4.5000000e+02	   5.4627600e-01	
   4.5020000e+02	   5.4864900e-01	
   4.5040000e+02	   5.5102500e-01	
   4.5060000e+02	   5.5340500e-01	
   4.5080000e+02	   5.5578900e-01	
   4.5100000e+02	   5.5817500e-01	
   4.5120000e+02	   5.6056500e-01	
   4.5140000e+02	   5.6295800e-01	
   4.5160000e+02	   5.6535400e-01	
   4.5180000e+02	   5.6775300e-01	
   4.5200000e+02	   5.7015500e-01	
   4.5220000e+02	   5.7256000e-01	
   4.5240000e+02	   5.7496700e-01	
   4.5260000e+02	   5.7737700e-01	
   4.5280000e+02	   5.7978900e-01	
   4.5300000e+02	   5.8220400e-01	
   4.5320000e+02	   5.8462100e-01	
   4.5340000e+02	   5.8704100e-01	
   4.5360000e+02	   5.8946200e-01	
   4.5380000e+02	   5.9188600e-01	
   4.5400000e+02	   5.9431100e-01	
   4.5420000e+02	   5.9673900e-01	
   4.5440000e+02	   5.9916800e-01	
   4.5460000e+02	   6.0159900e-01	
   4.5480000e+02	   6.0403100e-01	
   4.5500000e+02	   6.0646500e-01	
   4.5520000e+02	   6.0890000e-01	
   4.5540000e+02	   6.1133700e-01	
   4.5560000e+02	   6.1377400e-01	
   4.5580000e+02	   6.1621300e-01	
   4.5600000e+02	   6.1865300e-01	
   4.5620000e+02	   6.2109400e-01	
   4.5640000e+02	   6.2353600e-01	
   4.5660000e+02	   6.2597800e-01	
   4.5680000e+02	   6.2842100e-01	
   4.5700000e+02	   6.3086500e-01	
   4.5720000e+02	   6.3330900e-01	
   4.5740000e+02	   6.3575300e-01	
   4.5760000e+02	   6.3819800e-01	
   4.5780000e+02	   6.4064200e-01	
   4.5800000e+02	   6.4308700e-01	
   4.5820000e+02	   6.4553200e-01	
   4.5840000e+02	   6.4797700e-01	
   4.5860000e+02	   6.5042100e-01	
   4.5880000e+02	   6.5286500e-01	
   4.5900000e+02	   6.5530900e-01	
   4.5920000e+02	   6.5775200e-01	
   4.5940000e+02	   6.6019400e-01	
   4.5960000e+02	   6.6263600e-01	
   4.5980000e+02	   6.6507700e-01	
   4.6000000e+02	   6.6751700e-01	
   4.6020000e+02	   6.6995600e-01	
   4.6040000e+02	   6.7239400e-01	
   4.6060000e+02	   6.7483100e-01	
   4.6080000e+02	   6.7726600e-01	
   4.6100000e+02	   6.7970000e-01	
   4.6120000e+02	   6.8213300e-01	
   4.6140000e+02	   6.8456400e-01	
   4.6160000e+02	   6.8699300e-01	
   4.6180000e+02	   6.8942000e-01	
   4.6200000e+02	   6.9184600e-01	
   4.6220000e+02	   6.9426900e-01	
   4.6240000e+02	   6.9669100e-01	
   4.6260000e+02	   6.9911000e-01	
   4.6280000e+02	   7.0152700e-01	
   4.6300000e+02	   7.0394100e-01	
   4.6320000e+02	   7.0635300e-01	
   4.6340000e+02	   7.0876300e-01	
   4.6360000e+02	   7.1116900e-01	
   4.6380000e+02	   7.1357300e-01	
   4.6400000e+02	   7.1597400e-01	
   4.6420000e+02	   7.1837200e-01	
   4.6440000e+02	   7.2076700e-01	
   4.6460000e+02	   7.2315900e-01	
   4.6480000e+02	   7.2554700e-01	
   4.6500000e+02	   7.2793200e-01	
   4.6520000e+02	   7.3031300e-01	
   4.6540000e+02	   7.3269100e-01	
   4.6560000e+02	   7.3506600e-01	
   4.6580000e+02	   7.3743600e-01	
   4.6600000e+02	   7.3980200e-01	
   4.6620000e+02	   7.4216500e-01	
   4.6640000e+02	   7.4452300e-01	
   4.6660000e+02	   7.4687700e-01	
   4.6680000e+02	   7.4922700e-01	
   4.6700000e+02	   7.5157200e-01	
   4.6720000e+02	   7.5391300e-01	
   4.6740000e+02	   7.5624900e-01	
   4.6760000e+02	   7.5858100e-01	
   4.6780000e+02	   7.6090800e-01	
   4.6800000e+02	   7.6323000e-01	
   4.6820000e+02	   7.6554600e-01	
   4.6840000e+02	   7.6785800e-01	
   4.6860000e+02	   7.7016400e-01	
   4.6880000e+02	   7.7246600e-01	
   4.6900000e+02	   7.7476100e-01	
   4.6920000e+02	   7.7705100e-01	
   4.6940000e+02	   7.7933600e-01	
   4.6960000e+02	   7.8161500e-01	
   4.6980000e+02	   7.8388800e-01	
   4.7000000e+02	   7.8615500e-01	
   4.7020000e+02	   7.8841600e-01	
   4.7040000e+02	   7.9067100e-01	
   4.7060000e+02	   7.9291900e-01	
   4.7080000e+02	   7.9516100e-01	
   4.7100000e+02	   7.9739700e-01	
   4.7120000e+02	   7.9962600e-01	
   4.7140000e+02	   8.0184900e-01	
   4.7160000e+02	   8.0406500e-01	
   4.7180000e+02	   8.0627400e-01	
   4.7200000e+02	   8.0847600e-01	
   4.7220000e+02	   8.1067100e-01	
   4.7240000e+02	   8.1285900e-01	
   4.7260000e+02	   8.1503900e-01	
   4.7280000e+02	   8.1721300e-01	
   4.7300000e+02	   8.1937800e-01	
   4.7320000e+02	   8.2153600e-01	
   4.7340000e+02	   8.2368700e-01	
   4.7360000e+02	   8.2583000e-01	
   4.7380000e+02	   8.2796400e-01	
   4.7400000e+02	   8.3009100e-01	
   4.7420000e+02	   8.3221000e-01	
   4.7440000e+02	   8.3432100e-01	
   4.7460000e+02	   8.3642300e-01	
   4.7480000e+02	   8.3851700e-01	
   4.7500000e+02	   8.4060200e-01	
   4.7520000e+02	   8.4267900e-01	
   4.7540000e+02	   8.4474700e-01	
   4.7560000e+02	   8.4680600e-01	
   4.7580000e+02	   8.4885700e-01	
   4.7600000e+02	   8.5089800e-01	
   4.7620000e+02	   8.5293000e-01	
   4.7640000e+02	   8.5495300e-01	
   4.7660000e+02	   8.5696700e-01	
   4.7680000e+02	   8.5897100e-01	
   4.7700000e+02	   8.6096600e-01	
   4.7720000e+02	   8.6295100e-01	
   4.7740000e+02	   8.6492700e-01	
   4.7760000e+02	   8.6689200e-01	
   4.7780000e+02	   8.6884800e-01	
   4.7800000e+02	   8.7079300e-01	
   4.7820000e+02	   8.7272900e-01	
   4.7840000e+02	   8.7465400e-01	
   4.7860000e+02	   8.7656900e-01	
   4.7880000e+02	   8.7847300e-01	
   4.7900000e+02	   8.8036700e-01	
   4.7920000e+02	   8.8225000e-01	
   4.7940000e+02	   8.8412300e-01	
   4.7960000e+02	   8.8598400e-01	
   4.7980000e+02	   8.8783500e-01	
   4.8000000e+02	   8.8967400e-01	
   4.8020000e+02	   8.9150200e-01	
   4.8040000e+02	   8.9331900e-01	
   4.8060000e+02	   8.9512500e-01	
   4.8080000e+02	   8.9691900e-01	
   4.8100000e+02	   8.9870200e-01	
   4.8120000e+02	   9.0047200e-01	
   4.8140000e+02	   9.0223100e-01	
   4.8160000e+02	   9.0397800e-01	
   4.8180000e+02	   9.0571300e-01	
   4.8200000e+02	   9.0743600e-01	
   4.8220000e+02	   9.0914700e-01	
   4.8240000e+02	   9.1084600e-01	
   4.8260000e+02	   9.1253200e-01	
   4.8280000e+02	   9.1420500e-01	
   4.8300000e+02	   9.1586600e-01	
   4.8320000e+02	   9.1751400e-01	
   4.8340000e+02	   9.1914900e-01	
   4.8360000e+02	   9.2077100e-01	
   4.8380000e+02	   9.2238100e-01	
   4.8400000e+02	   9.2397700e-01	
   4.8420000e+02	   9.2555900e-01	
   4.8440000e+02	   9.2712900e-01	
   4.8460000e+02	   9.2868500e-01	
   4.8480000e+02	   9.3022700e-01	
   4.8500000e+02	   9.3175600e-01	
   4.8520000e+02	   9.3327100e-01	
   4.8540000e+02	   9.3477200e-01	
   4.8560000e+02	   9.3625900e-01	
   4.8580000e+02	   9.3773200e-01	
   4.8600000e+02	   9.3919100e-01	
   4.8620000e+02	   9.4063500e-01	
   4.8640000e+02	   9.4206500e-01	
   4.8660000e+02	   9.4348100e-01	
   4.8680000e+02	   9.4488200e-01	
   4.8700000e+02	   9.4626800e-01	
   4.8720000e+02	   9.4763900e-01	
   4.8740000e+02	   9.4899600e-01	
   4.8760000e+02	   9.5033700e-01	
   4.8780000e+02	   9.5166400e-01	
   4.8800000e+02	   9.5297500e-01	
   4.8820000e+02	   9.5427100e-01	
   4.8840000e+02	   9.5555100e-01	
   4.8860000e+02	   9.5681600e-01	
   4.8880000e+02	   9.5806500e-01	
   4.8900000e+02	   9.5929900e-01	
   4.8920000e+02	   9.6051600e-01	
   4.8940000e+02	   9.6171800e-01	
   4.8960000e+02	   9.6290400e-01	
   4.8980000e+02	   9.6407300e-01	
   4.9000000e+02	   9.6522600e-01	
   4.9020000e+02	   9.6636300e-01	
   4.9040000e+02	   9.6748300e-01	
   4.9060000e+02	   9.6858700e-01	
   4.9080000e+02	   9.6967500e-01	
   4.9100000e+02	   9.7074500e-01	
   4.9120000e+02	   9.7179900e-01	
   4.9140000e+02	   9.7283500e-01	
   4.9160000e+02	   9.7385500e-01	
   4.9180000e+02	   9.7485700e-01	
   4.9200000e+02	   9.7584200e-01	
   4.9220000e+02	   9.7681000e-01	
   4.9240000e+02	   9.7776100e-01	
   4.9260000e+02	   9.7869300e-01	
   4.9280000e+02	   9.7960900e-01	
   4.9300000e+02	   9.8050600e-01	
   4.9320000e+02	   9.8138600e-01	
   4.9340000e+02	   9.8224700e-01	
   4.9360000e+02	   9.8309100e-01	
   4.9380000e+02	   9.8391600e-01	
   4.9400000e+02	   9.8472300e-01	
   4.9420000e+02	   9.8551200e-01	
   4.9440000e+02	   9.8628300e-01	
   4.9460000e+02	   9.8703500e-01	
   4.9480000e+02	   9.8776800e-01	
   4.9500000e+02	   9.8848300e-01	
   4.9520000e+02	   9.8917900e-01	
   4.9540000e+02	   9.8985600e-01	
   4.9560000e+02	   9.9051400e-01	
   4.9580000e+02	   9.9115200e-01	
   4.9600000e+02	   9.9177200e-01	
   4.9620000e+02	   9.9237300e-01	
   4.9640000e+02	   9.9295400e-01	
   4.9660000e+02	   9.9351500e-01	
   4.9680000e+02	   9.9405800e-01	
   4.9700000e+02	   9.9458000e-01	
   4.9720000e+02	   9.9508300e-01	
   4.9740000e+02	   9.9556600e-01	
   4.9760000e+02	   9.9602900e-01	
   4.9780000e+02	   9.9647200e-01	
   4.9800000e+02	   9.9689500e-01	
   4.9820000e+02	   9.9729800e-01	
   4.9840000e+02	   9.9768100e-01	
   4.9860000e+02	   9.9804400e-01	
   4.9880000e+02	   9.9838600e-01	
   4.9900000e+02	   9.9870700e-01	
   4.9920000e+02	   9.9900900e-01	
   4.9940000e+02	   9.9928900e-01	
   4.9960000e+02	   9.9954900e-01	
   4.9980000e+02	   9.9978800e-01	
   5.0000000e+02	   1.0000060e+00	
   5.0020000e+02	   1.0002030e+00	
   5.0040000e+02	   1.0003790e+00	
   5.0060000e+02	   1.0005340e+00	
   5.0080000e+02	   1.0006680e+00	
   5.0100000e+02	   1.0007810e+00	
   5.0120000e+02	   1.0008720e+00	
   5.0140000e+02	   1.0009420e+00	
   5.0160000e+02	   1.0009910e+00	
   5.0180000e+02	   1.0010180e+00	
   5.0200000e+02	   1.0010230e+00	
   5.0220000e+02	   1.0010070e+00	
   5.0240000e+02	   1.0009690e+00	
   5.0260000e+02	   1.0009090e+00	
   5.0280000e+02	   1.0008280e+00	
   5.0300000e+02	   1.0007240e+00	
   5.0320000e+02	   1.0005990e+00	
   5.0340000e+02	   1.0004520e+00	
   5.0360000e+02	   1.0002820e+00	
   5.0380000e+02	   1.0000900e+00	
   5.0400000e+02	   9.9987700e-01	
   5.0420000e+02	   9.9964100e-01	
   5.0440000e+02	   9.9938200e-01	
   5.0460000e+02	   9.9910100e-01	
   5.0480000e+02	   9.9879800e-01	
   5.0500000e+02	   9.9847300e-01	
   5.0520000e+02	   9.9812500e-01	
   5.0540000e+02	   9.9775400e-01	
   5.0560000e+02	   9.9736100e-01	
   5.0580000e+02	   9.9694500e-01	
   5.0600000e+02	   9.9650600e-01	
   5.0620000e+02	   9.9604500e-01	
   5.0640000e+02	   9.9556100e-01	
   5.0660000e+02	   9.9505400e-01	
   5.0680000e+02	   9.9452500e-01	
   5.0700000e+02	   9.9397200e-01	
   5.0720000e+02	   9.9339700e-01	
   5.0740000e+02	   9.9279900e-01	
   5.0760000e+02	   9.9217800e-01	
   5.0780000e+02	   9.9153300e-01	
   5.0800000e+02	   9.9086600e-01	
   5.0820000e+02	   9.9017600e-01	
   5.0840000e+02	   9.8946300e-01	
   5.0860000e+02	   9.8872600e-01	
   5.0880000e+02	   9.8796700e-01	
   5.0900000e+02	   9.8718500e-01	
   5.0920000e+02	   9.8637900e-01	
   5.0940000e+02	   9.8555000e-01	
   5.0960000e+02	   9.8469900e-01	
   5.0980000e+02	   9.8382400e-01	
   5.1000000e+02	   9.8292600e-01	
   5.1020000e+02	   9.8200400e-01	
   5.1040000e+02	   9.8106000e-01	
   5.1060000e+02	   9.8009200e-01	
   5.1080000e+02	   9.7910200e-01	
   5.1100000e+02	   9.7808800e-01	
   5.1120000e+02	   9.7705100e-01	
   5.1140000e+02	   9.7599100e-01	
   5.1160000e+02	   9.7490800e-01	
   5.1180000e+02	   9.7380100e-01	
   5.1200000e+02	   9.7267200e-01	
   5.1220000e+02	   9.7151900e-01	
   5.1240000e+02	   9.7034400e-01	
   5.1260000e+02	   9.6914500e-01	
   5.1280000e+02	   9.6792300e-01	
   5.1300000e+02	   9.6667900e-01	
   5.1320000e+02	   9.6541100e-01	
   5.1340000e+02	   9.6412100e-01	
   5.1360000e+02	   9.6280700e-01	
   5.1380000e+02	   9.6147100e-01	
   5.1400000e+02	   9.6011200e-01	
   5.1420000e+02	   9.5873000e-01	
   5.1440000e+02	   9.5732500e-01	
   5.1460000e+02	   9.5589800e-01	
   5.1480000e+02	   9.5444800e-01	
   5.1500000e+02	   9.5297500e-01	
   5.1520000e+02	   9.5148000e-01	
   5.1540000e+02	   9.4996200e-01	
   5.1560000e+02	   9.4842200e-01	
   5.1580000e+02	   9.4685900e-01	
   5.1600000e+02	   9.4527400e-01	
   5.1620000e+02	   9.4366700e-01	
   5.1640000e+02	   9.4203700e-01	
   5.1660000e+02	   9.4038600e-01	
   5.1680000e+02	   9.3871200e-01	
   5.1700000e+02	   9.3701600e-01	
   5.1720000e+02	   9.3529900e-01	
   5.1740000e+02	   9.3355900e-01	
   5.1760000e+02	   9.3179800e-01	
   5.1780000e+02	   9.3001500e-01	
   5.1800000e+02	   9.2821000e-01	
   5.1820000e+02	   9.2638400e-01	
   5.1840000e+02	   9.2453700e-01	
   5.1860000e+02	   9.2266800e-01	
   5.1880000e+02	   9.2077700e-01	
   5.1900000e+02	   9.1886600e-01	
   5.1920000e+02	   9.1693300e-01	
   5.1940000e+02	   9.1498000e-01	
   5.1960000e+02	   9.1300600e-01	
   5.1980000e+02	   9.1101100e-01	
   5.2000000e+02	   9.0899500e-01	
   5.2020000e+02	   9.0695800e-01	
   5.2040000e+02	   9.0490200e-01	
   5.2060000e+02	   9.0282500e-01	
   5.2080000e+02	   9.0072700e-01	
   5.2100000e+02	   8.9861000e-01	
   5.2120000e+02	   8.9647300e-01	
   5.2140000e+02	   8.9431500e-01	
   5.2160000e+02	   8.9213800e-01	
   5.2180000e+02	   8.8994200e-01	
   5.2200000e+02	   8.8772600e-01	
   5.2220000e+02	   8.8549100e-01	
   5.2240000e+02	   8.8323600e-01	
   5.2260000e+02	   8.8096200e-01	
   5.2280000e+02	   8.7867000e-01	
   5.2300000e+02	   8.7635900e-01	
   5.2320000e+02	   8.7402900e-01	
   5.2340000e+02	   8.7168000e-01	
   5.2360000e+02	   8.6931300e-01	
   5.2380000e+02	   8.6692800e-01	
   5.2400000e+02	   8.6452500e-01	
   5.2420000e+02	   8.6210400e-01	
   5.2440000e+02	   8.5966500e-01	
   5.2460000e+02	   8.5720900e-01	
   5.2480000e+02	   8.5473500e-01	
   5.2500000e+02	   8.5224400e-01	
   5.2520000e+02	   8.4973600e-01	
   5.2540000e+02	   8.4721100e-01	
   5.2560000e+02	   8.4466900e-01	
   5.2580000e+02	   8.4211100e-01	
   5.2600000e+02	   8.3953600e-01	
   5.2620000e+02	   8.3694400e-01	
   5.2640000e+02	   8.3433700e-01	
   5.2660000e+02	   8.3171400e-01	
   5.2680000e+02	   8.2907500e-01	
   5.2700000e+02	   8.2642000e-01	
   5.2720000e+02	   8.2375000e-01	
   5.2740000e+02	   8.2106500e-01	
   5.2760000e+02	   8.1836500e-01	
   5.2780000e+02	   8.1565000e-01	
   5.2800000e+02	   8.1292000e-01	
   5.2820000e+02	   8.1017600e-01	
   5.2840000e+02	   8.0741700e-01	
   5.2860000e+02	   8.0464500e-01	
   5.2880000e+02	   8.0185800e-01	
   5.2900000e+02	   7.9905800e-01	
   5.2920000e+02	   7.9624400e-01	
   5.2940000e+02	   7.9341700e-01	
   5.2960000e+02	   7.9057700e-01	
   5.2980000e+02	   7.8772400e-01	
   5.3000000e+02	   7.8485800e-01	
   5.3020000e+02	   7.8198000e-01	
   5.3040000e+02	   7.7908900e-01	
   5.3060000e+02	   7.7618600e-01	
   5.3080000e+02	   7.7327200e-01	
   5.3100000e+02	   7.7034500e-01	
   5.3120000e+02	   7.6740700e-01	
   5.3140000e+02	   7.6445800e-01	
   5.3160000e+02	   7.6149700e-01	
   5.3180000e+02	   7.5852600e-01	
   5.3200000e+02	   7.5554400e-01	
   5.3220000e+02	   7.5255200e-01	
   5.3240000e+02	   7.4954900e-01	
   5.3260000e+02	   7.4653600e-01	
   5.3280000e+02	   7.4351300e-01	
   5.3300000e+02	   7.4048100e-01	
   5.3320000e+02	   7.3743900e-01	
   5.3340000e+02	   7.3438800e-01	
   5.3360000e+02	   7.3132800e-01	
   5.3380000e+02	   7.2825900e-01	
   5.3400000e+02	   7.2518200e-01	
   5.3420000e+02	   7.2209600e-01	
   5.3440000e+02	   7.1900200e-01	
   5.3460000e+02	   7.1590000e-01	
   5.3480000e+02	   7.1279000e-01	
   5.3500000e+02	   7.0967300e-01	
   5.3520000e+02	   7.0654900e-01	
   5.3540000e+02	   7.0341700e-01	
   5.3560000e+02	   7.0027900e-01	
   5.3580000e+02	   6.9713300e-01	
   5.3600000e+02	   6.9398200e-01	
   5.3620000e+02	   6.9082400e-01	
   5.3640000e+02	   6.8766000e-01	
   5.3660000e+02	   6.8449000e-01	
   5.3680000e+02	   6.8131500e-01	
   5.3700000e+02	   6.7813400e-01	
   5.3720000e+02	   6.7494800e-01	
   5.3740000e+02	   6.7175700e-01	
   5.3760000e+02	   6.6856200e-01	
   5.3780000e+02	   6.6536100e-01	
   5.3800000e+02	   6.6215700e-01	
   5.3820000e+02	   6.5894800e-01	
   5.3840000e+02	   6.5573500e-01	
   5.3860000e+02	   6.5251900e-01	
   5.3880000e+02	   6.4929900e-01	
   5.3900000e+02	   6.4607600e-01	
   5.3920000e+02	   6.4285000e-01	
   5.3940000e+02	   6.3962100e-01	
   5.3960000e+02	   6.3638900e-01	
   5.3980000e+02	   6.3315500e-01	
   5.4000000e+02	   6.2991800e-01	
   5.4020000e+02	   6.2667900e-01	
   5.4040000e+02	   6.2343900e-01	
   5.4060000e+02	   6.2019700e-01	
   5.4080000e+02	   6.1695300e-01	
   5.4100000e+02	   6.1370800e-01	
   5.4120000e+02	   6.1046200e-01	
   5.4140000e+02	   6.0721500e-01	
   5.4160000e+02	   6.0396800e-01	
   5.4180000e+02	   6.0072000e-01	
   5.4200000e+02	   5.9747200e-01	
   5.4220000e+02	   5.9422300e-01	
   5.4240000e+02	   5.9097500e-01	
   5.4260000e+02	   5.8772700e-01	
   5.4280000e+02	   5.8447900e-01	
   5.4300000e+02	   5.8123300e-01	
   5.4320000e+02	   5.7798700e-01	
   5.4340000e+02	   5.7474200e-01	
   5.4360000e+02	   5.7149800e-01	
   5.4380000e+02	   5.6825600e-01	
   5.4400000e+02	   5.6501500e-01	
   5.4420000e+02	   5.6177600e-01	
   5.4440000e+02	   5.5853900e-01	
   5.4460000e+02	   5.5530400e-01	
   5.4480000e+02	   5.5207200e-01	
   5.4500000e+02	   5.4884200e-01	
   5.4520000e+02	   5.4561400e-01	
   5.4540000e+02	   5.4239000e-01	
   5.4560000e+02	   5.3916800e-01	
   5.4580000e+02	   5.3595000e-01	
   5.4600000e+02	   5.3273400e-01	
   5.4620000e+02	   5.2952300e-01	
   5.4640000e+02	   5.2631500e-01	
   5.4660000e+02	   5.2311100e-01	
   5.4680000e+02	   5.1991100e-01	
   5.4700000e+02	   5.1671500e-01	
   5.4720000e+02	   5.1352300e-01	
   5.4740000e+02	   5.1033600e-01	
   5.4760000e+02	   5.0715400e-01	
   5.4780000e+02	   5.0397600e-01	
   5.4800000e+02	   5.0080300e-01	
   5.4820000e+02	   4.9763600e-01	
   5.4840000e+02	   4.9447300e-01	
   5.4860000e+02	   4.9131600e-01	
   5.4880000e+02	   4.8816400e-01	
   5.4900000e+02	   4.8501900e-01	
   5.4920000e+02	   4.8187900e-01	
   5.4940000e+02	   4.7874400e-01	
   5.4960000e+02	   4.7561600e-01	
   5.4980000e+02	   4.7249500e-01	
   5.5000000e+02	   4.6937900e-01	
   5.5020000e+02	   4.6627000e-01	
   5.5040000e+02	   4.6316800e-01	
   5.5060000e+02	   4.6007300e-01	
   5.5080000e+02	   4.5698400e-01	
   5.5100000e+02	   4.5390300e-01	
   5.5120000e+02	   4.5082800e-01	
   5.5140000e+02	   4.4776100e-01	
   5.5160000e+02	   4.4470100e-01	
   5.5180000e+02	   4.4164900e-01	
   5.5200000e+02	   4.3860500e-01	
   5.5220000e+02	   4.3556800e-01	
   5.5240000e+02	   4.3253900e-01	
   5.5260000e+02	   4.2951800e-01	
   5.5280000e+02	   4.2650500e-01	
   5.5300000e+02	   4.2350100e-01	
   5.5320000e+02	   4.2050400e-01	
   5.5340000e+02	   4.1751700e-01	
   5.5360000e+02	   4.1453700e-01	
   5.5380000e+02	   4.1156700e-01	
   5.5400000e+02	   4.0860500e-01	
   5.5420000e+02	   4.0565200e-01	
   5.5440000e+02	   4.0270800e-01	
   5.5460000e+02	   3.9977300e-01	
   5.5480000e+02	   3.9684700e-01	
   5.5500000e+02	   3.9393100e-01	
   5.5520000e+02	   3.9102400e-01	
   5.5540000e+02	   3.8812600e-01	
   5.5560000e+02	   3.8523800e-01	
   5.5580000e+02	   3.8235900e-01	
   5.5600000e+02	   3.7949000e-01	
   5.5620000e+02	   3.7663100e-01	
   5.5640000e+02	   3.7378200e-01	
   5.5660000e+02	   3.7094300e-01	
   5.5680000e+02	   3.6811300e-01	
   5.5700000e+02	   3.6529400e-01	
   5.5720000e+02	   3.6248500e-01	
   5.5740000e+02	   3.5968700e-01	
   5.5760000e+02	   3.5689900e-01	
   5.5780000e+02	   3.5412100e-01	
   5.5800000e+02	   3.5135400e-01	
   5.5820000e+02	   3.4859700e-01	
   5.5840000e+02	   3.4585100e-01	
   5.5860000e+02	   3.4311600e-01	
   5.5880000e+02	   3.4039100e-01	
   5.5900000e+02	   3.3767800e-01	
   5.5920000e+02	   3.3497500e-01	
   5.5940000e+02	   3.3228300e-01	
   5.5960000e+02	   3.2960300e-01	
   5.5980000e+02	   3.2693300e-01	
   5.6000000e+02	   3.2427500e-01	
   5.6020000e+02	   3.2162800e-01	
   5.6040000e+02	   3.1899200e-01	
   5.6060000e+02	   3.1636700e-01	
   5.6080000e+02	   3.1375400e-01	
   5.6100000e+02	   3.1115300e-01	
   5.6120000e+02	   3.0856300e-01	
   5.6140000e+02	   3.0598400e-01	
   5.6160000e+02	   3.0341700e-01	
   5.6180000e+02	   3.0086200e-01	
   5.6200000e+02	   2.9831800e-01	
   5.6220000e+02	   2.9578700e-01	
   5.6240000e+02	   2.9326700e-01	
   5.6260000e+02	   2.9075800e-01	
   5.6280000e+02	   2.8826200e-01	
   5.6300000e+02	   2.8577800e-01	
   5.6320000e+02	   2.8330600e-01	
   5.6340000e+02	   2.8084500e-01	
   5.6360000e+02	   2.7839700e-01	
   5.6380000e+02	   2.7596100e-01	
   5.6400000e+02	   2.7353700e-01	
   5.6420000e+02	   2.7112500e-01	
   5.6440000e+02	   2.6872500e-01	
   5.6460000e+02	   2.6633800e-01	
   5.6480000e+02	   2.6396200e-01	
   5.6500000e+02	   2.6159900e-01	
   5.6520000e+02	   2.5924900e-01	
   5.6540000e+02	   2.5691100e-01	
   5.6560000e+02	   2.5458500e-01	
   5.6580000e+02	   2.5227100e-01	
   5.6600000e+02	   2.4997000e-01	
   5.6620000e+02	   2.4768200e-01	
   5.6640000e+02	   2.4540500e-01	
   5.6660000e+02	   2.4314200e-01	
   5.6680000e+02	   2.4089100e-01	
   5.6700000e+02	   2.3865200e-01	
   5.6720000e+02	   2.3642600e-01	
   5.6740000e+02	   2.3421300e-01	
   5.6760000e+02	   2.3201200e-01	
   5.6780000e+02	   2.2982400e-01	
   5.6800000e+02	   2.2764800e-01	
   5.6820000e+02	   2.2548600e-01	
   5.6840000e+02	   2.2333500e-01	
   5.6860000e+02	   2.2119800e-01	
   5.6880000e+02	   2.1907300e-01	
   5.6900000e+02	   2.1696100e-01	
   5.6920000e+02	   2.1486200e-01	
   5.6940000e+02	   2.1277500e-01	
   5.6960000e+02	   2.1070100e-01	
   5.6980000e+02	   2.0864000e-01	
   5.7000000e+02	   2.0659100e-01	
   5.7020000e+02	   2.0455600e-01	
   5.7040000e+02	   2.0253300e-01	
   5.7060000e+02	   2.0052300e-01	
   5.7080000e+02	   1.9852500e-01	
   5.7100000e+02	   1.9654100e-01	
   5.7120000e+02	   1.9456900e-01	
   5.7140000e+02	   1.9261000e-01	
   5.7160000e+02	   1.9066400e-01	
   5.7180000e+02	   1.8873000e-01	
   5.7200000e+02	   1.8681000e-01	
   5.7220000e+02	   1.8490200e-01	
   5.7240000e+02	   1.8300700e-01	
   5.7260000e+02	   1.8112400e-01	
   5.7280000e+02	   1.7925500e-01	
   5.7300000e+02	   1.7739800e-01	
   5.7320000e+02	   1.7555400e-01	
   5.7340000e+02	   1.7372200e-01	
   5.7360000e+02	   1.7190400e-01	
   5.7380000e+02	   1.7009800e-01	
   5.7400000e+02	   1.6830500e-01	
   5.7420000e+02	   1.6652500e-01	
   5.7440000e+02	   1.6475700e-01	
   5.7460000e+02	   1.6300200e-01	
   5.7480000e+02	   1.6126000e-01	
   5.7500000e+02	   1.5953000e-01	
   5.7520000e+02	   1.5781300e-01	
   5.7540000e+02	   1.5610900e-01	
   5.7560000e+02	   1.5441700e-01	
   5.7580000e+02	   1.5273800e-01	
   5.7600000e+02	   1.5107100e-01	
   5.7620000e+02	   1.4941700e-01	
   5.7640000e+02	   1.4777600e-01	
   5.7660000e+02	   1.4614700e-01	
   5.7680000e+02	   1.4453000e-01	
   5.7700000e+02	   1.4292700e-01	
   5.7720000e+02	   1.4133500e-01	
   5.7740000e+02	   1.3975600e-01	
   5.7760000e+02	   1.3819000e-01	
   5.7780000e+02	   1.3663600e-01	
   5.7800000e+02	   1.3509400e-01	
   5.7820000e+02	   1.3356400e-01	
   5.7840000e+02	   1.3204700e-01	
   5.7860000e+02	   1.3054300e-01	
   5.7880000e+02	   1.2905000e-01	
   5.7900000e+02	   1.2757000e-01	
   5.7920000e+02	   1.2610200e-01	
   5.7940000e+02	   1.2464600e-01	
   5.7960000e+02	   1.2320200e-01	
   5.7980000e+02	   1.2177000e-01	
   5.8000000e+02	   1.2035100e-01	
   5.8020000e+02	   1.1894300e-01	
   5.8040000e+02	   1.1754800e-01	
   5.8060000e+02	   1.1616400e-01	
   5.8080000e+02	   1.1479300e-01	
   5.8100000e+02	   1.1343300e-01	
   5.8120000e+02	   1.1208500e-01	
   5.8140000e+02	   1.1075000e-01	
   5.8160000e+02	   1.0942500e-01	
   5.8180000e+02	   1.0811300e-01	
   5.8200000e+02	   1.0681200e-01	
   5.8220000e+02	   1.0552300e-01	
   5.8240000e+02	   1.0424600e-01	
   5.8260000e+02	   1.0298000e-01	
   5.8280000e+02	   1.0172600e-01	
   5.8300000e+02	   1.0048400e-01	
   5.8320000e+02	   9.9253000e-02	
   5.8340000e+02	   9.8033000e-02	
   5.8360000e+02	   9.6824000e-02	
   5.8380000e+02	   9.5627000e-02	
   5.8400000e+02	   9.4442000e-02	
   5.8420000e+02	   9.3267000e-02	
   5.8440000e+02	   9.2104000e-02	
   5.8460000e+02	   9.0952000e-02	
   5.8480000e+02	   8.9811000e-02	
   5.8500000e+02	   8.8681000e-02	
   5.8520000e+02	   8.7562000e-02	
   5.8540000e+02	   8.6453000e-02	
   5.8560000e+02	   8.5356000e-02	
   5.8580000e+02	   8.4270000e-02	
   5.8600000e+02	   8.3194000e-02	
   5.8620000e+02	   8.2130000e-02	
   5.8640000e+02	   8.1076000e-02	
   5.8660000e+02	   8.0032000e-02	
   5.8680000e+02	   7.8999000e-02	
   5.8700000e+02	   7.7977000e-02	
   5.8720000e+02	   7.6965000e-02	
   5.8740000e+02	   7.5963000e-02	
   5.8760000e+02	   7.4972000e-02	
   5.8780000e+02	   7.3991000e-02	
   5.8800000e+02	   7.3021000e-02	
   5.8820000e+02	   7.2060000e-02	
   5.8840000e+02	   7.1110000e-02	
   5.8860000e+02	   7.0170000e-02	
   5.8880000e+02	   6.9240000e-02	
   5.8900000e+02	   6.8319000e-02	
   5.8920000e+02	   6.7409000e-02	
   5.8940000e+02	   6.6508000e-02	
   5.8960000e+02	   6.5618000e-02	
   5.8980000e+02	   6.4737000e-02	
   5.9000000e+02	   6.3865000e-02	
   5.9020000e+02	   6.3003000e-02	
   5.9040000e+02	   6.2151000e-02	
   5.9060000e+02	   6.1308000e-02	
   5.9080000e+02	   6.0475000e-02	
   5.9100000e+02	   5.9650000e-02	
   5.9120000e+02	   5.8836000e-02	
   5.9140000e+02	   5.8030000e-02	
   5.9160000e+02	   5.7233000e-02	
   5.9180000e+02	   5.6446000e-02	
   5.9200000e+02	   5.5667000e-02	
   5.9220000e+02	   5.4898000e-02	
   5.9240000e+02	   5.4137000e-02	
   5.9260000e+02	   5.3385000e-02	
   5.9280000e+02	   5.2642000e-02	
   5.9300000e+02	   5.1908000e-02	
   5.9320000e+02	   5.1182000e-02	
   5.9340000e+02	   5.0465000e-02	
   5.9360000e+02	   4.9756000e-02	
   5.9380000e+02	   4.9056000e-02	
   5.9400000e+02	   4.8364000e-02	
   5.9420000e+02	   4.7680000e-02	
   5.9440000e+02	   4.7004000e-02	
   5.9460000e+02	   4.6337000e-02	
   5.9480000e+02	   4.5678000e-02	
   5.9500000e+02	   4.5027000e-02	
   5.9520000e+02	   4.4383000e-02	
   5.9540000e+02	   4.3748000e-02	
   5.9560000e+02	   4.3120000e-02	
   5.9580000e+02	   4.2501000e-02	
   5.9600000e+02	   4.1888000e-02	
   5.9620000e+02	   4.1284000e-02	
   5.9640000e+02	   4.0687000e-02	
   5.9660000e+02	   4.0097000e-02	
   5.9680000e+02	   3.9515000e-02	
   5.9700000e+02	   3.8940000e-02	
   5.9720000e+02	   3.8373000e-02	
   5.9740000e+02	   3.7813000e-02	
   5.9760000e+02	   3.7260000e-02	
   5.9780000e+02	   3.6714000e-02	
   5.9800000e+02	   3.6175000e-02	
   5.9820000e+02	   3.5643000e-02	
   5.9840000e+02	   3.5117000e-02	
   5.9860000e+02	   3.4599000e-02	
   5.9880000e+02	   3.4087000e-02	
   5.9900000e+02	   3.3582000e-02	
   5.9920000e+02	   3.3084000e-02	
   5.9940000e+02	   3.2592000e-02	
   5.9960000e+02	   3.2107000e-02	
   5.9980000e+02	   3.1628000e-02	
   6.0000000e+02	   3.1156000e-02	
   6.0020000e+02	   3.0689000e-02	
   6.0040000e+02	   3.0229000e-02	
   6.0060000e+02	   2.9776000e-02	
   6.0080000e+02	   2.9328000e-02	
   6.0100000e+02	   2.8886000e-02	
   6.0120000e+02	   2.8450000e-02	
   6.0140000e+02	   2.8021000e-02	
   6.0160000e+02	   2.7597000e-02	
   6.0180000e+02	   2.7178000e-02	
   6.0200000e+02	   2.6766000e-02	
   6.0220000e+02	   2.6359000e-02	
   6.0240000e+02	   2.5958000e-02	
   6.0260000e+02	   2.5562000e-02	
   6.0280000e+02	   2.5172000e-02	
   6.0300000e+02	   2.4787000e-02	
   6.0320000e+02	   2.4408000e-02	
   6.0340000e+02	   2.4033000e-02	
   6.0360000e+02	   2.3664000e-02	
   6.0380000e+02	   2.3301000e-02	
   6.0400000e+02	   2.2942000e-02	
   6.0420000e+02	   2.2588000e-02	
   6.0440000e+02	   2.2240000e-02	
   6.0460000e+02	   2.1896000e-02	
   6.0480000e+02	   2.1557000e-02	
   6.0500000e+02	   2.1223000e-02	
   6.0520000e+02	   2.0894000e-02	
   6.0540000e+02	   2.0570000e-02	
   6.0560000e+02	   2.0250000e-02	
   6.0580000e+02	   1.9935000e-02	
   6.0600000e+02	   1.9624000e-02	
   6.0620000e+02	   1.9318000e-02	
   6.0640000e+02	   1.9016000e-02	
   6.0660000e+02	   1.8718000e-02	
   6.0680000e+02	   1.8425000e-02	
   6.0700000e+02	   1.8136000e-02	
   6.0720000e+02	   1.7852000e-02	
   6.0740000e+02	   1.7571000e-02	
   6.0760000e+02	   1.7295000e-02	
   6.0780000e+02	   1.7023000e-02	
   6.0800000e+02	   1.6754000e-02	
   6.0820000e+02	   1.6490000e-02	
   6.0840000e+02	   1.6230000e-02	
   6.0860000e+02	   1.5973000e-02	
   6.0880000e+02	   1.5720000e-02	
   6.0900000e+02	   1.5471000e-02	
   6.0920000e+02	   1.5226000e-02	
   6.0940000e+02	   1.4984000e-02	
   6.0960000e+02	   1.4746000e-02	
   6.0980000e+02	   1.4512000e-02	
   6.1000000e+02	   1.4281000e-02	
   6.1020000e+02	   1.4054000e-02	
   6.1040000e+02	   1.3830000e-02	
   6.1060000e+02	   1.3609000e-02	
   6.1080000e+02	   1.3392000e-02	
   6.1100000e+02	   1.3178000e-02	
   6.1120000e+02	   1.2967000e-02	
   6.1140000e+02	   1.2759000e-02	
   6.1160000e+02	   1.2555000e-02	
   6.1180000e+02	   1.2354000e-02	
   6.1200000e+02	   1.2155000e-02	
   6.1220000e+02	   1.1960000e-02	
   6.1240000e+02	   1.1768000e-02	
   6.1260000e+02	   1.1579000e-02	
   6.1280000e+02	   1.1393000e-02	
   6.1300000e+02	   1.1209000e-02	
   6.1320000e+02	   1.1028000e-02	
   6.1340000e+02	   1.0851000e-02	
   6.1360000e+02	   1.0676000e-02	
   6.1380000e+02	   1.0503000e-02	
   6.1400000e+02	   1.0333000e-02	
   6.1420000e+02	   1.0166000e-02	
   6.1440000e+02	   1.0002000e-02	
   6.1460000e+02	   9.8400000e-03	
   6.1480000e+02	   9.6810000e-03	
   6.1500000e+02	   9.5240000e-03	
   6.1520000e+02	   9.3690000e-03	
   6.1540000e+02	   9.2170000e-03	
   6.1560000e+02	   9.0680000e-03	
   6.1580000e+02	   8.9200000e-03	
   6.1600000e+02	   8.7750000e-03	
   6.1620000e+02	   8.6330000e-03	
   6.1640000e+02	   8.4920000e-03	
   6.1660000e+02	   8.3540000e-03	
   6.1680000e+02	   8.2180000e-03	
   6.1700000e+02	   8.0840000e-03	
   6.1720000e+02	   7.9520000e-03	
   6.1740000e+02	   7.8230000e-03	
   6.1760000e+02	   7.6950000e-03	
   6.1780000e+02	   7.5690000e-03	
   6.1800000e+02	   7.4460000e-03	
   6.1820000e+02	   7.3240000e-03	
   6.1840000e+02	   7.2040000e-03	
   6.1860000e+02	   7.0870000e-03	
   6.1880000e+02	   6.9710000e-03	
   6.1900000e+02	   6.8570000e-03	
   6.1920000e+02	   6.7440000e-03	
   6.1940000e+02	   6.6340000e-03	
   6.1960000e+02	   6.5250000e-03	
   6.1980000e+02	   6.4180000e-03	
   6.2000000e+02	   6.3130000e-03	
   6.2020000e+02	   6.2100000e-03	
   6.2040000e+02	   6.1080000e-03	
   6.2060000e+02	   6.0080000e-03	
   6.2080000e+02	   5.9090000e-03	
   6.2100000e+02	   5.8120000e-03	
   6.2120000e+02	   5.7170000e-03	
   6.2140000e+02	   5.6230000e-03	
   6.2160000e+02	   5.5300000e-03	
   6.2180000e+02	   5.4400000e-03	
   6.2200000e+02	   5.3500000e-03	
   6.2220000e+02	   5.2620000e-03	
   6.2240000e+02	   5.1760000e-03	
   6.2260000e+02	   5.0910000e-03	
   6.2280000e+02	   5.0070000e-03	
   6.2300000e+02	   4.9240000e-03	
   6.2320000e+02	   4.8430000e-03	
   6.2340000e+02	   4.7640000e-03	
   6.2360000e+02	   4.6850000e-03	
   6.2380000e+02	   4.6080000e-03	
   6.2400000e+02	   4.5320000e-03	
   6.2420000e+02	   4.4580000e-03	
   6.2440000e+02	   4.3840000e-03	
   6.2460000e+02	   4.3120000e-03	
   6.2480000e+02	   4.2410000e-03	
   6.2500000e+02	   4.1710000e-03	
   6.2520000e+02	   4.1020000e-03	
   6.2540000e+02	   4.0350000e-03	
   6.2560000e+02	   3.9680000e-03	
   6.2580000e+02	   3.9030000e-03	
   6.2600000e+02	   3.8380000e-03	
   6.2620000e+02	   3.7750000e-03	
   6.2640000e+02	   3.7130000e-03	
   6.2660000e+02	   3.6510000e-03	
   6.2680000e+02	   3.5910000e-03	
   6.2700000e+02	   3.5320000e-03	
   6.2720000e+02	   3.4740000e-03	
   6.2740000e+02	   3.4160000e-03	
   6.2760000e+02	   3.3600000e-03	
   6.2780000e+02	   3.3050000e-03	
   6.2800000e+02	   3.2500000e-03	
   6.2820000e+02	   3.1970000e-03	
   6.2840000e+02	   3.1440000e-03	
   6.2860000e+02	   3.0920000e-03	
   6.2880000e+02	   3.0410000e-03	
   6.2900000e+02	   2.9910000e-03	
   6.2920000e+02	   2.9410000e-03	
   6.2940000e+02	   2.8930000e-03	
   6.2960000e+02	   2.8450000e-03	
   6.2980000e+02	   2.7980000e-03	
   6.3000000e+02	   2.7520000e-03	
   6.3020000e+02	   2.7070000e-03	
   6.3040000e+02	   2.6620000e-03	
   6.3060000e+02	   2.6180000e-03	
   6.3080000e+02	   2.5750000e-03	
   6.3100000e+02	   2.5330000e-03	
   6.3120000e+02	   2.4910000e-03	
   6.3140000e+02	   2.4500000e-03	
   6.3160000e+02	   2.4090000e-03	
   6.3180000e+02	   2.3700000e-03	
   6.3200000e+02	   2.3310000e-03	
   6.3220000e+02	   2.2920000e-03	
   6.3240000e+02	   2.2540000e-03	
   6.3260000e+02	   2.2170000e-03	
   6.3280000e+02	   2.1810000e-03	
   6.3300000e+02	   2.1450000e-03	
   6.3320000e+02	   2.1090000e-03	
   6.3340000e+02	   2.0750000e-03	
   6.3360000e+02	   2.0410000e-03	
   6.3380000e+02	   2.0070000e-03	
   6.3400000e+02	   1.9740000e-03	
   6.3420000e+02	   1.9410000e-03	
   6.3440000e+02	   1.9090000e-03	
   6.3460000e+02	   1.8780000e-03	
   6.3480000e+02	   1.8470000e-03	
   6.3500000e+02	   1.8170000e-03	
   6.3520000e+02	   1.7870000e-03	
   6.3540000e+02	   1.7570000e-03	
   6.3560000e+02	   1.7290000e-03	
   6.3580000e+02	   1.7000000e-03	
   6.3600000e+02	   1.6720000e-03	
   6.3620000e+02	   1.6450000e-03	
   6.3640000e+02	   1.6180000e-03	
   6.3660000e+02	   1.5910000e-03	
   6.3680000e+02	   1.5650000e-03	
   6.3700000e+02	   1.5390000e-03	
   6.3720000e+02	   1.5140000e-03	
   6.3740000e+02	   1.4890000e-03	
   6.3760000e+02	   1.4650000e-03	
   6.3780000e+02	   1.4410000e-03	
   6.3800000e+02	   1.4170000e-03	
   6.3820000e+02	   1.3940000e-03	
   6.3840000e+02	   1.3710000e-03	
   6.3860000e+02	   1.3490000e-03	
   6.3880000e+02	   1.3260000e-03	
   6.3900000e+02	   1.3050000e-03	
   6.3920000e+02	   1.2830000e-03	
   6.3940000e+02	   1.2620000e-03	
   6.3960000e+02	   1.2420000e-03	
   6.3980000e+02	   1.2210000e-03	
   6.4000000e+02	   1.2010000e-03	
   6.4020000e+02	   1.1820000e-03	
   6.4040000e+02	   1.1620000e-03	
   6.4060000e+02	   1.1430000e-03	
   6.4080000e+02	   1.1250000e-03	
   6.4100000e+02	   1.1060000e-03	
   6.4120000e+02	   1.0880000e-03	
   6.4140000e+02	   1.0710000e-03	
   6.4160000e+02	   1.0530000e-03	
   6.4180000e+02	   1.0360000e-03	
   6.4200000e+02	   1.0190000e-03	
   6.4220000e+02	   1.0020000e-03	
   6.4240000e+02	   9.8600000e-04	
   6.4260000e+02	   9.7000000e-04	
   6.4280000e+02	   9.5400000e-04	
   6.4300000e+02	   9.3900000e-04	
   6.4320000e+02	   9.2300000e-04	
   6.4340000e+02	   9.0800000e-04	
   6.4360000e+02	   8.9400000e-04	
   6.4380000e+02	   8.7900000e-04	
   6.4400000e+02	   8.6500000e-04	
   6.4420000e+02	   8.5100000e-04	
   6.4440000e+02	   8.3700000e-04	
   6.4460000e+02	   8.2300000e-04	
   6.4480000e+02	   8.1000000e-04	
   6.4500000e+02	   7.9700000e-04	
   6.4520000e+02	   7.8400000e-04	
   6.4540000e+02	   7.7100000e-04	
   6.4560000e+02	   7.5900000e-04	
   6.4580000e+02	   7.4600000e-04	
   6.4600000e+02	   7.3400000e-04	
   6.4620000e+02	   7.2200000e-04	
   6.4640000e+02	   7.1100000e-04	
   6.4660000e+02	   6.9900000e-04	
   6.4680000e+02	   6.8800000e-04	
   6.4700000e+02	   6.7700000e-04	
   6.4720000e+02	   6.6600000e-04	
   6.4740000e+02	   6.5500000e-04	
   6.4760000e+02	   6.4400000e-04	
   6.4780000e+02	   6.3400000e-04	
   6.4800000e+02	   6.2400000e-04	
   6.4820000e+02	   6.1400000e-04	
   6.4840000e+02	   6.0400000e-04	
   6.4860000e+02	   5.9400000e-04	
   6.4880000e+02	   5.8400000e-04	
   6.4900000e+02	   5.7500000e-04	
   6.4920000e+02	   5.6600000e-04	
   6.4940000e+02	   5.5700000e-04	
   6.4960000e+02	   5.4800000e-04	
   6.4980000e+02	   5.3900000e-04	
   6.5000000e+02	   5.3000000e-04	
   6.5020000e+02	   5.2200000e-04	
   6.5040000e+02	   5.1300000e-04	
   6.5060000e+02	   5.0500000e-04	
   6.5080000e+02	   4.9700000e-04	
   6.5100000e+02	   4.8900000e-04	
   6.5120000e+02	   4.8100000e-04	
   6.5140000e+02	   4.7300000e-04	
   6.5160000e+02	   4.6600000e-04	
   6.5180000e+02	   4.5800000e-04	
   6.5200000e+02	   4.5100000e-04	
   6.5220000e+02	   4.4400000e-04	
   6.5240000e+02	   4.3700000e-04	
   6.5260000e+02	   4.3000000e-04	
   6.5280000e+02	   4.2300000e-04	
   6.5300000e+02	   4.1600000e-04	
   6.5320000e+02	   4.0900000e-04	
   6.5340000e+02	   4.0300000e-04	
   6.5360000e+02	   3.9600000e-04	
   6.5380000e+02	   3.9000000e-04	
   6.5400000e+02	   3.8400000e-04	
   6.5420000e+02	   3.7800000e-04	
   6.5440000e+02	   3.7200000e-04	
   6.5460000e+02	   3.6600000e-04	
   6.5480000e+02	   3.6000000e-04	
   6.5500000e+02	   3.5400000e-04	
   6.5520000e+02	   3.4900000e-04	
   6.5540000e+02	   3.4300000e-04	
   6.5560000e+02	   3.3800000e-04	
   6.5580000e+02	   3.3200000e-04	
   6.5600000e+02	   3.2700000e-04	
   6.5620000e+02	   3.2200000e-04	
   6.5640000e+02	   3.1700000e-04	
   6.5660000e+02	   3.1200000e-04	
   6.5680000e+02	   3.0700000e-04	
   6.5700000e+02	   3.0200000e-04	
   6.5720000e+02	   2.9700000e-04	
   6.5740000e+02	   2.9200000e-04	
   6.5760000e+02	   2.8800000e-04	
   6.5780000e+02	   2.8300000e-04	
   6.5800000e+02	   2.7900000e-04	
   6.5820000e+02	   2.7400000e-04	
   6.5840000e+02	   2.7000000e-04	
   6.5860000e+02	   2.6600000e-04	
   6.5880000e+02	   2.6200000e-04	
   6.5900000e+02	   2.5700000e-04	
   6.5920000e+02	   2.5300000e-04	
   6.5940000e+02	   2.4900000e-04	
   6.5960000e+02	   2.4500000e-04	
   6.5980000e+02	   2.4200000e-04	
   6.6000000e+02	   2.3800000e-04	
   6.6020000e+02	   2.3400000e-04	
   6.6040000e+02	   2.3000000e-04	
   6.6060000e+02	   2.2700000e-04	
   6.6080000e+02	   2.2300000e-04	
   6.6100000e+02	   2.2000000e-04	
   6.6120000e+02	   2.1600000e-04	
   6.6140000e+02	   2.1300000e-04	
   6.6160000e+02	   2.1000000e-04	
   6.6180000e+02	   2.0600000e-04	
   6.6200000e+02	   2.0300000e-04	
   6.6220000e+02	   2.0000000e-04	
   6.6240000e+02	   1.9700000e-04	
   6.6260000e+02	   1.9400000e-04	
   6.6280000e+02	   1.9100000e-04	
   6.6300000e+02	   1.8800000e-04	
   6.6320000e+02	   1.8500000e-04	
   6.6340000e+02	   1.8200000e-04	
   6.6360000e+02	   1.7900000e-04	
   6.6380000e+02	   1.7600000e-04	
   6.6400000e+02	   1.7300000e-04	
   6.6420000e+02	   1.7100000e-04	
   6.6440000e+02	   1.6800000e-04	
   6.6460000e+02	   1.6500000e-04	
   6.6480000e+02	   1.6300000e-04	
   6.6500000e+02	   1.6000000e-04	
   6.6520000e+02	   1.5800000e-04	
   6.6540000e+02	   1.5500000e-04	
   6.6560000e+02	   1.5300000e-04	
   6.6580000e+02	   1.5100000e-04	
   6.6600000e+02	   1.4800000e-04	
   6.6620000e+02	   1.4600000e-04	
   6.6640000e+02	   1.4400000e-04	
   6.6660000e+02	   1.4200000e-04	
   6.6680000e+02	   1.3900000e-04	
   6.6700000e+02	   1.3700000e-04	
   6.6720000e+02	   1.3500000e-04	
   6.6740000e+02	   1.3300000e-04	
   6.6760000e+02	   1.3100000e-04	
   6.6780000e+02	   1.2900000e-04	
   6.6800000e+02	   1.2700000e-04	
   6.6820000e+02	   1.2500000e-04	
   6.6840000e+02	   1.2300000e-04	
   6.6860000e+02	   1.2100000e-04	
   6.6880000e+02	   1.1900000e-04	
   6.6900000e+02	   1.1700000e-04	
   6.6920000e+02	   1.1600000e-04	
   6.6940000e+02	   1.1400000e-04	
   6.6960000e+02	   1.1200000e-04	
   6.6980000e+02	   1.1000000e-04	
   6.7000000e+02	   1.0900000e-04	
   6.7020000e+02	   1.0700000e-04	
   6.7040000e+02	   1.0500000e-04	
   6.7060000e+02	   1.0400000e-04	
   6.7080000e+02	   1.0200000e-04	
   6.7100000e+02	   1.0100000e-04	
   6.7120000e+02	   9.9000000e-05	
   6.7140000e+02	   9.8000000e-05	
   6.7160000e+02	   9.6000000e-05	
   6.7180000e+02	   9.5000000e-05	
   6.7200000e+02	   9.3000000e-05	
   6.7220000e+02	   9.2000000e-05	
   6.7240000e+02	   9.0000000e-05	
   6.7260000e+02	   8.9000000e-05	
   6.7280000e+02	   8.8000000e-05	
   6.7300000e+02	   8.6000000e-05	
   6.7320000e+02	   8.5000000e-05	
   6.7340000e+02	   8.4000000e-05	
   6.7360000e+02	   8.2000000e-05	
   6.7380000e+02	   8.1000000e-05	
   6.7400000e+02	   8.0000000e-05	
   6.7420000e+02	   7.9000000e-05	
   6.7440000e+02	   7.8000000e-05	
   6.7460000e+02	   7.6000000e-05	
   6.7480000e+02	   7.5000000e-05	
   6.7500000e+02	   7.4000000e-05	
   6.7520000e+02	   7.3000000e-05	
   6.7540000e+02	   7.2000000e-05	
   6.7560000e+02	   7.1000000e-05	
   6.7580000e+02	   7.0000000e-05	
   6.7600000e+02	   6.9000000e-05	
   6.7620000e+02	   6.8000000e-05	
   6.7640000e+02	   6.7000000e-05	
   6.7660000e+02	   6.6000000e-05	
   6.7680000e+02	   6.5000000e-05	
   6.7700000e+02	   6.4000000e-05	
   6.7720000e+02	   6.3000000e-05	
   6.7740000e+02	   6.2000000e-05	
   6.7760000e+02	   6.1000000e-05	
   6.7780000e+02	   6.0000000e-05	
   6.7800000e+02	   5.9000000e-05	
   6.7820000e+02	   5.8000000e-05	
   6.7840000e+02	   5.7000000e-05	
   6.7860000e+02	   5.6000000e-05	
   6.7880000e+02	   5.5000000e-05	
   6.7900000e+02	   5.5000000e-05	
   6.7920000e+02	   5.4000000e-05	
   6.7940000e+02	   5.3000000e-05	
   6.7960000e+02	   5.2000000e-05	
   6.7980000e+02	   5.1000000e-05	
   6.8000000e+02	   5.1000000e-05	
   6.8020000e+02	   5.0000000e-05	
   6.8040000e+02	   4.9000000e-05	
   6.8060000e+02	   4.8000000e-05	
   6.8080000e+02	   4.8000000e-05	
   6.8100000e+02	   4.7000000e-05	
   6.8120000e+02	   4.6000000e-05	
   6.8140000e+02	   4.6000000e-05	
   6.8160000e+02	   4.5000000e-05	
   6.8180000e+02	   4.4000000e-05	
   6.8200000e+02	   4.4000000e-05	
   6.8220000e+02	   4.3000000e-05	
   6.8240000e+02	   4.2000000e-05	
   6.8260000e+02	   4.2000000e-05	
   6.8280000e+02	   4.1000000e-05	
   6.8300000e+02	   4.0000000e-05	
   6.8320000e+02	   4.0000000e-05	
   6.8340000e+02	   3.9000000e-05	
   6.8360000e+02	   3.9000000e-05	
   6.8380000e+02	   3.8000000e-05	
   6.8400000e+02	   3.8000000e-05	
   6.8420000e+02	   3.7000000e-05	
   6.8440000e+02	   3.6000000e-05	
   6.8460000e+02	   3.6000000e-05	
   6.8480000e+02	   3.5000000e-05	
   6.8500000e+02	   3.5000000e-05	
   6.8520000e+02	   3.4000000e-05	
   6.8540000e+02	   3.4000000e-05	
   6.8560000e+02	   3.3000000e-05	
   6.8580000e+02	   3.3000000e-05	
   6.8600000e+02	   3.2000000e-05	
   6.8620000e+02	   3.2000000e-05	
   6.8640000e+02	   3.1000000e-05	
   6.8660000e+02	   3.1000000e-05	
   6.8680000e+02	   3.1000000e-05	
   6.8700000e+02	   3.0000000e-05	
   6.8720000e+02	   3.0000000e-05	
   6.8740000e+02	   2.9000000e-05	
   6.8760000e+02	   2.9000000e-05	
   6.8780000e+02	   2.8000000e-05	
   6.8800000e+02	   2.8000000e-05	
   6.8820000e+02	   2.8000000e-05	
   6.8840000e+02	   2.7000000e-05	
   6.8860000e+02	   2.7000000e-05	
   6.8880000e+02	   2.6000000e-05	
   6.8900000e+02	   2.6000000e-05	
   6.8920000e+02	   2.6000000e-05	
   6.8940000e+02	   2.5000000e-05	
   6.8960000e+02	   2.5000000e-05	
   6.8980000e+02	   2.4000000e-05	
   6.9000000e+02	   2.4000000e-05	
   6.9020000e+02	   2.4000000e-05	
   6.9040000e+02	   2.3000000e-05	
   6.9060000e+02	   2.3000000e-05	
   6.9080000e+02	   2.3000000e-05	
   6.9100000e+02	   2.2000000e-05	
   6.9120000e+02	   2.2000000e-05	
   6.9140000e+02	   2.2000000e-05	
   6.9160000e+02	   2.1000000e-05	
   6.9180000e+02	   2.1000000e-05	
   6.9200000e+02	   2.1000000e-05	
   6.9220000e+02	   2.1000000e-05	
   6.9240000e+02	   2.0000000e-05	
   6.9260000e+02	   2.0000000e-05	
   6.9280000e+02	   2.0000000e-05	
   6.9300000e+02	   1.9000000e-05	
   6.9320000e+02	   1.9000000e-05	
   6.9340000e+02	   1.9000000e-05	
   6.9360000e+02	   1.9000000e-05	
   6.9380000e+02	   1.8000000e-05	
   6.9400000e+02	   1.8000000e-05	
   6.9420000e+02	   1.8000000e-05	
   6.9440000e+02	   1.8000000e-05	
   6.9460000e+02	   1.7000000e-05	
   6.9480000e+02	   1.7000000e-05	
   6.9500000e+02	   1.7000000e-05	
   6.9520000e+02	   1.7000000e-05	
   6.9540000e+02	   1.6000000e-05	
   6.9560000e+02	   1.6000000e-05	
   6.9580000e+02	   1.6000000e-05	
   6.9600000e+02	   1.6000000e-05	
   6.9620000e+02	   1.5000000e-05	
   6.9640000e+02	   1.5000000e-05	
   6.9660000e+02	   1.5000000e-05	
   6.9680000e+02	   1.5000000e-05	
   6.9700000e+02	   1.5000000e-05	
   6.9720000e+02	   1.4000000e-05	
   6.9740000e+02	   1.4000000e-05	
   6.9760000e+02	   1.4000000e-05	
   6.9780000e+02	   1.4000000e-05	
   6.9800000e+02	   1.4000000e-05	
   6.9820000e+02	   1.3000000e-05	
   6.9840000e+02	   1.3000000e-05	
   6.9860000e+02	   1.3000000e-05	
   6.9880000e+02	   1.3000000e-05	
   6.9900000e+02	   1.3000000e-05	
   6.9920000e+02	   1.2000000e-05	
   6.9940000e+02	   1.2000000e-05	
   6.9960000e+02	   1.2000000e-05	
   6.9980000e+02	   1.2000000e-05	
   7.0000000e+02	   1.2000000e-05	
   7.0020000e+02	   1.2000000e-05	
   7.0040000e+02	   1.1000000e-05	
   7.0060000e+02	   1.1000000e-05	
   7.0080000e+02	   1.1000000e-05	
   7.0100000e+02	   1.1000000e-05	
   7.0120000e+02	   1.1000000e-05	
   7.0140000e+02	   1.1000000e-05	
   7.0160000e+02	   1.0000000e-05	
   7.0180000e+02	   1.0000000e-05	
   7.0200000e+02	   1.0000000e-05	
   7.0220000e+02	   1.0000000e-05	
   7.0240000e+02	   1.0000000e-05	
   7.0260000e+02	   1.0000000e-05	
   7.0280000e+02	   1.0000000e-05	
   7.0300000e+02	   9.0000000e-06	
   7.0320000e+02	   9.0000000e-06	
   7.0340000e+02	   9.0000000e-06	
   7.0360000e+02	   9.0000000e-06	
   7.0380000e+02	   9.0000000e-06	
   7.0400000e+02	   9.0000000e-06	
   7.0420000e+02	   9.0000000e-06	
   7.0440000e+02	   9.0000000e-06	
   7.0460000e+02	   8.0000000e-06	
   7.0480000e+02	   8.0000000e-06	
   7.0500000e+02	   8.0000000e-06	
   7.0520000e+02	   8.0000000e-06	
   7.0540000e+02	   8.0000000e-06	
   7.0560000e+02	   8.0000000e-06	
   7.0580000e+02	   8.0000000e-06	
   7.0600000e+02	   8.0000000e-06	
   7.0620000e+02	   8.0000000e-06	
   7.0640000e+02	   7.0000000e-06	
   7.0660000e+02	   7.0000000e-06	
   7.0680000e+02	   7.0000000e-06	
   7.0700000e+02	   7.0000000e-06	
   7.0720000e+02	   7.0000000e-06	
   7.0740000e+02	   7.0000000e-06	
   7.0760000e+02	   7.0000000e-06	
   7.0780000e+02	   7.0000000e-06	
   7.0800000e+02	   7.0000000e-06	
   7.0820000e+02	   7.0000000e-06	
   7.0840000e+02	   6.0000000e-06	
   7.0860000e+02	   6.0000000e-06	
   7.0880000e+02	   6.0000000e-06	
   7.0900000e+02	   6.0000000e-06	
   7.0920000e+02	   6.0000000e-06	
   7.0940000e+02	   6.0000000e-06	
   7.0960000e+02	   6.0000000e-06	
   7.0980000e+02	   6.0000000e-06	
   7.1000000e+02	   6.0000000e-06	
   7.1020000e+02	   6.0000000e-06	
   7.1040000e+02	   6.0000000e-06	
   7.1060000e+02	   6.0000000e-06	
   7.1080000e+02	   5.0000000e-06	
   7.1100000e+02	   5.0000000e-06	
   7.1120000e+02	   5.0000000e-06	
   7.1140000e+02	   5.0000000e-06	
   7.1160000e+02	   5.0000000e-06	
   7.1180000e+02	   5.0000000e-06	
   7.1200000e+02	   5.0000000e-06	
   7.1220000e+02	   5.0000000e-06	
   7.1240000e+02	   5.0000000e-06	
   7.1260000e+02	   5.0000000e-06	
   7.1280000e+02	   5.0000000e-06	
   7.1300000e+02	   5.0000000e-06	
   7.1320000e+02	   5.0000000e-06	
   7.1340000e+02	   5.0000000e-06	
   7.1360000e+02	   5.0000000e-06	
   7.1380000e+02	   4.0000000e-06	
   7.1400000e+02	   4.0000000e-06	
   7.1420000e+02	   4.0000000e-06	
   7.1440000e+02	   4.0000000e-06	
   7.1460000e+02	   4.0000000e-06	
   7.1480000e+02	   4.0000000e-06	
   7.1500000e+02	   4.0000000e-06	
   7.1520000e+02	   4.0000000e-06	
   7.1540000e+02	   4.0000000e-06	
   7.1560000e+02	   4.0000000e-06	
   7.1580000e+02	   4.0000000e-06	
   7.1600000e+02	   4.0000000e-06	
   7.1620000e+02	   4.0000000e-06	
   7.1640000e+02	   4.0000000e-06	
   7.1660000e+02	   4.0000000e-06	
   7.1680000e+02	   4.0000000e-06	
   7.1700000e+02	   4.0000000e-06	
   7.1720000e+02	   4.0000000e-06	
   7.1740000e+02	   3.0000000e-06	
   7.1760000e+02	   3.0000000e-06	
   7.1780000e+02	   3.0000000e-06	
   7.1800000e+02	   3.0000000e-06	
   7.1820000e+02	   3.0000000e-06	
   7.1840000e+02	   3.0000000e-06	
   7.1860000e+02	   3.0000000e-06	
   7.1880000e+02	   3.0000000e-06	
   7.1900000e+02	   3.0000000e-06	
   7.1920000e+02	   3.0000000e-06	
   7.1940000e+02	   3.0000000e-06	
   7.1960000e+02	   3.0000000e-06	
   7.1980000e+02	   3.0000000e-06	
   7.2000000e+02	   3.0000000e-06	
   7.2020000e+02	   3.0000000e-06	
   7.2040000e+02	   3.0000000e-06	
   7.2060000e+02	   3.0000000e-06	
   7.2080000e+02	   3.0000000e-06	
   7.2100000e+02	   3.0000000e-06	
   7.2120000e+02	   3.0000000e-06	
   7.2140000e+02	   3.0000000e-06	
   7.2160000e+02	   3.0000000e-06	
   7.2180000e+02	   3.0000000e-06	
   7.2200000e+02	   3.0000000e-06	
   7.2220000e+02	   3.0000000e-06	
   7.2240000e+02	   2.0000000e-06	
   7.2260000e+02	   2.0000000e-06	
   7.2280000e+02	   2.0000000e-06	
   7.2300000e+02	   2.0000000e-06	
   7.2320000e+02	   2.0000000e-06	
   7.2340000e+02	   2.0000000e-06	
   7.2360000e+02	   2.0000000e-06	
   7.2380000e+02	   2.0000000e-06	
   7.2400000e+02	   2.0000000e-06	
   7.2420000e+02	   2.0000000e-06	
   7.2440000e+02	   2.0000000e-06	
   7.2460000e+02	   2.0000000e-06	
   7.2480000e+02	   2.0000000e-06	
   7.2500000e+02	   2.0000000e-06	
   7.2520000e+02	   2.0000000e-06	
   7.2540000e+02	   2.0000000e-06	
   7.2560000e+02	   2.0000000e-06	
   7.2580000e+02	   2.0000000e-06	
   7.2600000e+02	   2.0000000e-06	
   7.2620000e+02	   2.0000000e-06	
   7.2640000e+02	   2.0000000e-06	
   7.2660000e+02	   2.0000000e-06	
   7.2680000e+02	   2.0000000e-06	
   7.2700000e+02	   2.0000000e-06	
   7.2720000e+02	   2.0000000e-06	
   7.2740000e+02	   2.0000000e-06	
   7.2760000e+02	   2.0000000e-06	
   7.2780000e+02	   2.0000000e-06	
   7.2800000e+02	   2.0000000e-06	
   7.2820000e+02	   2.0000000e-06	
   7.2840000e+02	   2.0000000e-06	
   7.2860000e+02	   2.0000000e-06	
   7.2880000e+02	   2.0000000e-06	
   7.2900000e+02	   2.0000000e-06	
   7.2920000e+02	   2.0000000e-06	
   7.2940000e+02	   2.0000000e-06	
   7.2960000e+02	   2.0000000e-06	
   7.2980000e+02	   2.0000000e-06	
   7.3000000e+02	   2.0000000e-06	
   7.3020000e+02	   1.0000000e-06	
   7.3040000e+02	   1.0000000e-06	
   7.3060000e+02	   1.0000000e-06	
   7.3080000e+02	   1.0000000e-06	
   7.3100000e+02	   1.0000000e-06	
   7.3120000e+02	   1.0000000e-06	
   7.3140000e+02	   1.0000000e-06	
   7.3160000e+02	   1.0000000e-06	
   7.3180000e+02	   1.0000000e-06	
   7.3200000e+02	   1.0000000e-06	
   7.3220000e+02	   1.0000000e-06	
   7.3240000e+02	   1.0000000e-06	
   7.3260000e+02	   1.0000000e-06	
   7.3280000e+02	   1.0000000e-06	
   7.3300000e+02	   1.0000000e-06	
   7.3320000e+02	   1.0000000e-06	
   7.3340000e+02	   1.0000000e-06	
   7.3360000e+02	   1.0000000e-06	
   7.3380000e+02	   1.0000000e-06	
   7.3400000e+02	   1.0000000e-06	
   7.3420000e+02	   1.0000000e-06	
   7.3440000e+02	   1.0000000e-06	
   7.3460000e+02	   1.0000000e-06	
   7.3480000e+02	   1.0000000e-06	
   7.3500000e+02	   1.0000000e-06	
   7.3520000e+02	   1.0000000e-06	
   7.3540000e+02	   1.0000000e-06	
   7.3560000e+02	   1.0000000e-06	
   7.3580000e+02	   1.0000000e-06	
   7.3600000e+02	   1.0000000e-06	
   7.3620000e+02	   1.0000000e-06	
   7.3640000e+02	   1.0000000e-06	
   7.3660000e+02	   1.0000000e-06	
   7.3680000e+02	   1.0000000e-06	
   7.3700000e+02	   1.0000000e-06	
   7.3720000e+02	   1.0000000e-06	
   7.3740000e+02	   1.0000000e-06	
   7.3760000e+02	   1.0000000e-06	
   7.3780000e+02	   1.0000000e-06	
   7.3800000e+02	   1.0000000e-06	
   7.3820000e+02	   1.0000000e-06	
   7.3840000e+02	   1.0000000e-06	
   7.3860000e+02	   1.0000000e-06	
   7.3880000e+02	   1.0000000e-06	
   7.3900000e+02	   1.0000000e-06	
   7.3920000e+02	   1.0000000e-06	
   7.3940000e+02	   1.0000000e-06	
   7.3960000e+02	   1.0000000e-06	
   7.3980000e+02	   1.0000000e-06	
   7.4000000e+02	   1.0000000e-06	
   7.4020000e+02	   1.0000000e-06	
   7.4040000e+02	   1.0000000e-06	
   7.4060000e+02	   1.0000000e-06	
   7.4080000e+02	   1.0000000e-06	
   7.4100000e+02	   1.0000000e-06	
   7.4120000e+02	   1.0000000e-06	
   7.4140000e+02	   1.0000000e-06	
   7.4160000e+02	   1.0000000e-06	
   7.4180000e+02	   1.0000000e-06	
   7.4200000e+02	   1.0000000e-06	
   7.4220000e+02	   1.0000000e-06	
   7.4240000e+02	   1.0000000e-06	
   7.4260000e+02	   1.0000000e-06	
   7.4280000e+02	   1.0000000e-06	
   7.4300000e+02	   1.0000000e-06	
   7.4320000e+02	   1.0000000e-06	
   7.4340000e+02	   1.0000000e-06	
   7.4360000e+02	   1.0000000e-06	
   7.4380000e+02	   1.0000000e-06	
   7.4400000e+02	   1.0000000e-06	
   7.4420000e+02	   1.0000000e-06	
   7.4440000e+02	   1.0000000e-06	
   7.4460000e+02	   1.0000000e-06	
   7.4480000e+02	   1.0000000e-06	
   7.4500000e+02	   1.0000000e-06	
   7.4520000e+02	   1.0000000e-06	
   7.4540000e+02	   1.0000000e-06	
   7.4560000e+02	   1.0000000e-06	
   7.4580000e+02	   1.0000000e-06	
   7.4600000e+02	   1.0000000e-06	
   7.4620000e+02	   1.0000000e-06	
   7.4640000e+02	   1.0000000e-06	
   7.4660000e+02	   1.0000000e-06	
   7.4680000e+02	   1.0000000e-06	
   7.4700000e+02	   1.0000000e-06	
   7.4720000e+02	   0.0000000e+00	
   7.4740000e+02	   0.0000000e+00	
   7.4760000e+02	   0.0000000e+00	
   7.4780000e+02	   0.0000000e+00	
   7.4800000e+02	   0.0000000e+00	
   7.4820000e+02	   0.0000000e+00	
   7.4840000e+02	   0.0000000e+00	
   7.4860000e+02	   0.0000000e+00	
   7.4880000e+02	   0.0000000e+00	
   7.4900000e+02	   0.0000000e+00	
   7.4920000e+02	   0.0000000e+00	
   7.4940000e+02	   0.0000000e+00	
   7.4960000e+02	   0.0000000e+00	
   7.4980000e+02	   0.0000000e+00	
   7.5000000e+02	   0.0000000e+00	
   7.5020000e+02	   0.0000000e+00	
   7.5040000e+02	   0.0000000e+00	
   7.5060000e+02	   0.0000000e+00	
   7.5080000e+02	   0.0000000e+00	
   7.5100000e+02	   0.0000000e+00	
   7.5120000e+02	   0.0000000e+00	
   7.5140000e+02	   0.0000000e+00	
   7.5160000e+02	   0.0000000e+00	
   7.5180000e+02	   0.0000000e+00	
   7.5200000e+02	   0.0000000e+00	
   7.5220000e+02	   0.0000000e+00	
   7.5240000e+02	   0.0000000e+00	
   7.5260000e+02	   0.0000000e+00	
   7.5280000e+02	   0.0000000e+00	
   7.5300000e+02	   0.0000000e+00	
   7.5320000e+02	   0.0000000e+00	
   7.5340000e+02	   0.0000000e+00	
   7.5360000e+02	   0.0000000e+00	
   7.5380000e+02	   0.0000000e+00	
   7.5400000e+02	   0.0000000e+00	
   7.5420000e+02	   0.0000000e+00	
   7.5440000e+02	   0.0000000e+00	
   7.5460000e+02	   0.0000000e+00	
   7.5480000e+02	   0.0000000e+00	
   7.5500000e+02	   0.0000000e+00	
   7.5520000e+02	   0.0000000e+00	
   7.5540000e+02	   0.0000000e+00	
   7.5560000e+02	   0.0000000e+00	
   7.5580000e+02	   0.0000000e+00	
   7.5600000e+02	   0.0000000e+00	
   7.5620000e+02	   0.0000000e+00	
   7.5640000e+02	   0.0000000e+00	
   7.5660000e+02	   0.0000000e+00	
   7.5680000e+02	   0.0000000e+00	
   7.5700000e+02	   0.0000000e+00	
   7.5720000e+02	   0.0000000e+00	
   7.5740000e+02	   0.0000000e+00	
   7.5760000e+02	   0.0000000e+00	
   7.5780000e+02	   0.0000000e+00	
   7.5800000e+02	   0.0000000e+00	
   7.5820000e+02	   0.0000000e+00	
   7.5840000e+02	   0.0000000e+00	
   7.5860000e+02	   0.0000000e+00	
   7.5880000e+02	   0.0000000e+00	
   7.5900000e+02	   0.0000000e+00	
   7.5920000e+02	   0.0000000e+00	
   7.5940000e+02	   0.0000000e+00	
   7.5960000e+02	   0.0000000e+00	
   7.5980000e+02	   0.0000000e+00	
   7.6000000e+02	   0.0000000e+00	
   7.6020000e+02	   0.0000000e+00	
   7.6040000e+02	   0.0000000e+00	
   7.6060000e+02	   0.0000000e+00	
   7.6080000e+02	   0.0000000e+00	
   7.6100000e+02	   0.0000000e+00	
   7.6120000e+02	   0.0000000e+00	
   7.6140000e+02	   0.0000000e+00	
   7.6160000e+02	   0.0000000e+00	
   7.6180000e+02	   0.0000000e+00	
   7.6200000e+02	   0.0000000e+00	
   7.6220000e+02	   0.0000000e+00	
   7.6240000e+02	   0.0000000e+00	
   7.6260000e+02	   0.0000000e+00	
   7.6280000e+02	   0.0000000e+00	
   7.6300000e+02	   0.0000000e+00	
   7.6320000e+02	   0.0000000e+00	
   7.6340000e+02	   0.0000000e+00	
   7.6360000e+02	   0.0000000e+00	
   7.6380000e+02	   0.0000000e+00	
   7.6400000e+02	   0.0000000e+00	
   7.6420000e+02	   0.0000000e+00	
   7.6440000e+02	   0.0000000e+00	
   7.6460000e+02	   0.0000000e+00	
   7.6480000e+02	   0.0000000e+00	
   7.6500000e+02	   0.0000000e+00	
   7.6520000e+02	   0.0000000e+00	
   7.6540000e+02	   0.0000000e+00	
   7.6560000e+02	   0.0000000e+00	
   7.6580000e+02	   0.0000000e+00	
   7.6600000e+02	   0.0000000e+00	
   7.6620000e+02	   0.0000000e+00	
   7.6640000e+02	   0.0000000e+00	
   7.6660000e+02	   0.0000000e+00	
   7.6680000e+02	   0.0000000e+00	
   7.6700000e+02	   0.0000000e+00	
   7.6720000e+02	   0.0000000e+00	
   7.6740000e+02	   0.0000000e+00	
   7.6760000e+02	   0.0000000e+00	
   7.6780000e+02	   0.0000000e+00	
   7.6800000e+02	   0.0000000e+00	
   7.6820000e+02	   0.0000000e+00	
   7.6840000e+02	   0.0000000e+00	
   7.6860000e+02	   0.0000000e+00	
   7.6880000e+02	   0.0000000e+00	
   7.6900000e+02	   0.0000000e+00	
   7.6920000e+02	   0.0000000e+00	
   7.6940000e+02	   0.0000000e+00	
   7.6960000e+02	   0.0000000e+00	
   7.6980000e+02	   0.0000000e+00	
   7.7000000e+02	   0.0000000e+00	
   7.7020000e+02	   0.0000000e+00	
   7.7040000e+02	   0.0000000e+00	
   7.7060000e+02	   0.0000000e+00	
   7.7080000e+02	   0.0000000e+00	
   7.7100000e+02	   0.0000000e+00	
   7.7120000e+02	   0.0000000e+00	
   7.7140000e+02	   0.0000000e+00	
   7.7160000e+02	   0.0000000e+00	
   7.7180000e+02	   0.0000000e+00	
   7.7200000e+02	   0.0000000e+00	
   7.7220000e+02	   0.0000000e+00	
   7.7240000e+02	   0.0000000e+00	
   7.7260000e+02	   0.0000000e+00	
   7.7280000e+02	   0.0000000e+00	
   7.7300000e+02	   0.0000000e+00	
   7.7320000e+02	   0.0000000e+00	
   7.7340000e+02	   0.0000000e+00	
   7.7360000e+02	   0.0000000e+00	
   7.7380000e+02	   0.0000000e+00	
   7.7400000e+02	   0.0000000e+00	
   7.7420000e+02	   0.0000000e+00	
   7.7440000e+02	   0.0000000e+00	
   7.7460000e+02	   0.0000000e+00	
   7.7480000e+02	   0.0000000e+00	
   7.7500000e+02	   0.0000000e+00	
   7.7520000e+02	   0.0000000e+00	
   7.7540000e+02	   0.0000000e+00	
   7.7560000e+02	   0.0000000e+00	
   7.7580000e+02	   0.0000000e+00	
   7.7600000e+02	   0.0000000e+00	
   7.7620000e+02	   0.0000000e+00	
   7.7640000e+02	   0.0000000e+00	
   7.7660000e+02	   0.0000000e+00	
   7.7680000e+02	   0.0000000e+00	
   7.7700000e+02	   0.0000000e+00	
   7.7720000e+02	   0.0000000e+00	
   7.7740000e+02	   0.0000000e+00	
   7.7760000e+02	   0.0000000e+00	
   7.7780000e+02	   0.0000000e+00	
   7.7800000e+02	   0.0000000e+00	
   7.7820000e+02	   0.0000000e+00	
   7.7840000e+02	   0.0000000e+00	
   7.7860000e+02	   0.0000000e+00	
   7.7880000e+02	   0.0000000e+00	
   7.7900000e+02	   0.0000000e+00	
   7.7920000e+02	   0.0000000e+00	
   7.7940000e+02	   0.0000000e+00	
   7.7960000e+02	   0.0000000e+00	
   7.7980000e+02	   0.0000000e+00	
   7.8000000e+02	   0.0000000e+00	
   7.8020000e+02	   0.0000000e+00	
   7.8040000e+02	   0.0000000e+00	
   7.8060000e+02	   0.0000000e+00	
   7.8080000e+02	   0.0000000e+00	
   7.8100000e+02	   0.0000000e+00	
   7.8120000e+02	   0.0000000e+00	
   7.8140000e+02	   0.0000000e+00	
   7.8160000e+02	   0.0000000e+00	
   7.8180000e+02	   0.0000000e+00	
   7.8200000e+02	   0.0000000e+00	
   7.8220000e+02	   0.0000000e+00	
   7.8240000e+02	   0.0000000e+00	
   7.8260000e+02	   0.0000000e+00	
   7.8280000e+02	   0.0000000e+00	
   7.8300000e+02	   0.0000000e+00	
   7.8320000e+02	   0.0000000e+00	
   7.8340000e+02	   0.0000000e+00	
   7.8360000e+02	   0.0000000e+00	
   7.8380000e+02	   0.0000000e+00	
   7.8400000e+02	   0.0000000e+00	
   7.8420000e+02	   0.0000000e+00	
   7.8440000e+02	   0.0000000e+00	
   7.8460000e+02	   0.0000000e+00	
   7.8480000e+02	   0.0000000e+00	
   7.8500000e+02	   0.0000000e+00	
   7.8520000e+02	   0.0000000e+00	
   7.8540000e+02	   0.0000000e+00	
   7.8560000e+02	   0.0000000e+00	
   7.8580000e+02	   0.0000000e+00	
   7.8600000e+02	   0.0000000e+00	
   7.8620000e+02	   0.0000000e+00	
   7.8640000e+02	   0.0000000e+00	
   7.8660000e+02	   0.0000000e+00	
   7.8680000e+02	   0.0000000e+00	
   7.8700000e+02	   0.0000000e+00	
   7.8720000e+02	   0.0000000e+00	
   7.8740000e+02	   0.0000000e+00	
   7.8760000e+02	   0.0000000e+00	
   7.8780000e+02	   0.0000000e+00	
   7.8800000e+02	   0.0000000e+00	
   7.8820000e+02	   0.0000000e+00	
   7.8840000e+02	   0.0000000e+00	
   7.8860000e+02	   0.0000000e+00	
   7.8880000e+02	   0.0000000e+00	
   7.8900000e+02	   0.0000000e+00	
   7.8920000e+02	   0.0000000e+00	
   7.8940000e+02	   0.0000000e+00	
   7.8960000e+02	   0.0000000e+00	
   7.8980000e+02	   0.0000000e+00	
   7.9000000e+02	   0.0000000e+00	
   7.9020000e+02	   0.0000000e+00	
   7.9040000e+02	   0.0000000e+00	
   7.9060000e+02	   0.0000000e+00	
   7.9080000e+02	   0.0000000e+00	
   7.9100000e+02	   0.0000000e+00	
   7.9120000e+02	   0.0000000e+00	
   7.9140000e+02	   0.0000000e+00	
   7.9160000e+02	   0.0000000e+00	
   7.9180000e+02	   0.0000000e+00	
   7.9200000e+02	   0.0000000e+00	
   7.9220000e+02	   0.0000000e+00	
   7.9240000e+02	   0.0000000e+00	
   7.9260000e+02	   0.0000000e+00	
   7.9280000e+02	   0.0000000e+00	
   7.9300000e+02	   0.0000000e+00	
   7.9320000e+02	   0.0000000e+00	
   7.9340000e+02	   0.0000000e+00	
   7.9360000e+02	   0.0000000e+00	
   7.9380000e+02	   0.0000000e+00	
   7.9400000e+02	   0.0000000e+00	
   7.9420000e+02	   0.0000000e+00	
   7.9440000e+02	   0.0000000e+00	
   7.9460000e+02	   0.0000000e+00	
   7.9480000e+02	   0.0000000e+00	
   7.9500000e+02	   0.0000000e+00	
   7.9520000e+02	   0.0000000e+00	
   7.9540000e+02	   0.0000000e+00	
   7.9560000e+02	   0.0000000e+00	
   7.9580000e+02	   0.0000000e+00	
   7.9600000e+02	   0.0000000e+00	
   7.9620000e+02	   0.0000000e+00	
   7.9640000e+02	   0.0000000e+00	
   7.9660000e+02	   0.0000000e+00	
   7.9680000e+02	   0.0000000e+00	
   7.9700000e+02	   0.0000000e+00	
   7.9720000e+02	   0.0000000e+00	
   7.9740000e+02	   0.0000000e+00	
   7.9760000e+02	   0.0000000e+00	
   7.9780000e+02	   0.0000000e+00	
   7.9800000e+02	   0.0000000e+00	
   7.9820000e+02	   0.0000000e+00	
   7.9840000e+02	   0.0000000e+00	
   7.9860000e+02	   0.0000000e+00	
   7.9880000e+02	   0.0000000e+00	
   7.9900000e+02	   0.0000000e+00	
   7.9920000e+02	   0.0000000e+00	
   7.9940000e+02	   0.0000000e+00	
   7.9960000e+02	   0.0000000e+00	
   7.9980000e+02	   0.0000000e+00	
   8.0000000e+02	   0.0000000e+00	
   8.0020000e+02	   0.0000000e+00	
   8.0040000e+02	   0.0000000e+00	
   8.0060000e+02	   0.0000000e+00	
   8.0080000e+02	   0.0000000e+00	
   8.0100000e+02	   0.0000000e+00	
   8.0120000e+02	   0.0000000e+00	
   8.0140000e+02	   0.0000000e+00	
   8.0160000e+02	   0.0000000e+00	
   8.0180000e+02	   0.0000000e+00	
   8.0200000e+02	   0.0000000e+00	
   8.0220000e+02	   0.0000000e+00	
   8.0240000e+02	   0.0000000e+00	
   8.0260000e+02	   0.0000000e+00	
   8.0280000e+02	   0.0000000e+00	
   8.0300000e+02	   0.0000000e+00	
   8.0320000e+02	   0.0000000e+00	
   8.0340000e+02	   0.0000000e+00	
   8.0360000e+02	   0.0000000e+00	
   8.0380000e+02	   0.0000000e+00	
   8.0400000e+02	   0.0000000e+00	
   8.0420000e+02	   0.0000000e+00	
   8.0440000e+02	   0.0000000e+00	
   8.0460000e+02	   0.0000000e+00	
   8.0480000e+02	   0.0000000e+00	
   8.0500000e+02	   0.0000000e+00	
   8.0520000e+02	   0.0000000e+00	
   8.0540000e+02	   0.0000000e+00	
   8.0560000e+02	   0.0000000e+00	
   8.0580000e+02	   0.0000000e+00	
   8.0600000e+02	   0.0000000e+00	
   8.0620000e+02	   0.0000000e+00	
   8.0640000e+02	   0.0000000e+00	
   8.0660000e+02	   0.0000000e+00	
   8.0680000e+02	   0.0000000e+00	
   8.0700000e+02	   0.0000000e+00	
   8.0720000e+02	   0.0000000e+00	
   8.0740000e+02	   0.0000000e+00	
   8.0760000e+02	   0.0000000e+00	
   8.0780000e+02	   0.0000000e+00	
   8.0800000e+02	   0.0000000e+00	
   8.0820000e+02	   0.0000000e+00	
   8.0840000e+02	   0.0000000e+00	
   8.0860000e+02	   0.0000000e+00	
   8.0880000e+02	   0.0000000e+00	
   8.0900000e+02	   0.0000000e+00	
   8.0920000e+02	   0.0000000e+00	
   8.0940000e+02	   0.0000000e+00	
   8.0960000e+02	   0.0000000e+00	
   8.0980000e+02	   0.0000000e+00	
   8.1000000e+02	   0.0000000e+00	
   8.1020000e+02	   0.0000000e+00	
   8.1040000e+02	   0.0000000e+00	
   8.1060000e+02	   0.0000000e+00	
   8.1080000e+02	   0.0000000e+00	
   8.1100000e+02	   0.0000000e+00	
   8.1120000e+02	   0.0000000e+00	
   8.1140000e+02	   0.0000000e+00	
   8.1160000e+02	   0.0000000e+00	
   8.1180000e+02	   0.0000000e+00	
   8.1200000e+02	   0.0000000e+00	
   8.1220000e+02	   0.0000000e+00	
   8.1240000e+02	   0.0000000e+00	
   8.1260000e+02	   0.0000000e+00	
   8.1280000e+02	   0.0000000e+00	
   8.1300000e+02	   0.0000000e+00	
   8.1320000e+02	   0.0000000e+00	
   8.1340000e+02	   0.0000000e+00	
   8.1360000e+02	   0.0000000e+00	
   8.1380000e+02	   0.0000000e+00	
   8.1400000e+02	   0.0000000e+00	
   8.1420000e+02	   0.0000000e+00	
   8.1440000e+02	   0.0000000e+00	
   8.1460000e+02	   0.0000000e+00	
   8.1480000e+02	   0.0000000e+00	
   8.1500000e+02	   0.0000000e+00	
   8.1520000e+02	   0.0000000e+00	
   8.1540000e+02	   0.0000000e+00	
   8.1560000e+02	   0.0000000e+00	
   8.1580000e+02	   0.0000000e+00	
   8.1600000e+02	   0.0000000e+00	
   8.1620000e+02	   0.0000000e+00	
   8.1640000e+02	   0.0000000e+00	
   8.1660000e+02	   0.0000000e+00	
   8.1680000e+02	   0.0000000e+00	
   8.1700000e+02	   0.0000000e+00	
   8.1720000e+02	   0.0000000e+00	
   8.1740000e+02	   0.0000000e+00	
   8.1760000e+02	   0.0000000e+00	
   8.1780000e+02	   0.0000000e+00	
   8.1800000e+02	   0.0000000e+00	
   8.1820000e+02	   0.0000000e+00	
   8.1840000e+02	   0.0000000e+00	
   8.1860000e+02	   0.0000000e+00	
   8.1880000e+02	   0.0000000e+00	
   8.1900000e+02	   0.0000000e+00	
   8.1920000e+02	   0.0000000e+00	
   8.1940000e+02	   0.0000000e+00	
   8.1960000e+02	   0.0000000e+00	
   8.1980000e+02	   0.0000000e+00	
   8.2000000e+02	   0.0000000e+00	
   8.2020000e+02	   0.0000000e+00	
   8.2040000e+02	   0.0000000e+00	
   8.2060000e+02	   0.0000000e+00	
   8.2080000e+02	   0.0000000e+00	
   8.2100000e+02	   0.0000000e+00	
   8.2120000e+02	   0.0000000e+00	
   8.2140000e+02	   0.0000000e+00	
   8.2160000e+02	   0.0000000e+00	
   8.2180000e+02	   0.0000000e+00	
   8.2200000e+02	   0.0000000e+00	
   8.2220000e+02	   0.0000000e+00	
   8.2240000e+02	   0.0000000e+00	
   8.2260000e+02	   0.0000000e+00	
   8.2280000e+02	   0.0000000e+00	
   8.2300000e+02	   0.0000000e+00	
   8.2320000e+02	   0.0000000e+00	
   8.2340000e+02	   0.0000000e+00	
   8.2360000e+02	   0.0000000e+00	
   8.2380000e+02	   0.0000000e+00	
   8.2400000e+02	   0.0000000e+00	
   8.2420000e+02	   0.0000000e+00	
   8.2440000e+02	   0.0000000e+00	
   8.2460000e+02	   0.0000000e+00	
   8.2480000e+02	   0.0000000e+00	
   8.2500000e+02	   0.0000000e+00	
   8.2520000e+02	   0.0000000e+00	
   8.2540000e+02	   0.0000000e+00	
   8.2560000e+02	   0.0000000e+00	
   8.2580000e+02	   0.0000000e+00	
   8.2600000e+02	   0.0000000e+00	
   8.2620000e+02	   0.0000000e+00	
   8.2640000e+02	   0.0000000e+00	
   8.2660000e+02	   0.0000000e+00	
   8.2680000e+02	   0.0000000e+00	
   8.2700000e+02	   0.0000000e+00	
   8.2720000e+02	   0.0000000e+00	
   8.2740000e+02	   0.0000000e+00	
   8.2760000e+02	   0.0000000e+00	
   8.2780000e+02	   0.0000000e+00	
   8.2800000e+02	   0.0000000e+00	
   8.2820000e+02	   0.0000000e+00	
   8.2840000e+02	   0.0000000e+00	
   8.2860000e+02	   0.0000000e+00	
   8.2880000e+02	   0.0000000e+00	
   8.2900000e+02	   0.0000000e+00	
   8.2920000e+02	   0.0000000e+00	
   8.2940000e+02	   0.0000000e+00	
   8.2960000e+02	   0.0000000e+00	
   8.2980000e+02	   0.0000000e+00	
   8.3000000e+02	   0.0000000e+00	
   8.3020000e+02	   0.0000000e+00	
   8.3040000e+02	   0.0000000e+00	
   8.3060000e+02	   0.0000000e+00	
   8.3080000e+02	   0.0000000e+00	
   8.3100000e+02	   0.0000000e+00	
   8.3120000e+02	   0.0000000e+00	
   8.3140000e+02	   0.0000000e+00	
   8.3160000e+02	   0.0000000e+00	
   8.3180000e+02	   0.0000000e+00	
   8.3200000e+02	   0.0000000e+00	
   8.3220000e+02	   0.0000000e+00	
   8.3240000e+02	   0.0000000e+00	
   8.3260000e+02	   0.0000000e+00	
   8.3280000e+02	   0.0000000e+00	
   8.3300000e+02	   0.0000000e+00	
   8.3320000e+02	   0.0000000e+00	
   8.3340000e+02	   0.0000000e+00	
   8.3360000e+02	   0.0000000e+00	
   8.3380000e+02	   0.0000000e+00	
   8.3400000e+02	   0.0000000e+00	
   8.3420000e+02	   0.0000000e+00	
   8.3440000e+02	   0.0000000e+00	
   8.3460000e+02	   0.0000000e+00	
   8.3480000e+02	   0.0000000e+00	
   8.3500000e+02	   0.0000000e+00	
   8.3520000e+02	   0.0000000e+00	
   8.3540000e+02	   0.0000000e+00	
   8.3560000e+02	   0.0000000e+00	
   8.3580000e+02	   0.0000000e+00	
   8.3600000e+02	   0.0000000e+00	
   8.3620000e+02	   0.0000000e+00	
   8.3640000e+02	   0.0000000e+00	
   8.3660000e+02	   0.0000000e+00	
   8.3680000e+02	   0.0000000e+00	
   8.3700000e+02	   0.0000000e+00	
   8.3720000e+02	   0.0000000e+00	
   8.3740000e+02	   0.0000000e+00	
   8.3760000e+02	   0.0000000e+00	
   8.3780000e+02	   0.0000000e+00	
   8.3800000e+02	   0.0000000e+00	
   8.3820000e+02	   0.0000000e+00	
   8.3840000e+02	   0.0000000e+00	
   8.3860000e+02	   0.0000000e+00	
   8.3880000e+02	   0.0000000e+00	
   8.3900000e+02	   0.0000000e+00	
   8.3920000e+02	   0.0000000e+00	
   8.3940000e+02	   0.0000000e+00	
   8.3960000e+02	   0.0000000e+00	
   8.3980000e+02	   0.0000000e+00	
   8.4000000e+02	   0.0000000e+00	
   8.4020000e+02	   0.0000000e+00	
   8.4040000e+02	   0.0000000e+00	
   8.4060000e+02	   0.0000000e+00	
   8.4080000e+02	   0.0000000e+00	
   8.4100000e+02	   0.0000000e+00	
   8.4120000e+02	   0.0000000e+00	
   8.4140000e+02	   0.0000000e+00	
   8.4160000e+02	   0.0000000e+00	
   8.4180000e+02	   0.0000000e+00	
   8.4200000e+02	   0.0000000e+00	
   8.4220000e+02	   0.0000000e+00	
   8.4240000e+02	   0.0000000e+00	
   8.4260000e+02	   0.0000000e+00	
   8.4280000e+02	   0.0000000e+00	
   8.4300000e+02	   0.0000000e+00	
   8.4320000e+02	   0.0000000e+00	
   8.4340000e+02	   0.0000000e+00	
   8.4360000e+02	   0.0000000e+00	
   8.4380000e+02	   0.0000000e+00	
   8.4400000e+02	   0.0000000e+00	
   8.4420000e+02	   0.0000000e+00	
   8.4440000e+02	   0.0000000e+00	
   8.4460000e+02	   0.0000000e+00	
   8.4480000e+02	   0.0000000e+00	
   8.4500000e+02	   0.0000000e+00	
   8.4520000e+02	   0.0000000e+00	
   8.4540000e+02	   0.0000000e+00	
   8.4560000e+02	   0.0000000e+00	
   8.4580000e+02	   0.0000000e+00	
   8.4600000e+02	   0.0000000e+00	
   8.4620000e+02	   0.0000000e+00	
   8.4640000e+02	   0.0000000e+00	
   8.4660000e+02	   0.0000000e+00	
   8.4680000e+02	   0.0000000e+00	
   8.4700000e+02	   0.0000000e+00	
   8.4720000e+02	   0.0000000e+00	
   8.4740000e+02	   0.0000000e+00	
   8.4760000e+02	   0.0000000e+00	
   8.4780000e+02	   0.0000000e+00	
   8.4800000e+02	   0.0000000e+00	
   8.4820000e+02	   0.0000000e+00	
   8.4840000e+02	   0.0000000e+00	
   8.4860000e+02	   0.0000000e+00	
   8.4880000e+02	   0.0000000e+00	
   8.4900000e+02	   0.0000000e+00	
   8.4920000e+02	   0.0000000e+00	
   8.4940000e+02	   0.0000000e+00	
   8.4960000e+02	   0.0000000e+00	
   8.4980000e+02	   0.0000000e+00	
   8.5000000e+02	   0.0000000e+00	
   8.5020000e+02	   0.0000000e+00	
   8.5040000e+02	   0.0000000e+00	
   8.5060000e+02	   0.0000000e+00	
   8.5080000e+02	   0.0000000e+00	
   8.5100000e+02	   0.0000000e+00	
   8.5120000e+02	   0.0000000e+00	
   8.5140000e+02	   0.0000000e+00	
   8.5160000e+02	   0.0000000e+00	
   8.5180000e+02	   0.0000000e+00	
   8.5200000e+02	   0.0000000e+00	
   8.5220000e+02	   0.0000000e+00	
   8.5240000e+02	   0.0000000e+00	
   8.5260000e+02	   0.0000000e+00	
   8.5280000e+02	   0.0000000e+00	
   8.5300000e+02	   0.0000000e+00	
   8.5320000e+02	   0.0000000e+00	
   8.5340000e+02	   0.0000000e+00	
   8.5360000e+02	   0.0000000e+00	
   8.5380000e+02	   0.0000000e+00	
   8.5400000e+02	   0.0000000e+00	
   8.5420000e+02	   0.0000000e+00	
   8.5440000e+02	   0.0000000e+00	
   8.5460000e+02	   0.0000000e+00	
   8.5480000e+02	   0.0000000e+00	
   8.5500000e+02	   0.0000000e+00	
   8.5520000e+02	   0.0000000e+00	
   8.5540000e+02	   0.0000000e+00	
   8.5560000e+02	   0.0000000e+00	
   8.5580000e+02	   0.0000000e+00	
   8.5600000e+02	   0.0000000e+00	
   8.5620000e+02	   0.0000000e+00	
   8.5640000e+02	   0.0000000e+00	
   8.5660000e+02	   0.0000000e+00	
   8.5680000e+02	   0.0000000e+00	
   8.5700000e+02	   0.0000000e+00	
   8.5720000e+02	   0.0000000e+00	
   8.5740000e+02	   0.0000000e+00	
   8.5760000e+02	   0.0000000e+00	
   8.5780000e+02	   0.0000000e+00	
   8.5800000e+02	   0.0000000e+00	
   8.5820000e+02	   0.0000000e+00	
   8.5840000e+02	   0.0000000e+00	
   8.5860000e+02	   0.0000000e+00	
   8.5880000e+02	   0.0000000e+00	
   8.5900000e+02	   0.0000000e+00	
   8.5920000e+02	   0.0000000e+00	
   8.5940000e+02	   0.0000000e+00	
   8.5960000e+02	   0.0000000e+00	
   8.5980000e+02	   0.0000000e+00	
   8.6000000e+02	   0.0000000e+00	
   8.6020000e+02	   0.0000000e+00	
   8.6040000e+02	   0.0000000e+00	
   8.6060000e+02	   0.0000000e+00	
   8.6080000e+02	   0.0000000e+00	
   8.6100000e+02	   0.0000000e+00	
   8.6120000e+02	   0.0000000e+00	
   8.6140000e+02	   0.0000000e+00	
   8.6160000e+02	   0.0000000e+00	
   8.6180000e+02	   0.0000000e+00	
   8.6200000e+02	   0.0000000e+00	
   8.6220000e+02	   0.0000000e+00	
   8.6240000e+02	   0.0000000e+00	
   8.6260000e+02	   0.0000000e+00	
   8.6280000e+02	   0.0000000e+00	
   8.6300000e+02	   0.0000000e+00	
   8.6320000e+02	   0.0000000e+00	
   8.6340000e+02	   0.0000000e+00	
   8.6360000e+02	   0.0000000e+00	
   8.6380000e+02	   0.0000000e+00	
   8.6400000e+02	   0.0000000e+00	
   8.6420000e+02	   0.0000000e+00	
   8.6440000e+02	   0.0000000e+00	
   8.6460000e+02	   0.0000000e+00	
   8.6480000e+02	   0.0000000e+00	
   8.6500000e+02	   0.0000000e+00	
   8.6520000e+02	   0.0000000e+00	
   8.6540000e+02	   0.0000000e+00	
   8.6560000e+02	   0.0000000e+00	
   8.6580000e+02	   0.0000000e+00	
   8.6600000e+02	   0.0000000e+00	
   8.6620000e+02	   0.0000000e+00	
   8.6640000e+02	   0.0000000e+00	
   8.6660000e+02	   0.0000000e+00	
   8.6680000e+02	   0.0000000e+00	
   8.6700000e+02	   0.0000000e+00	
   8.6720000e+02	   0.0000000e+00	
   8.6740000e+02	   0.0000000e+00	
   8.6760000e+02	   0.0000000e+00	
   8.6780000e+02	   0.0000000e+00	
   8.6800000e+02	   0.0000000e+00	
   8.6820000e+02	   0.0000000e+00	
   8.6840000e+02	   0.0000000e+00	
   8.6860000e+02	   0.0000000e+00	
   8.6880000e+02	   0.0000000e+00	
   8.6900000e+02	   0.0000000e+00	
   8.6920000e+02	   0.0000000e+00	
   8.6940000e+02	   0.0000000e+00	
   8.6960000e+02	   0.0000000e+00	
   8.6980000e+02	   0.0000000e+00	
   8.7000000e+02	   0.0000000e+00	
