   3.0000000e+02	   2.3654700e-01	
   3.0020000e+02	   2.3782200e-01	
   3.0040000e+02	   2.3909300e-01	
   3.0060000e+02	   2.4036100e-01	
   3.0080000e+02	   2.4162500e-01	
   3.0100000e+02	   2.4288600e-01	
   3.0120000e+02	   2.4414300e-01	
   3.0140000e+02	   2.4539500e-01	
   3.0160000e+02	   2.4664400e-01	
   3.0180000e+02	   2.4788900e-01	
   3.0200000e+02	   2.4912900e-01	
   3.0220000e+02	   2.5036600e-01	
   3.0240000e+02	   2.5159700e-01	
   3.0260000e+02	   2.5282500e-01	
   3.0280000e+02	   2.5404800e-01	
   3.0300000e+02	   2.5526600e-01	
   3.0320000e+02	   2.5647900e-01	
   3.0340000e+02	   2.5768800e-01	
   3.0360000e+02	   2.5889200e-01	
   3.0380000e+02	   2.6009000e-01	
   3.0400000e+02	   2.6128400e-01	
   3.0420000e+02	   2.6247300e-01	
   3.0440000e+02	   2.6365600e-01	
   3.0460000e+02	   2.6483400e-01	
   3.0480000e+02	   2.6600700e-01	
   3.0500000e+02	   2.6717400e-01	
   3.0520000e+02	   2.6833600e-01	
   3.0540000e+02	   2.6949200e-01	
   3.0560000e+02	   2.7064300e-01	
   3.0580000e+02	   2.7178800e-01	
   3.0600000e+02	   2.7292700e-01	
   3.0620000e+02	   2.7406000e-01	
   3.0640000e+02	   2.7518700e-01	
   3.0660000e+02	   2.7630800e-01	
   3.0680000e+02	   2.7742400e-01	
   3.0700000e+02	   2.7853300e-01	
   3.0720000e+02	   2.7963600e-01	
   3.0740000e+02	   2.8073200e-01	
   3.0760000e+02	   2.8182300e-01	
   3.0780000e+02	   2.8290700e-01	
   3.0800000e+02	   2.8398500e-01	
   3.0820000e+02	   2.8505600e-01	
   3.0840000e+02	   2.8612100e-01	
   3.0860000e+02	   2.8718000e-01	
   3.0880000e+02	   2.8823200e-01	
   3.0900000e+02	   2.8927700e-01	
   3.0920000e+02	   2.9031600e-01	
   3.0940000e+02	   2.9134800e-01	
   3.0960000e+02	   2.9237300e-01	
   3.0980000e+02	   2.9339200e-01	
   3.1000000e+02	   2.9440400e-01	
   3.1020000e+02	   2.9540900e-01	
   3.1040000e+02	   2.9640700e-01	
   3.1060000e+02	   2.9739900e-01	
   3.1080000e+02	   2.9838300e-01	
   3.1100000e+02	   2.9936100e-01	
   3.1120000e+02	   3.0033200e-01	
   3.1140000e+02	   3.0129600e-01	
   3.1160000e+02	   3.0225300e-01	
   3.1180000e+02	   3.0320300e-01	
   3.1200000e+02	   3.0414600e-01	
   3.1220000e+02	   3.0508200e-01	
   3.1240000e+02	   3.0601200e-01	
   3.1260000e+02	   3.0693400e-01	
   3.1280000e+02	   3.0784900e-01	
   3.1300000e+02	   3.0875700e-01	
   3.1320000e+02	   3.0965900e-01	
   3.1340000e+02	   3.1055300e-01	
   3.1360000e+02	   3.1144100e-01	
   3.1380000e+02	   3.1232100e-01	
   3.1400000e+02	   3.1319500e-01	
   3.1420000e+02	   3.1406200e-01	
   3.1440000e+02	   3.1492100e-01	
   3.1460000e+02	   3.1577400e-01	
   3.1480000e+02	   3.1662100e-01	
   3.1500000e+02	   3.1746000e-01	
   3.1520000e+02	   3.1829200e-01	
   3.1540000e+02	   3.1911800e-01	
   3.1560000e+02	   3.1993700e-01	
   3.1580000e+02	   3.2074900e-01	
   3.1600000e+02	   3.2155500e-01	
   3.1620000e+02	   3.2235400e-01	
   3.1640000e+02	   3.2314600e-01	
   3.1660000e+02	   3.2393200e-01	
   3.1680000e+02	   3.2471200e-01	
   3.1700000e+02	   3.2548400e-01	
   3.1720000e+02	   3.2625100e-01	
   3.1740000e+02	   3.2701100e-01	
   3.1760000e+02	   3.2776500e-01	
   3.1780000e+02	   3.2851200e-01	
   3.1800000e+02	   3.2925400e-01	
   3.1820000e+02	   3.2998900e-01	
   3.1840000e+02	   3.3071800e-01	
   3.1860000e+02	   3.3144100e-01	
   3.1880000e+02	   3.3215900e-01	
   3.1900000e+02	   3.3287000e-01	
   3.1920000e+02	   3.3357600e-01	
   3.1940000e+02	   3.3427600e-01	
   3.1960000e+02	   3.3497000e-01	
   3.1980000e+02	   3.3565800e-01	
   3.2000000e+02	   3.3634200e-01	
   3.2020000e+02	   3.3701900e-01	
   3.2040000e+02	   3.3769200e-01	
   3.2060000e+02	   3.3835900e-01	
   3.2080000e+02	   3.3902100e-01	
   3.2100000e+02	   3.3967800e-01	
   3.2120000e+02	   3.4033000e-01	
   3.2140000e+02	   3.4097800e-01	
   3.2160000e+02	   3.4162000e-01	
   3.2180000e+02	   3.4225800e-01	
   3.2200000e+02	   3.4289100e-01	
   3.2220000e+02	   3.4352000e-01	
   3.2240000e+02	   3.4414400e-01	
   3.2260000e+02	   3.4476400e-01	
   3.2280000e+02	   3.4538000e-01	
   3.2300000e+02	   3.4599200e-01	
   3.2320000e+02	   3.4660000e-01	
   3.2340000e+02	   3.4720500e-01	
   3.2360000e+02	   3.4780500e-01	
   3.2380000e+02	   3.4840200e-01	
   3.2400000e+02	   3.4899600e-01	
   3.2420000e+02	   3.4958600e-01	
   3.2440000e+02	   3.5017300e-01	
   3.2460000e+02	   3.5075700e-01	
   3.2480000e+02	   3.5133800e-01	
   3.2500000e+02	   3.5191600e-01	
   3.2520000e+02	   3.5249200e-01	
   3.2540000e+02	   3.5306400e-01	
   3.2560000e+02	   3.5363500e-01	
   3.2580000e+02	   3.5420300e-01	
   3.2600000e+02	   3.5476900e-01	
   3.2620000e+02	   3.5533300e-01	
   3.2640000e+02	   3.5589500e-01	
   3.2660000e+02	   3.5645600e-01	
   3.2680000e+02	   3.5701500e-01	
   3.2700000e+02	   3.5757200e-01	
   3.2720000e+02	   3.5812800e-01	
   3.2740000e+02	   3.5868300e-01	
   3.2760000e+02	   3.5923700e-01	
   3.2780000e+02	   3.5979000e-01	
   3.2800000e+02	   3.6034200e-01	
   3.2820000e+02	   3.6089400e-01	
   3.2840000e+02	   3.6144500e-01	
   3.2860000e+02	   3.6199600e-01	
   3.2880000e+02	   3.6254700e-01	
   3.2900000e+02	   3.6309800e-01	
   3.2920000e+02	   3.6364900e-01	
   3.2940000e+02	   3.6420000e-01	
   3.2960000e+02	   3.6475200e-01	
   3.2980000e+02	   3.6530500e-01	
   3.3000000e+02	   3.6585800e-01	
   3.3020000e+02	   3.6641300e-01	
   3.3040000e+02	   3.6696800e-01	
   3.3060000e+02	   3.6752500e-01	
   3.3080000e+02	   3.6808400e-01	
   3.3100000e+02	   3.6864400e-01	
   3.3120000e+02	   3.6920500e-01	
   3.3140000e+02	   3.6976900e-01	
   3.3160000e+02	   3.7033500e-01	
   3.3180000e+02	   3.7090300e-01	
   3.3200000e+02	   3.7147400e-01	
   3.3220000e+02	   3.7204700e-01	
   3.3240000e+02	   3.7262300e-01	
   3.3260000e+02	   3.7320200e-01	
   3.3280000e+02	   3.7378400e-01	
   3.3300000e+02	   3.7437000e-01	
   3.3320000e+02	   3.7495800e-01	
   3.3340000e+02	   3.7555100e-01	
   3.3360000e+02	   3.7614700e-01	
   3.3380000e+02	   3.7674700e-01	
   3.3400000e+02	   3.7735100e-01	
   3.3420000e+02	   3.7796000e-01	
   3.3440000e+02	   3.7857300e-01	
   3.3460000e+02	   3.7919000e-01	
   3.3480000e+02	   3.7981300e-01	
   3.3500000e+02	   3.8044000e-01	
   3.3520000e+02	   3.8107200e-01	
   3.3540000e+02	   3.8171000e-01	
   3.3560000e+02	   3.8235300e-01	
   3.3580000e+02	   3.8300100e-01	
   3.3600000e+02	   3.8365600e-01	
   3.3620000e+02	   3.8431600e-01	
   3.3640000e+02	   3.8498300e-01	
   3.3660000e+02	   3.8565500e-01	
   3.3680000e+02	   3.8633400e-01	
   3.3700000e+02	   3.8702000e-01	
   3.3720000e+02	   3.8771200e-01	
   3.3740000e+02	   3.8841100e-01	
   3.3760000e+02	   3.8911800e-01	
   3.3780000e+02	   3.8983100e-01	
   3.3800000e+02	   3.9055200e-01	
   3.3820000e+02	   3.9128000e-01	
   3.3840000e+02	   3.9201600e-01	
   3.3860000e+02	   3.9276000e-01	
   3.3880000e+02	   3.9351200e-01	
   3.3900000e+02	   3.9427200e-01	
   3.3920000e+02	   3.9504000e-01	
   3.3940000e+02	   3.9581600e-01	
   3.3960000e+02	   3.9660200e-01	
   3.3980000e+02	   3.9739500e-01	
   3.4000000e+02	   3.9819800e-01	
   3.4020000e+02	   3.9901000e-01	
   3.4040000e+02	   3.9983100e-01	
   3.4060000e+02	   4.0066100e-01	
   3.4080000e+02	   4.0150100e-01	
   3.4100000e+02	   4.0235000e-01	
   3.4120000e+02	   4.0320900e-01	
   3.4140000e+02	   4.0407800e-01	
   3.4160000e+02	   4.0495600e-01	
   3.4180000e+02	   4.0584500e-01	
   3.4200000e+02	   4.0674400e-01	
   3.4220000e+02	   4.0765400e-01	
   3.4240000e+02	   4.0857400e-01	
   3.4260000e+02	   4.0950400e-01	
   3.4280000e+02	   4.1044500e-01	
   3.4300000e+02	   4.1139800e-01	
   3.4320000e+02	   4.1236100e-01	
   3.4340000e+02	   4.1333500e-01	
   3.4360000e+02	   4.1432100e-01	
   3.4380000e+02	   4.1531700e-01	
   3.4400000e+02	   4.1632600e-01	
   3.4420000e+02	   4.1734600e-01	
   3.4440000e+02	   4.1837700e-01	
   3.4460000e+02	   4.1942000e-01	
   3.4480000e+02	   4.2047600e-01	
   3.4500000e+02	   4.2154300e-01	
   3.4520000e+02	   4.2262200e-01	
   3.4540000e+02	   4.2371400e-01	
   3.4560000e+02	   4.2481700e-01	
   3.4580000e+02	   4.2593300e-01	
   3.4600000e+02	   4.2706200e-01	
   3.4620000e+02	   4.2820300e-01	
   3.4640000e+02	   4.2935700e-01	
   3.4660000e+02	   4.3052300e-01	
   3.4680000e+02	   4.3170300e-01	
   3.4700000e+02	   4.3289500e-01	
   3.4720000e+02	   4.3410000e-01	
   3.4740000e+02	   4.3531800e-01	
   3.4760000e+02	   4.3655000e-01	
   3.4780000e+02	   4.3779400e-01	
   3.4800000e+02	   4.3905200e-01	
   3.4820000e+02	   4.4032300e-01	
   3.4840000e+02	   4.4160700e-01	
   3.4860000e+02	   4.4290500e-01	
   3.4880000e+02	   4.4421700e-01	
   3.4900000e+02	   4.4554200e-01	
   3.4920000e+02	   4.4688000e-01	
   3.4940000e+02	   4.4823200e-01	
   3.4960000e+02	   4.4959800e-01	
   3.4980000e+02	   4.5097800e-01	
   3.5000000e+02	   4.5237200e-01	
   3.5020000e+02	   4.5377900e-01	
   3.5040000e+02	   4.5520000e-01	
   3.5060000e+02	   4.5663500e-01	
   3.5080000e+02	   4.5808400e-01	
   3.5100000e+02	   4.5954700e-01	
   3.5120000e+02	   4.6102400e-01	
   3.5140000e+02	   4.6251600e-01	
   3.5160000e+02	   4.6402100e-01	
   3.5180000e+02	   4.6554000e-01	
   3.5200000e+02	   4.6707300e-01	
   3.5220000e+02	   4.6862000e-01	
   3.5240000e+02	   4.7018200e-01	
   3.5260000e+02	   4.7175800e-01	
   3.5280000e+02	   4.7334700e-01	
   3.5300000e+02	   4.7495100e-01	
   3.5320000e+02	   4.7656900e-01	
   3.5340000e+02	   4.7820100e-01	
   3.5360000e+02	   4.7984700e-01	
   3.5380000e+02	   4.8150800e-01	
   3.5400000e+02	   4.8318200e-01	
   3.5420000e+02	   4.8487100e-01	
   3.5440000e+02	   4.8657300e-01	
   3.5460000e+02	   4.8829000e-01	
   3.5480000e+02	   4.9002000e-01	
   3.5500000e+02	   4.9176500e-01	
   3.5520000e+02	   4.9352400e-01	
   3.5540000e+02	   4.9529600e-01	
   3.5560000e+02	   4.9708300e-01	
   3.5580000e+02	   4.9888300e-01	
   3.5600000e+02	   5.0069800e-01	
   3.5620000e+02	   5.0252600e-01	
   3.5640000e+02	   5.0436700e-01	
   3.5660000e+02	   5.0622300e-01	
   3.5680000e+02	   5.0809200e-01	
   3.5700000e+02	   5.0997500e-01	
   3.5720000e+02	   5.1187200e-01	
   3.5740000e+02	   5.1378200e-01	
   3.5760000e+02	   5.1570500e-01	
   3.5780000e+02	   5.1764200e-01	
   3.5800000e+02	   5.1959200e-01	
   3.5820000e+02	   5.2155500e-01	
   3.5840000e+02	   5.2353200e-01	
   3.5860000e+02	   5.2552200e-01	
   3.5880000e+02	   5.2752400e-01	
   3.5900000e+02	   5.2954000e-01	
   3.5920000e+02	   5.3156900e-01	
   3.5940000e+02	   5.3361000e-01	
   3.5960000e+02	   5.3566500e-01	
   3.5980000e+02	   5.3773100e-01	
   3.6000000e+02	   5.3981100e-01	
   3.6020000e+02	   5.4190300e-01	
   3.6040000e+02	   5.4400700e-01	
   3.6060000e+02	   5.4612400e-01	
   3.6080000e+02	   5.4825200e-01	
   3.6100000e+02	   5.5039300e-01	
   3.6120000e+02	   5.5254600e-01	
   3.6140000e+02	   5.5471100e-01	
   3.6160000e+02	   5.5688800e-01	
   3.6180000e+02	   5.5907600e-01	
   3.6200000e+02	   5.6127500e-01	
   3.6220000e+02	   5.6348700e-01	
   3.6240000e+02	   5.6570900e-01	
   3.6260000e+02	   5.6794300e-01	
   3.6280000e+02	   5.7018800e-01	
   3.6300000e+02	   5.7244400e-01	
   3.6320000e+02	   5.7471000e-01	
   3.6340000e+02	   5.7698800e-01	
   3.6360000e+02	   5.7927600e-01	
   3.6380000e+02	   5.8157400e-01	
   3.6400000e+02	   5.8388300e-01	
   3.6420000e+02	   5.8620200e-01	
   3.6440000e+02	   5.8853100e-01	
   3.6460000e+02	   5.9087000e-01	
   3.6480000e+02	   5.9321800e-01	
   3.6500000e+02	   5.9557700e-01	
   3.6520000e+02	   5.9794500e-01	
   3.6540000e+02	   6.0032200e-01	
   3.6560000e+02	   6.0270800e-01	
   3.6580000e+02	   6.0510400e-01	
   3.6600000e+02	   6.0750800e-01	
   3.6620000e+02	   6.0992200e-01	
   3.6640000e+02	   6.1234300e-01	
   3.6660000e+02	   6.1477400e-01	
   3.6680000e+02	   6.1721200e-01	
   3.6700000e+02	   6.1965900e-01	
   3.6720000e+02	   6.2211300e-01	
   3.6740000e+02	   6.2457600e-01	
   3.6760000e+02	   6.2704600e-01	
   3.6780000e+02	   6.2952300e-01	
   3.6800000e+02	   6.3200800e-01	
   3.6820000e+02	   6.3450000e-01	
   3.6840000e+02	   6.3699900e-01	
   3.6860000e+02	   6.3950500e-01	
   3.6880000e+02	   6.4201700e-01	
   3.6900000e+02	   6.4453600e-01	
   3.6920000e+02	   6.4706200e-01	
   3.6940000e+02	   6.4959300e-01	
   3.6960000e+02	   6.5213000e-01	
   3.6980000e+02	   6.5467300e-01	
   3.7000000e+02	   6.5722100e-01	
   3.7020000e+02	   6.5977500e-01	
   3.7040000e+02	   6.6233500e-01	
   3.7060000e+02	   6.6489900e-01	
   3.7080000e+02	   6.6746800e-01	
   3.7100000e+02	   6.7004100e-01	
   3.7120000e+02	   6.7261900e-01	
   3.7140000e+02	   6.7520200e-01	
   3.7160000e+02	   6.7778800e-01	
   3.7180000e+02	   6.8037900e-01	
   3.7200000e+02	   6.8297300e-01	
   3.7220000e+02	   6.8557000e-01	
   3.7240000e+02	   6.8817100e-01	
   3.7260000e+02	   6.9077500e-01	
   3.7280000e+02	   6.9338200e-01	
   3.7300000e+02	   6.9599200e-01	
   3.7320000e+02	   6.9860400e-01	
   3.7340000e+02	   7.0121900e-01	
   3.7360000e+02	   7.0383500e-01	
   3.7380000e+02	   7.0645400e-01	
   3.7400000e+02	   7.0907400e-01	
   3.7420000e+02	   7.1169600e-01	
   3.7440000e+02	   7.1431900e-01	
   3.7460000e+02	   7.1694400e-01	
   3.7480000e+02	   7.1956900e-01	
   3.7500000e+02	   7.2219500e-01	
   3.7520000e+02	   7.2482200e-01	
   3.7540000e+02	   7.2744800e-01	
   3.7560000e+02	   7.3007500e-01	
   3.7580000e+02	   7.3270200e-01	
   3.7600000e+02	   7.3532900e-01	
   3.7620000e+02	   7.3795500e-01	
   3.7640000e+02	   7.4058000e-01	
   3.7660000e+02	   7.4320500e-01	
   3.7680000e+02	   7.4582800e-01	
   3.7700000e+02	   7.4845000e-01	
   3.7720000e+02	   7.5107000e-01	
   3.7740000e+02	   7.5368900e-01	
   3.7760000e+02	   7.5630600e-01	
   3.7780000e+02	   7.5892000e-01	
   3.7800000e+02	   7.6153200e-01	
   3.7820000e+02	   7.6414100e-01	
   3.7840000e+02	   7.6674800e-01	
   3.7860000e+02	   7.6935100e-01	
   3.7880000e+02	   7.7195200e-01	
   3.7900000e+02	   7.7454800e-01	
   3.7920000e+02	   7.7714200e-01	
   3.7940000e+02	   7.7973100e-01	
   3.7960000e+02	   7.8231600e-01	
   3.7980000e+02	   7.8489700e-01	
   3.8000000e+02	   7.8747300e-01	
   3.8020000e+02	   7.9004400e-01	
   3.8040000e+02	   7.9261100e-01	
   3.8060000e+02	   7.9517200e-01	
   3.8080000e+02	   7.9772800e-01	
   3.8100000e+02	   8.0027800e-01	
   3.8120000e+02	   8.0282200e-01	
   3.8140000e+02	   8.0536000e-01	
   3.8160000e+02	   8.0789200e-01	
   3.8180000e+02	   8.1041800e-01	
   3.8200000e+02	   8.1293600e-01	
   3.8220000e+02	   8.1544800e-01	
   3.8240000e+02	   8.1795300e-01	
   3.8260000e+02	   8.2045000e-01	
   3.8280000e+02	   8.2294000e-01	
   3.8300000e+02	   8.2542200e-01	
   3.8320000e+02	   8.2789500e-01	
   3.8340000e+02	   8.3036100e-01	
   3.8360000e+02	   8.3281800e-01	
   3.8380000e+02	   8.3526600e-01	
   3.8400000e+02	   8.3770600e-01	
   3.8420000e+02	   8.4013600e-01	
   3.8440000e+02	   8.4255700e-01	
   3.8460000e+02	   8.4496800e-01	
   3.8480000e+02	   8.4737000e-01	
   3.8500000e+02	   8.4976100e-01	
   3.8520000e+02	   8.5214300e-01	
   3.8540000e+02	   8.5451400e-01	
   3.8560000e+02	   8.5687400e-01	
   3.8580000e+02	   8.5922300e-01	
   3.8600000e+02	   8.6156100e-01	
   3.8620000e+02	   8.6388800e-01	
   3.8640000e+02	   8.6620300e-01	
   3.8660000e+02	   8.6850700e-01	
   3.8680000e+02	   8.7079800e-01	
   3.8700000e+02	   8.7307700e-01	
   3.8720000e+02	   8.7534400e-01	
   3.8740000e+02	   8.7759800e-01	
   3.8760000e+02	   8.7983900e-01	
   3.8780000e+02	   8.8206700e-01	
   3.8800000e+02	   8.8428200e-01	
   3.8820000e+02	   8.8648300e-01	
   3.8840000e+02	   8.8867100e-01	
   3.8860000e+02	   8.9084400e-01	
   3.8880000e+02	   8.9300400e-01	
   3.8900000e+02	   8.9514800e-01	
   3.8920000e+02	   8.9727900e-01	
   3.8940000e+02	   8.9939400e-01	
   3.8960000e+02	   9.0149400e-01	
   3.8980000e+02	   9.0357900e-01	
   3.9000000e+02	   9.0564800e-01	
   3.9020000e+02	   9.0770200e-01	
   3.9040000e+02	   9.0973900e-01	
   3.9060000e+02	   9.1176100e-01	
   3.9080000e+02	   9.1376600e-01	
   3.9100000e+02	   9.1575400e-01	
   3.9120000e+02	   9.1772600e-01	
   3.9140000e+02	   9.1968000e-01	
   3.9160000e+02	   9.2161700e-01	
   3.9180000e+02	   9.2353700e-01	
   3.9200000e+02	   9.2543900e-01	
   3.9220000e+02	   9.2732300e-01	
   3.9240000e+02	   9.2918800e-01	
   3.9260000e+02	   9.3103600e-01	
   3.9280000e+02	   9.3286400e-01	
   3.9300000e+02	   9.3467400e-01	
   3.9320000e+02	   9.3646500e-01	
   3.9340000e+02	   9.3823700e-01	
   3.9360000e+02	   9.3998900e-01	
   3.9380000e+02	   9.4172100e-01	
   3.9400000e+02	   9.4343400e-01	
   3.9420000e+02	   9.4512600e-01	
   3.9440000e+02	   9.4679800e-01	
   3.9460000e+02	   9.4845000e-01	
   3.9480000e+02	   9.5008000e-01	
   3.9500000e+02	   9.5169000e-01	
   3.9520000e+02	   9.5327900e-01	
   3.9540000e+02	   9.5484600e-01	
   3.9560000e+02	   9.5639100e-01	
   3.9580000e+02	   9.5791500e-01	
   3.9600000e+02	   9.5941600e-01	
   3.9620000e+02	   9.6089500e-01	
   3.9640000e+02	   9.6235200e-01	
   3.9660000e+02	   9.6378600e-01	
   3.9680000e+02	   9.6519700e-01	
   3.9700000e+02	   9.6658500e-01	
   3.9720000e+02	   9.6795000e-01	
   3.9740000e+02	   9.6929100e-01	
   3.9760000e+02	   9.7060800e-01	
   3.9780000e+02	   9.7190200e-01	
   3.9800000e+02	   9.7317100e-01	
   3.9820000e+02	   9.7441600e-01	
   3.9840000e+02	   9.7563600e-01	
   3.9860000e+02	   9.7683100e-01	
   3.9880000e+02	   9.7800200e-01	
   3.9900000e+02	   9.7914700e-01	
   3.9920000e+02	   9.8026700e-01	
   3.9940000e+02	   9.8136100e-01	
   3.9960000e+02	   9.8243000e-01	
   3.9980000e+02	   9.8347200e-01	
   4.0000000e+02	   9.8448900e-01	
   4.0020000e+02	   9.8547800e-01	
   4.0040000e+02	   9.8644200e-01	
   4.0060000e+02	   9.8737800e-01	
   4.0080000e+02	   9.8828800e-01	
   4.0100000e+02	   9.8917000e-01	
   4.0120000e+02	   9.9002500e-01	
   4.0140000e+02	   9.9085200e-01	
   4.0160000e+02	   9.9165200e-01	
   4.0180000e+02	   9.9242300e-01	
   4.0200000e+02	   9.9316700e-01	
   4.0220000e+02	   9.9388200e-01	
   4.0240000e+02	   9.9456900e-01	
   4.0260000e+02	   9.9522700e-01	
   4.0280000e+02	   9.9585600e-01	
   4.0300000e+02	   9.9645600e-01	
   4.0320000e+02	   9.9702600e-01	
   4.0340000e+02	   9.9756800e-01	
   4.0360000e+02	   9.9808000e-01	
   4.0380000e+02	   9.9856200e-01	
   4.0400000e+02	   9.9901400e-01	
   4.0420000e+02	   9.9943600e-01	
   4.0440000e+02	   9.9982800e-01	
   4.0460000e+02	   1.0001890e+00	
   4.0480000e+02	   1.0005200e+00	
   4.0500000e+02	   1.0008200e+00	
   4.0520000e+02	   1.0010890e+00	
   4.0540000e+02	   1.0013270e+00	
   4.0560000e+02	   1.0015330e+00	
   4.0580000e+02	   1.0017090e+00	
   4.0600000e+02	   1.0018530e+00	
   4.0620000e+02	   1.0019650e+00	
   4.0640000e+02	   1.0020450e+00	
   4.0660000e+02	   1.0020940e+00	
   4.0680000e+02	   1.0021100e+00	
   4.0700000e+02	   1.0020940e+00	
   4.0720000e+02	   1.0020450e+00	
   4.0740000e+02	   1.0019640e+00	
   4.0760000e+02	   1.0018510e+00	
   4.0780000e+02	   1.0017050e+00	
   4.0800000e+02	   1.0015250e+00	
   4.0820000e+02	   1.0013130e+00	
   4.0840000e+02	   1.0010680e+00	
   4.0860000e+02	   1.0007890e+00	
   4.0880000e+02	   1.0004770e+00	
   4.0900000e+02	   1.0001320e+00	
   4.0920000e+02	   9.9975300e-01	
   4.0940000e+02	   9.9934000e-01	
   4.0960000e+02	   9.9889300e-01	
   4.0980000e+02	   9.9841300e-01	
   4.1000000e+02	   9.9789900e-01	
   4.1020000e+02	   9.9735000e-01	
   4.1040000e+02	   9.9676800e-01	
   4.1060000e+02	   9.9615100e-01	
   4.1080000e+02	   9.9550000e-01	
   4.1100000e+02	   9.9481500e-01	
   4.1120000e+02	   9.9409500e-01	
   4.1140000e+02	   9.9334100e-01	
   4.1160000e+02	   9.9255200e-01	
   4.1180000e+02	   9.9172800e-01	
   4.1200000e+02	   9.9087000e-01	
   4.1220000e+02	   9.8997800e-01	
   4.1240000e+02	   9.8905000e-01	
   4.1260000e+02	   9.8808800e-01	
   4.1280000e+02	   9.8709000e-01	
   4.1300000e+02	   9.8605800e-01	
   4.1320000e+02	   9.8499100e-01	
   4.1340000e+02	   9.8389000e-01	
   4.1360000e+02	   9.8275300e-01	
   4.1380000e+02	   9.8158100e-01	
   4.1400000e+02	   9.8037500e-01	
   4.1420000e+02	   9.7913300e-01	
   4.1440000e+02	   9.7785700e-01	
   4.1460000e+02	   9.7654500e-01	
   4.1480000e+02	   9.7519900e-01	
   4.1500000e+02	   9.7381800e-01	
   4.1520000e+02	   9.7240100e-01	
   4.1540000e+02	   9.7095000e-01	
   4.1560000e+02	   9.6946500e-01	
   4.1580000e+02	   9.6794400e-01	
   4.1600000e+02	   9.6638900e-01	
   4.1620000e+02	   9.6479900e-01	
   4.1640000e+02	   9.6317400e-01	
   4.1660000e+02	   9.6151500e-01	
   4.1680000e+02	   9.5982100e-01	
   4.1700000e+02	   9.5809300e-01	
   4.1720000e+02	   9.5633000e-01	
   4.1740000e+02	   9.5453300e-01	
   4.1760000e+02	   9.5270200e-01	
   4.1780000e+02	   9.5083700e-01	
   4.1800000e+02	   9.4893800e-01	
   4.1820000e+02	   9.4700500e-01	
   4.1840000e+02	   9.4503800e-01	
   4.1860000e+02	   9.4303700e-01	
   4.1880000e+02	   9.4100300e-01	
   4.1900000e+02	   9.3893500e-01	
   4.1920000e+02	   9.3683400e-01	
   4.1940000e+02	   9.3470000e-01	
   4.1960000e+02	   9.3253200e-01	
   4.1980000e+02	   9.3033200e-01	
   4.2000000e+02	   9.2809900e-01	
   4.2020000e+02	   9.2583400e-01	
   4.2040000e+02	   9.2353600e-01	
   4.2060000e+02	   9.2120600e-01	
   4.2080000e+02	   9.1884300e-01	
   4.2100000e+02	   9.1644900e-01	
   4.2120000e+02	   9.1402300e-01	
   4.2140000e+02	   9.1156500e-01	
   4.2160000e+02	   9.0907700e-01	
   4.2180000e+02	   9.0655700e-01	
   4.2200000e+02	   9.0400600e-01	
   4.2220000e+02	   9.0142400e-01	
   4.2240000e+02	   8.9881200e-01	
   4.2260000e+02	   8.9616900e-01	
   4.2280000e+02	   8.9349700e-01	
   4.2300000e+02	   8.9079400e-01	
   4.2320000e+02	   8.8806300e-01	
   4.2340000e+02	   8.8530100e-01	
   4.2360000e+02	   8.8251100e-01	
   4.2380000e+02	   8.7969200e-01	
   4.2400000e+02	   8.7684400e-01	
   4.2420000e+02	   8.7396800e-01	
   4.2440000e+02	   8.7106400e-01	
   4.2460000e+02	   8.6813200e-01	
   4.2480000e+02	   8.6517200e-01	
   4.2500000e+02	   8.6218600e-01	
   4.2520000e+02	   8.5917200e-01	
   4.2540000e+02	   8.5613200e-01	
   4.2560000e+02	   8.5306600e-01	
   4.2580000e+02	   8.4997300e-01	
   4.2600000e+02	   8.4685500e-01	
   4.2620000e+02	   8.4371100e-01	
   4.2640000e+02	   8.4054200e-01	
   4.2660000e+02	   8.3734900e-01	
   4.2680000e+02	   8.3413100e-01	
   4.2700000e+02	   8.3088900e-01	
   4.2720000e+02	   8.2762300e-01	
   4.2740000e+02	   8.2433300e-01	
   4.2760000e+02	   8.2102000e-01	
   4.2780000e+02	   8.1768500e-01	
   4.2800000e+02	   8.1432700e-01	
   4.2820000e+02	   8.1094700e-01	
   4.2840000e+02	   8.0754600e-01	
   4.2860000e+02	   8.0412200e-01	
   4.2880000e+02	   8.0067800e-01	
   4.2900000e+02	   7.9721300e-01	
   4.2920000e+02	   7.9372800e-01	
   4.2940000e+02	   7.9022300e-01	
   4.2960000e+02	   7.8669900e-01	
   4.2980000e+02	   7.8315500e-01	
   4.3000000e+02	   7.7959200e-01	
   4.3020000e+02	   7.7601100e-01	
   4.3040000e+02	   7.7241100e-01	
   4.3060000e+02	   7.6879400e-01	
   4.3080000e+02	   7.6516000e-01	
   4.3100000e+02	   7.6150900e-01	
   4.3120000e+02	   7.5784100e-01	
   4.3140000e+02	   7.5415700e-01	
   4.3160000e+02	   7.5045800e-01	
   4.3180000e+02	   7.4674300e-01	
   4.3200000e+02	   7.4301200e-01	
   4.3220000e+02	   7.3926800e-01	
   4.3240000e+02	   7.3550900e-01	
   4.3260000e+02	   7.3173600e-01	
   4.3280000e+02	   7.2795000e-01	
   4.3300000e+02	   7.2415100e-01	
   4.3320000e+02	   7.2034000e-01	
   4.3340000e+02	   7.1651600e-01	
   4.3360000e+02	   7.1268000e-01	
   4.3380000e+02	   7.0883300e-01	
   4.3400000e+02	   7.0497500e-01	
   4.3420000e+02	   7.0110600e-01	
   4.3440000e+02	   6.9722700e-01	
   4.3460000e+02	   6.9333800e-01	
   4.3480000e+02	   6.8944000e-01	
   4.3500000e+02	   6.8553300e-01	
   4.3520000e+02	   6.8161700e-01	
   4.3540000e+02	   6.7769300e-01	
   4.3560000e+02	   6.7376100e-01	
   4.3580000e+02	   6.6982200e-01	
   4.3600000e+02	   6.6587600e-01	
   4.3620000e+02	   6.6192300e-01	
   4.3640000e+02	   6.5796300e-01	
   4.3660000e+02	   6.5399800e-01	
   4.3680000e+02	   6.5002800e-01	
   4.3700000e+02	   6.4605200e-01	
   4.3720000e+02	   6.4207200e-01	
   4.3740000e+02	   6.3808700e-01	
   4.3760000e+02	   6.3409900e-01	
   4.3780000e+02	   6.3010700e-01	
   4.3800000e+02	   6.2611200e-01	
   4.3820000e+02	   6.2211400e-01	
   4.3840000e+02	   6.1811300e-01	
   4.3860000e+02	   6.1411100e-01	
   4.3880000e+02	   6.1010700e-01	
   4.3900000e+02	   6.0610200e-01	
   4.3920000e+02	   6.0209600e-01	
   4.3940000e+02	   5.9808900e-01	
   4.3960000e+02	   5.9408200e-01	
   4.3980000e+02	   5.9007500e-01	
   4.4000000e+02	   5.8606900e-01	
   4.4020000e+02	   5.8206400e-01	
   4.4040000e+02	   5.7805900e-01	
   4.4060000e+02	   5.7405700e-01	
   4.4080000e+02	   5.7005600e-01	
   4.4100000e+02	   5.6605800e-01	
   4.4120000e+02	   5.6206200e-01	
   4.4140000e+02	   5.5807000e-01	
   4.4160000e+02	   5.5408000e-01	
   4.4180000e+02	   5.5009400e-01	
   4.4200000e+02	   5.4611200e-01	
   4.4220000e+02	   5.4213500e-01	
   4.4240000e+02	   5.3816200e-01	
   4.4260000e+02	   5.3419400e-01	
   4.4280000e+02	   5.3023100e-01	
   4.4300000e+02	   5.2627400e-01	
   4.4320000e+02	   5.2232200e-01	
   4.4340000e+02	   5.1837700e-01	
   4.4360000e+02	   5.1443800e-01	
   4.4380000e+02	   5.1050600e-01	
   4.4400000e+02	   5.0658100e-01	
   4.4420000e+02	   5.0266300e-01	
   4.4440000e+02	   4.9875300e-01	
   4.4460000e+02	   4.9485000e-01	
   4.4480000e+02	   4.9095600e-01	
   4.4500000e+02	   4.8707000e-01	
   4.4520000e+02	   4.8319300e-01	
   4.4540000e+02	   4.7932500e-01	
   4.4560000e+02	   4.7546700e-01	
   4.4580000e+02	   4.7161700e-01	
   4.4600000e+02	   4.6777800e-01	
   4.4620000e+02	   4.6394800e-01	
   4.4640000e+02	   4.6012900e-01	
   4.4660000e+02	   4.5632000e-01	
   4.4680000e+02	   4.5252200e-01	
   4.4700000e+02	   4.4873500e-01	
   4.4720000e+02	   4.4495900e-01	
   4.4740000e+02	   4.4119500e-01	
   4.4760000e+02	   4.3744200e-01	
   4.4780000e+02	   4.3370100e-01	
   4.4800000e+02	   4.2997300e-01	
   4.4820000e+02	   4.2625600e-01	
   4.4840000e+02	   4.2255200e-01	
   4.4860000e+02	   4.1886100e-01	
   4.4880000e+02	   4.1518300e-01	
   4.4900000e+02	   4.1151800e-01	
   4.4920000e+02	   4.0786600e-01	
   4.4940000e+02	   4.0422800e-01	
   4.4960000e+02	   4.0060300e-01	
   4.4980000e+02	   3.9699300e-01	
   4.5000000e+02	   3.9339600e-01	
   4.5020000e+02	   3.8981400e-01	
   4.5040000e+02	   3.8624600e-01	
   4.5060000e+02	   3.8269200e-01	
   4.5080000e+02	   3.7915400e-01	
   4.5100000e+02	   3.7563000e-01	
   4.5120000e+02	   3.7212200e-01	
   4.5140000e+02	   3.6862800e-01	
   4.5160000e+02	   3.6515000e-01	
   4.5180000e+02	   3.6168800e-01	
   4.5200000e+02	   3.5824100e-01	
   4.5220000e+02	   3.5481000e-01	
   4.5240000e+02	   3.5139500e-01	
   4.5260000e+02	   3.4799700e-01	
   4.5280000e+02	   3.4461400e-01	
   4.5300000e+02	   3.4124800e-01	
   4.5320000e+02	   3.3789800e-01	
   4.5340000e+02	   3.3456500e-01	
   4.5360000e+02	   3.3124900e-01	
   4.5380000e+02	   3.2794900e-01	
   4.5400000e+02	   3.2466700e-01	
   4.5420000e+02	   3.2140100e-01	
   4.5440000e+02	   3.1815300e-01	
   4.5460000e+02	   3.1492200e-01	
   4.5480000e+02	   3.1170900e-01	
   4.5500000e+02	   3.0851200e-01	
   4.5520000e+02	   3.0533400e-01	
   4.5540000e+02	   3.0217300e-01	
   4.5560000e+02	   2.9903000e-01	
   4.5580000e+02	   2.9590500e-01	
   4.5600000e+02	   2.9279800e-01	
   4.5620000e+02	   2.8970900e-01	
   4.5640000e+02	   2.8663800e-01	
   4.5660000e+02	   2.8358500e-01	
   4.5680000e+02	   2.8055000e-01	
   4.5700000e+02	   2.7753400e-01	
   4.5720000e+02	   2.7453600e-01	
   4.5740000e+02	   2.7155700e-01	
   4.5760000e+02	   2.6859600e-01	
   4.5780000e+02	   2.6565400e-01	
   4.5800000e+02	   2.6273000e-01	
   4.5820000e+02	   2.5982600e-01	
   4.5840000e+02	   2.5694000e-01	
   4.5860000e+02	   2.5407200e-01	
   4.5880000e+02	   2.5122400e-01	
   4.5900000e+02	   2.4839500e-01	
   4.5920000e+02	   2.4558400e-01	
   4.5940000e+02	   2.4279300e-01	
   4.5960000e+02	   2.4002100e-01	
   4.5980000e+02	   2.3726700e-01	
   4.6000000e+02	   2.3453300e-01	
   4.6020000e+02	   2.3181800e-01	
   4.6040000e+02	   2.2912300e-01	
   4.6060000e+02	   2.2644600e-01	
   4.6080000e+02	   2.2378900e-01	
   4.6100000e+02	   2.2115100e-01	
   4.6120000e+02	   2.1853200e-01	
   4.6140000e+02	   2.1593300e-01	
   4.6160000e+02	   2.1335300e-01	
   4.6180000e+02	   2.1079300e-01	
   4.6200000e+02	   2.0825100e-01	
   4.6220000e+02	   2.0573000e-01	
   4.6240000e+02	   2.0322700e-01	
   4.6260000e+02	   2.0074400e-01	
   4.6280000e+02	   1.9828100e-01	
   4.6300000e+02	   1.9583700e-01	
   4.6320000e+02	   1.9341200e-01	
   4.6340000e+02	   1.9100700e-01	
   4.6360000e+02	   1.8862100e-01	
   4.6380000e+02	   1.8625500e-01	
   4.6400000e+02	   1.8390800e-01	
   4.6420000e+02	   1.8158100e-01	
   4.6440000e+02	   1.7927300e-01	
   4.6460000e+02	   1.7698400e-01	
   4.6480000e+02	   1.7471500e-01	
   4.6500000e+02	   1.7246600e-01	
   4.6520000e+02	   1.7023500e-01	
   4.6540000e+02	   1.6802400e-01	
   4.6560000e+02	   1.6583300e-01	
   4.6580000e+02	   1.6366000e-01	
   4.6600000e+02	   1.6150700e-01	
   4.6620000e+02	   1.5937300e-01	
   4.6640000e+02	   1.5725900e-01	
   4.6660000e+02	   1.5516300e-01	
   4.6680000e+02	   1.5308700e-01	
   4.6700000e+02	   1.5103000e-01	
   4.6720000e+02	   1.4899300e-01	
   4.6740000e+02	   1.4697400e-01	
   4.6760000e+02	   1.4497400e-01	
   4.6780000e+02	   1.4299300e-01	
   4.6800000e+02	   1.4103200e-01	
   4.6820000e+02	   1.3908900e-01	
   4.6840000e+02	   1.3716500e-01	
   4.6860000e+02	   1.3526000e-01	
   4.6880000e+02	   1.3337400e-01	
   4.6900000e+02	   1.3150600e-01	
   4.6920000e+02	   1.2965700e-01	
   4.6940000e+02	   1.2782700e-01	
   4.6960000e+02	   1.2601500e-01	
   4.6980000e+02	   1.2422200e-01	
   4.7000000e+02	   1.2244800e-01	
   4.7020000e+02	   1.2069200e-01	
   4.7040000e+02	   1.1895400e-01	
   4.7060000e+02	   1.1723400e-01	
   4.7080000e+02	   1.1553300e-01	
   4.7100000e+02	   1.1385000e-01	
   4.7120000e+02	   1.1218400e-01	
   4.7140000e+02	   1.1053700e-01	
   4.7160000e+02	   1.0890800e-01	
   4.7180000e+02	   1.0729700e-01	
   4.7200000e+02	   1.0570300e-01	
   4.7220000e+02	   1.0412800e-01	
   4.7240000e+02	   1.0256900e-01	
   4.7260000e+02	   1.0102900e-01	
   4.7280000e+02	   9.9506000e-02	
   4.7300000e+02	   9.8000000e-02	
   4.7320000e+02	   9.6512000e-02	
   4.7340000e+02	   9.5040000e-02	
   4.7360000e+02	   9.3586000e-02	
   4.7380000e+02	   9.2149000e-02	
   4.7400000e+02	   9.0729000e-02	
   4.7420000e+02	   8.9326000e-02	
   4.7440000e+02	   8.7940000e-02	
   4.7460000e+02	   8.6570000e-02	
   4.7480000e+02	   8.5217000e-02	
   4.7500000e+02	   8.3880000e-02	
   4.7520000e+02	   8.2560000e-02	
   4.7540000e+02	   8.1256000e-02	
   4.7560000e+02	   7.9968000e-02	
   4.7580000e+02	   7.8697000e-02	
   4.7600000e+02	   7.7441000e-02	
   4.7620000e+02	   7.6201000e-02	
   4.7640000e+02	   7.4977000e-02	
   4.7660000e+02	   7.3769000e-02	
   4.7680000e+02	   7.2576000e-02	
   4.7700000e+02	   7.1399000e-02	
   4.7720000e+02	   7.0237000e-02	
   4.7740000e+02	   6.9090000e-02	
   4.7760000e+02	   6.7958000e-02	
   4.7780000e+02	   6.6841000e-02	
   4.7800000e+02	   6.5740000e-02	
   4.7820000e+02	   6.4653000e-02	
   4.7840000e+02	   6.3580000e-02	
   4.7860000e+02	   6.2523000e-02	
   4.7880000e+02	   6.1479000e-02	
   4.7900000e+02	   6.0450000e-02	
   4.7920000e+02	   5.9435000e-02	
   4.7940000e+02	   5.8434000e-02	
   4.7960000e+02	   5.7448000e-02	
   4.7980000e+02	   5.6475000e-02	
   4.8000000e+02	   5.5515000e-02	
   4.8020000e+02	   5.4570000e-02	
   4.8040000e+02	   5.3637000e-02	
   4.8060000e+02	   5.2718000e-02	
   4.8080000e+02	   5.1813000e-02	
   4.8100000e+02	   5.0920000e-02	
   4.8120000e+02	   5.0041000e-02	
   4.8140000e+02	   4.9174000e-02	
   4.8160000e+02	   4.8320000e-02	
   4.8180000e+02	   4.7478000e-02	
   4.8200000e+02	   4.6649000e-02	
   4.8220000e+02	   4.5833000e-02	
   4.8240000e+02	   4.5028000e-02	
   4.8260000e+02	   4.4236000e-02	
   4.8280000e+02	   4.3456000e-02	
   4.8300000e+02	   4.2687000e-02	
   4.8320000e+02	   4.1930000e-02	
   4.8340000e+02	   4.1185000e-02	
   4.8360000e+02	   4.0451000e-02	
   4.8380000e+02	   3.9729000e-02	
   4.8400000e+02	   3.9018000e-02	
   4.8420000e+02	   3.8318000e-02	
   4.8440000e+02	   3.7628000e-02	
   4.8460000e+02	   3.6950000e-02	
   4.8480000e+02	   3.6283000e-02	
   4.8500000e+02	   3.5626000e-02	
   4.8520000e+02	   3.4979000e-02	
   4.8540000e+02	   3.4343000e-02	
   4.8560000e+02	   3.3717000e-02	
   4.8580000e+02	   3.3101000e-02	
   4.8600000e+02	   3.2495000e-02	
   4.8620000e+02	   3.1899000e-02	
   4.8640000e+02	   3.1313000e-02	
   4.8660000e+02	   3.0736000e-02	
   4.8680000e+02	   3.0169000e-02	
   4.8700000e+02	   2.9611000e-02	
   4.8720000e+02	   2.9062000e-02	
   4.8740000e+02	   2.8523000e-02	
   4.8760000e+02	   2.7992000e-02	
   4.8780000e+02	   2.7471000e-02	
   4.8800000e+02	   2.6958000e-02	
   4.8820000e+02	   2.6453000e-02	
   4.8840000e+02	   2.5958000e-02	
   4.8860000e+02	   2.5471000e-02	
   4.8880000e+02	   2.4992000e-02	
   4.8900000e+02	   2.4521000e-02	
   4.8920000e+02	   2.4058000e-02	
   4.8940000e+02	   2.3603000e-02	
   4.8960000e+02	   2.3156000e-02	
   4.8980000e+02	   2.2717000e-02	
   4.9000000e+02	   2.2286000e-02	
   4.9020000e+02	   2.1862000e-02	
   4.9040000e+02	   2.1445000e-02	
   4.9060000e+02	   2.1036000e-02	
   4.9080000e+02	   2.0634000e-02	
   4.9100000e+02	   2.0239000e-02	
   4.9120000e+02	   1.9851000e-02	
   4.9140000e+02	   1.9470000e-02	
   4.9160000e+02	   1.9095000e-02	
   4.9180000e+02	   1.8728000e-02	
   4.9200000e+02	   1.8367000e-02	
   4.9220000e+02	   1.8012000e-02	
   4.9240000e+02	   1.7664000e-02	
   4.9260000e+02	   1.7322000e-02	
   4.9280000e+02	   1.6986000e-02	
   4.9300000e+02	   1.6657000e-02	
   4.9320000e+02	   1.6333000e-02	
   4.9340000e+02	   1.6015000e-02	
   4.9360000e+02	   1.5703000e-02	
   4.9380000e+02	   1.5397000e-02	
   4.9400000e+02	   1.5096000e-02	
   4.9420000e+02	   1.4801000e-02	
   4.9440000e+02	   1.4511000e-02	
   4.9460000e+02	   1.4227000e-02	
   4.9480000e+02	   1.3948000e-02	
   4.9500000e+02	   1.3674000e-02	
   4.9520000e+02	   1.3405000e-02	
   4.9540000e+02	   1.3142000e-02	
   4.9560000e+02	   1.2883000e-02	
   4.9580000e+02	   1.2629000e-02	
   4.9600000e+02	   1.2380000e-02	
   4.9620000e+02	   1.2135000e-02	
   4.9640000e+02	   1.1895000e-02	
   4.9660000e+02	   1.1660000e-02	
   4.9680000e+02	   1.1429000e-02	
   4.9700000e+02	   1.1202000e-02	
   4.9720000e+02	   1.0980000e-02	
   4.9740000e+02	   1.0762000e-02	
   4.9760000e+02	   1.0548000e-02	
   4.9780000e+02	   1.0338000e-02	
   4.9800000e+02	   1.0133000e-02	
   4.9820000e+02	   9.9310000e-03	
   4.9840000e+02	   9.7330000e-03	
   4.9860000e+02	   9.5390000e-03	
   4.9880000e+02	   9.3480000e-03	
   4.9900000e+02	   9.1610000e-03	
   4.9920000e+02	   8.9780000e-03	
   4.9940000e+02	   8.7990000e-03	
   4.9960000e+02	   8.6230000e-03	
   4.9980000e+02	   8.4500000e-03	
   5.0000000e+02	   8.2810000e-03	
   5.0020000e+02	   8.1140000e-03	
   5.0040000e+02	   7.9520000e-03	
   5.0060000e+02	   7.7920000e-03	
   5.0080000e+02	   7.6360000e-03	
   5.0100000e+02	   7.4820000e-03	
   5.0120000e+02	   7.3320000e-03	
   5.0140000e+02	   7.1840000e-03	
   5.0160000e+02	   7.0390000e-03	
   5.0180000e+02	   6.8980000e-03	
   5.0200000e+02	   6.7590000e-03	
   5.0220000e+02	   6.6230000e-03	
   5.0240000e+02	   6.4890000e-03	
   5.0260000e+02	   6.3580000e-03	
   5.0280000e+02	   6.2300000e-03	
   5.0300000e+02	   6.1040000e-03	
   5.0320000e+02	   5.9810000e-03	
   5.0340000e+02	   5.8600000e-03	
   5.0360000e+02	   5.7410000e-03	
   5.0380000e+02	   5.6250000e-03	
   5.0400000e+02	   5.5120000e-03	
   5.0420000e+02	   5.4000000e-03	
   5.0440000e+02	   5.2910000e-03	
   5.0460000e+02	   5.1840000e-03	
   5.0480000e+02	   5.0790000e-03	
   5.0500000e+02	   4.9760000e-03	
   5.0520000e+02	   4.8750000e-03	
   5.0540000e+02	   4.7760000e-03	
   5.0560000e+02	   4.6790000e-03	
   5.0580000e+02	   4.5850000e-03	
   5.0600000e+02	   4.4920000e-03	
   5.0620000e+02	   4.4010000e-03	
   5.0640000e+02	   4.3110000e-03	
   5.0660000e+02	   4.2240000e-03	
   5.0680000e+02	   4.1380000e-03	
   5.0700000e+02	   4.0540000e-03	
   5.0720000e+02	   3.9720000e-03	
   5.0740000e+02	   3.8910000e-03	
   5.0760000e+02	   3.8120000e-03	
   5.0780000e+02	   3.7350000e-03	
   5.0800000e+02	   3.6590000e-03	
   5.0820000e+02	   3.5850000e-03	
   5.0840000e+02	   3.5120000e-03	
   5.0860000e+02	   3.4410000e-03	
   5.0880000e+02	   3.3710000e-03	
   5.0900000e+02	   3.3020000e-03	
   5.0920000e+02	   3.2350000e-03	
   5.0940000e+02	   3.1700000e-03	
   5.0960000e+02	   3.1050000e-03	
   5.0980000e+02	   3.0420000e-03	
   5.1000000e+02	   2.9800000e-03	
   5.1020000e+02	   2.9200000e-03	
   5.1040000e+02	   2.8610000e-03	
   5.1060000e+02	   2.8020000e-03	
   5.1080000e+02	   2.7460000e-03	
   5.1100000e+02	   2.6900000e-03	
   5.1120000e+02	   2.6350000e-03	
   5.1140000e+02	   2.5820000e-03	
   5.1160000e+02	   2.5290000e-03	
   5.1180000e+02	   2.4780000e-03	
   5.1200000e+02	   2.4280000e-03	
   5.1220000e+02	   2.3780000e-03	
   5.1240000e+02	   2.3300000e-03	
   5.1260000e+02	   2.2830000e-03	
   5.1280000e+02	   2.2370000e-03	
   5.1300000e+02	   2.1910000e-03	
   5.1320000e+02	   2.1470000e-03	
   5.1340000e+02	   2.1030000e-03	
   5.1360000e+02	   2.0610000e-03	
   5.1380000e+02	   2.0190000e-03	
   5.1400000e+02	   1.9780000e-03	
   5.1420000e+02	   1.9380000e-03	
   5.1440000e+02	   1.8990000e-03	
   5.1460000e+02	   1.8600000e-03	
   5.1480000e+02	   1.8220000e-03	
   5.1500000e+02	   1.7860000e-03	
   5.1520000e+02	   1.7490000e-03	
   5.1540000e+02	   1.7140000e-03	
   5.1560000e+02	   1.6790000e-03	
   5.1580000e+02	   1.6450000e-03	
   5.1600000e+02	   1.6120000e-03	
   5.1620000e+02	   1.5790000e-03	
   5.1640000e+02	   1.5480000e-03	
   5.1660000e+02	   1.5160000e-03	
   5.1680000e+02	   1.4860000e-03	
   5.1700000e+02	   1.4560000e-03	
   5.1720000e+02	   1.4260000e-03	
   5.1740000e+02	   1.3970000e-03	
   5.1760000e+02	   1.3690000e-03	
   5.1780000e+02	   1.3420000e-03	
   5.1800000e+02	   1.3150000e-03	
   5.1820000e+02	   1.2880000e-03	
   5.1840000e+02	   1.2620000e-03	
   5.1860000e+02	   1.2370000e-03	
   5.1880000e+02	   1.2120000e-03	
   5.1900000e+02	   1.1870000e-03	
   5.1920000e+02	   1.1630000e-03	
   5.1940000e+02	   1.1400000e-03	
   5.1960000e+02	   1.1170000e-03	
   5.1980000e+02	   1.0950000e-03	
   5.2000000e+02	   1.0730000e-03	
   5.2020000e+02	   1.0510000e-03	
   5.2040000e+02	   1.0300000e-03	
   5.2060000e+02	   1.0090000e-03	
   5.2080000e+02	   9.8900000e-04	
   5.2100000e+02	   9.6900000e-04	
   5.2120000e+02	   9.5000000e-04	
   5.2140000e+02	   9.3100000e-04	
   5.2160000e+02	   9.1200000e-04	
   5.2180000e+02	   8.9400000e-04	
   5.2200000e+02	   8.7600000e-04	
   5.2220000e+02	   8.5800000e-04	
   5.2240000e+02	   8.4100000e-04	
   5.2260000e+02	   8.2400000e-04	
   5.2280000e+02	   8.0800000e-04	
   5.2300000e+02	   7.9200000e-04	
   5.2320000e+02	   7.7600000e-04	
   5.2340000e+02	   7.6000000e-04	
   5.2360000e+02	   7.4500000e-04	
   5.2380000e+02	   7.3000000e-04	
   5.2400000e+02	   7.1600000e-04	
   5.2420000e+02	   7.0200000e-04	
   5.2440000e+02	   6.8800000e-04	
   5.2460000e+02	   6.7400000e-04	
   5.2480000e+02	   6.6100000e-04	
   5.2500000e+02	   6.4700000e-04	
   5.2520000e+02	   6.3400000e-04	
   5.2540000e+02	   6.2200000e-04	
   5.2560000e+02	   6.1000000e-04	
   5.2580000e+02	   5.9700000e-04	
   5.2600000e+02	   5.8600000e-04	
   5.2620000e+02	   5.7400000e-04	
   5.2640000e+02	   5.6300000e-04	
   5.2660000e+02	   5.5100000e-04	
   5.2680000e+02	   5.4100000e-04	
   5.2700000e+02	   5.3000000e-04	
   5.2720000e+02	   5.1900000e-04	
   5.2740000e+02	   5.0900000e-04	
   5.2760000e+02	   4.9900000e-04	
   5.2780000e+02	   4.8900000e-04	
   5.2800000e+02	   4.7900000e-04	
   5.2820000e+02	   4.7000000e-04	
   5.2840000e+02	   4.6100000e-04	
   5.2860000e+02	   4.5200000e-04	
   5.2880000e+02	   4.4300000e-04	
   5.2900000e+02	   4.3400000e-04	
   5.2920000e+02	   4.2500000e-04	
   5.2940000e+02	   4.1700000e-04	
   5.2960000e+02	   4.0900000e-04	
   5.2980000e+02	   4.0100000e-04	
   5.3000000e+02	   3.9300000e-04	
   5.3020000e+02	   3.8500000e-04	
   5.3040000e+02	   3.7800000e-04	
   5.3060000e+02	   3.7000000e-04	
   5.3080000e+02	   3.6300000e-04	
   5.3100000e+02	   3.5600000e-04	
   5.3120000e+02	   3.4900000e-04	
   5.3140000e+02	   3.4200000e-04	
   5.3160000e+02	   3.3500000e-04	
   5.3180000e+02	   3.2900000e-04	
   5.3200000e+02	   3.2200000e-04	
   5.3220000e+02	   3.1600000e-04	
   5.3240000e+02	   3.1000000e-04	
   5.3260000e+02	   3.0400000e-04	
   5.3280000e+02	   2.9800000e-04	
   5.3300000e+02	   2.9200000e-04	
   5.3320000e+02	   2.8700000e-04	
   5.3340000e+02	   2.8100000e-04	
   5.3360000e+02	   2.7500000e-04	
   5.3380000e+02	   2.7000000e-04	
   5.3400000e+02	   2.6500000e-04	
   5.3420000e+02	   2.6000000e-04	
   5.3440000e+02	   2.5500000e-04	
   5.3460000e+02	   2.5000000e-04	
   5.3480000e+02	   2.4500000e-04	
   5.3500000e+02	   2.4000000e-04	
   5.3520000e+02	   2.3600000e-04	
   5.3540000e+02	   2.3100000e-04	
   5.3560000e+02	   2.2600000e-04	
   5.3580000e+02	   2.2200000e-04	
   5.3600000e+02	   2.1800000e-04	
   5.3620000e+02	   2.1400000e-04	
   5.3640000e+02	   2.0900000e-04	
   5.3660000e+02	   2.0500000e-04	
   5.3680000e+02	   2.0100000e-04	
   5.3700000e+02	   1.9800000e-04	
   5.3720000e+02	   1.9400000e-04	
   5.3740000e+02	   1.9000000e-04	
   5.3760000e+02	   1.8600000e-04	
   5.3780000e+02	   1.8300000e-04	
   5.3800000e+02	   1.7900000e-04	
   5.3820000e+02	   1.7600000e-04	
   5.3840000e+02	   1.7300000e-04	
   5.3860000e+02	   1.6900000e-04	
   5.3880000e+02	   1.6600000e-04	
   5.3900000e+02	   1.6300000e-04	
   5.3920000e+02	   1.6000000e-04	
   5.3940000e+02	   1.5700000e-04	
   5.3960000e+02	   1.5400000e-04	
   5.3980000e+02	   1.5100000e-04	
   5.4000000e+02	   1.4800000e-04	
   5.4020000e+02	   1.4500000e-04	
   5.4040000e+02	   1.4200000e-04	
   5.4060000e+02	   1.4000000e-04	
   5.4080000e+02	   1.3700000e-04	
   5.4100000e+02	   1.3400000e-04	
   5.4120000e+02	   1.3200000e-04	
   5.4140000e+02	   1.2900000e-04	
   5.4160000e+02	   1.2700000e-04	
   5.4180000e+02	   1.2400000e-04	
   5.4200000e+02	   1.2200000e-04	
   5.4220000e+02	   1.2000000e-04	
   5.4240000e+02	   1.1700000e-04	
   5.4260000e+02	   1.1500000e-04	
   5.4280000e+02	   1.1300000e-04	
   5.4300000e+02	   1.1100000e-04	
   5.4320000e+02	   1.0900000e-04	
   5.4340000e+02	   1.0700000e-04	
   5.4360000e+02	   1.0500000e-04	
   5.4380000e+02	   1.0300000e-04	
   5.4400000e+02	   1.0100000e-04	
   5.4420000e+02	   9.9000000e-05	
   5.4440000e+02	   9.7000000e-05	
   5.4460000e+02	   9.5000000e-05	
   5.4480000e+02	   9.3000000e-05	
   5.4500000e+02	   9.2000000e-05	
   5.4520000e+02	   9.0000000e-05	
   5.4540000e+02	   8.8000000e-05	
   5.4560000e+02	   8.7000000e-05	
   5.4580000e+02	   8.5000000e-05	
   5.4600000e+02	   8.3000000e-05	
   5.4620000e+02	   8.2000000e-05	
   5.4640000e+02	   8.0000000e-05	
   5.4660000e+02	   7.9000000e-05	
   5.4680000e+02	   7.7000000e-05	
   5.4700000e+02	   7.6000000e-05	
   5.4720000e+02	   7.4000000e-05	
   5.4740000e+02	   7.3000000e-05	
   5.4760000e+02	   7.2000000e-05	
   5.4780000e+02	   7.0000000e-05	
   5.4800000e+02	   6.9000000e-05	
   5.4820000e+02	   6.8000000e-05	
   5.4840000e+02	   6.7000000e-05	
   5.4860000e+02	   6.5000000e-05	
   5.4880000e+02	   6.4000000e-05	
   5.4900000e+02	   6.3000000e-05	
   5.4920000e+02	   6.2000000e-05	
   5.4940000e+02	   6.1000000e-05	
   5.4960000e+02	   5.9000000e-05	
   5.4980000e+02	   5.8000000e-05	
   5.5000000e+02	   5.7000000e-05	
   5.5020000e+02	   5.6000000e-05	
   5.5040000e+02	   5.5000000e-05	
   5.5060000e+02	   5.4000000e-05	
   5.5080000e+02	   5.3000000e-05	
   5.5100000e+02	   5.2000000e-05	
   5.5120000e+02	   5.1000000e-05	
   5.5140000e+02	   5.0000000e-05	
   5.5160000e+02	   4.9000000e-05	
   5.5180000e+02	   4.8000000e-05	
   5.5200000e+02	   4.8000000e-05	
   5.5220000e+02	   4.7000000e-05	
   5.5240000e+02	   4.6000000e-05	
   5.5260000e+02	   4.5000000e-05	
   5.5280000e+02	   4.4000000e-05	
   5.5300000e+02	   4.3000000e-05	
   5.5320000e+02	   4.3000000e-05	
   5.5340000e+02	   4.2000000e-05	
   5.5360000e+02	   4.1000000e-05	
   5.5380000e+02	   4.0000000e-05	
   5.5400000e+02	   4.0000000e-05	
   5.5420000e+02	   3.9000000e-05	
   5.5440000e+02	   3.8000000e-05	
   5.5460000e+02	   3.7000000e-05	
   5.5480000e+02	   3.7000000e-05	
   5.5500000e+02	   3.6000000e-05	
   5.5520000e+02	   3.5000000e-05	
   5.5540000e+02	   3.5000000e-05	
   5.5560000e+02	   3.4000000e-05	
   5.5580000e+02	   3.4000000e-05	
   5.5600000e+02	   3.3000000e-05	
   5.5620000e+02	   3.2000000e-05	
   5.5640000e+02	   3.2000000e-05	
   5.5660000e+02	   3.1000000e-05	
   5.5680000e+02	   3.1000000e-05	
   5.5700000e+02	   3.0000000e-05	
   5.5720000e+02	   3.0000000e-05	
   5.5740000e+02	   2.9000000e-05	
   5.5760000e+02	   2.8000000e-05	
   5.5780000e+02	   2.8000000e-05	
   5.5800000e+02	   2.7000000e-05	
   5.5820000e+02	   2.7000000e-05	
   5.5840000e+02	   2.6000000e-05	
   5.5860000e+02	   2.6000000e-05	
   5.5880000e+02	   2.6000000e-05	
   5.5900000e+02	   2.5000000e-05	
   5.5920000e+02	   2.5000000e-05	
   5.5940000e+02	   2.4000000e-05	
   5.5960000e+02	   2.4000000e-05	
   5.5980000e+02	   2.3000000e-05	
   5.6000000e+02	   2.3000000e-05	
   5.6020000e+02	   2.2000000e-05	
   5.6040000e+02	   2.2000000e-05	
   5.6060000e+02	   2.2000000e-05	
   5.6080000e+02	   2.1000000e-05	
   5.6100000e+02	   2.1000000e-05	
   5.6120000e+02	   2.1000000e-05	
   5.6140000e+02	   2.0000000e-05	
   5.6160000e+02	   2.0000000e-05	
   5.6180000e+02	   1.9000000e-05	
   5.6200000e+02	   1.9000000e-05	
   5.6220000e+02	   1.9000000e-05	
   5.6240000e+02	   1.8000000e-05	
   5.6260000e+02	   1.8000000e-05	
   5.6280000e+02	   1.8000000e-05	
   5.6300000e+02	   1.7000000e-05	
   5.6320000e+02	   1.7000000e-05	
   5.6340000e+02	   1.7000000e-05	
   5.6360000e+02	   1.7000000e-05	
   5.6380000e+02	   1.6000000e-05	
   5.6400000e+02	   1.6000000e-05	
   5.6420000e+02	   1.6000000e-05	
   5.6440000e+02	   1.5000000e-05	
   5.6460000e+02	   1.5000000e-05	
   5.6480000e+02	   1.5000000e-05	
   5.6500000e+02	   1.5000000e-05	
   5.6520000e+02	   1.4000000e-05	
   5.6540000e+02	   1.4000000e-05	
   5.6560000e+02	   1.4000000e-05	
   5.6580000e+02	   1.4000000e-05	
   5.6600000e+02	   1.3000000e-05	
   5.6620000e+02	   1.3000000e-05	
   5.6640000e+02	   1.3000000e-05	
   5.6660000e+02	   1.3000000e-05	
   5.6680000e+02	   1.2000000e-05	
   5.6700000e+02	   1.2000000e-05	
   5.6720000e+02	   1.2000000e-05	
   5.6740000e+02	   1.2000000e-05	
   5.6760000e+02	   1.2000000e-05	
   5.6780000e+02	   1.1000000e-05	
   5.6800000e+02	   1.1000000e-05	
   5.6820000e+02	   1.1000000e-05	
   5.6840000e+02	   1.1000000e-05	
   5.6860000e+02	   1.1000000e-05	
   5.6880000e+02	   1.0000000e-05	
   5.6900000e+02	   1.0000000e-05	
   5.6920000e+02	   1.0000000e-05	
   5.6940000e+02	   1.0000000e-05	
   5.6960000e+02	   1.0000000e-05	
   5.6980000e+02	   1.0000000e-05	
   5.7000000e+02	   9.0000000e-06	
   5.7020000e+02	   9.0000000e-06	
   5.7040000e+02	   9.0000000e-06	
   5.7060000e+02	   9.0000000e-06	
   5.7080000e+02	   9.0000000e-06	
   5.7100000e+02	   9.0000000e-06	
   5.7120000e+02	   9.0000000e-06	
   5.7140000e+02	   8.0000000e-06	
   5.7160000e+02	   8.0000000e-06	
   5.7180000e+02	   8.0000000e-06	
   5.7200000e+02	   8.0000000e-06	
   5.7220000e+02	   8.0000000e-06	
   5.7240000e+02	   8.0000000e-06	
   5.7260000e+02	   8.0000000e-06	
   5.7280000e+02	   7.0000000e-06	
   5.7300000e+02	   7.0000000e-06	
   5.7320000e+02	   7.0000000e-06	
   5.7340000e+02	   7.0000000e-06	
   5.7360000e+02	   7.0000000e-06	
   5.7380000e+02	   7.0000000e-06	
   5.7400000e+02	   7.0000000e-06	
   5.7420000e+02	   7.0000000e-06	
   5.7440000e+02	   6.0000000e-06	
   5.7460000e+02	   6.0000000e-06	
   5.7480000e+02	   6.0000000e-06	
   5.7500000e+02	   6.0000000e-06	
   5.7520000e+02	   6.0000000e-06	
   5.7540000e+02	   6.0000000e-06	
   5.7560000e+02	   6.0000000e-06	
   5.7580000e+02	   6.0000000e-06	
   5.7600000e+02	   6.0000000e-06	
   5.7620000e+02	   6.0000000e-06	
   5.7640000e+02	   5.0000000e-06	
   5.7660000e+02	   5.0000000e-06	
   5.7680000e+02	   5.0000000e-06	
   5.7700000e+02	   5.0000000e-06	
   5.7720000e+02	   5.0000000e-06	
   5.7740000e+02	   5.0000000e-06	
   5.7760000e+02	   5.0000000e-06	
   5.7780000e+02	   5.0000000e-06	
   5.7800000e+02	   5.0000000e-06	
   5.7820000e+02	   5.0000000e-06	
   5.7840000e+02	   5.0000000e-06	
   5.7860000e+02	   5.0000000e-06	
   5.7880000e+02	   4.0000000e-06	
   5.7900000e+02	   4.0000000e-06	
   5.7920000e+02	   4.0000000e-06	
   5.7940000e+02	   4.0000000e-06	
   5.7960000e+02	   4.0000000e-06	
   5.7980000e+02	   4.0000000e-06	
   5.8000000e+02	   4.0000000e-06	
   5.8020000e+02	   4.0000000e-06	
   5.8040000e+02	   4.0000000e-06	
   5.8060000e+02	   4.0000000e-06	
   5.8080000e+02	   4.0000000e-06	
   5.8100000e+02	   4.0000000e-06	
   5.8120000e+02	   4.0000000e-06	
   5.8140000e+02	   4.0000000e-06	
   5.8160000e+02	   4.0000000e-06	
   5.8180000e+02	   3.0000000e-06	
   5.8200000e+02	   3.0000000e-06	
   5.8220000e+02	   3.0000000e-06	
   5.8240000e+02	   3.0000000e-06	
   5.8260000e+02	   3.0000000e-06	
   5.8280000e+02	   3.0000000e-06	
   5.8300000e+02	   3.0000000e-06	
   5.8320000e+02	   3.0000000e-06	
   5.8340000e+02	   3.0000000e-06	
   5.8360000e+02	   3.0000000e-06	
   5.8380000e+02	   3.0000000e-06	
   5.8400000e+02	   3.0000000e-06	
   5.8420000e+02	   3.0000000e-06	
   5.8440000e+02	   3.0000000e-06	
   5.8460000e+02	   3.0000000e-06	
   5.8480000e+02	   3.0000000e-06	
   5.8500000e+02	   3.0000000e-06	
   5.8520000e+02	   3.0000000e-06	
   5.8540000e+02	   3.0000000e-06	
   5.8560000e+02	   3.0000000e-06	
   5.8580000e+02	   2.0000000e-06	
   5.8600000e+02	   2.0000000e-06	
   5.8620000e+02	   2.0000000e-06	
   5.8640000e+02	   2.0000000e-06	
   5.8660000e+02	   2.0000000e-06	
   5.8680000e+02	   2.0000000e-06	
   5.8700000e+02	   2.0000000e-06	
   5.8720000e+02	   2.0000000e-06	
   5.8740000e+02	   2.0000000e-06	
   5.8760000e+02	   2.0000000e-06	
   5.8780000e+02	   2.0000000e-06	
   5.8800000e+02	   2.0000000e-06	
   5.8820000e+02	   2.0000000e-06	
   5.8840000e+02	   2.0000000e-06	
   5.8860000e+02	   2.0000000e-06	
   5.8880000e+02	   2.0000000e-06	
   5.8900000e+02	   2.0000000e-06	
   5.8920000e+02	   2.0000000e-06	
   5.8940000e+02	   2.0000000e-06	
   5.8960000e+02	   2.0000000e-06	
   5.8980000e+02	   2.0000000e-06	
   5.9000000e+02	   2.0000000e-06	
   5.9020000e+02	   2.0000000e-06	
   5.9040000e+02	   2.0000000e-06	
   5.9060000e+02	   2.0000000e-06	
   5.9080000e+02	   2.0000000e-06	
   5.9100000e+02	   2.0000000e-06	
   5.9120000e+02	   2.0000000e-06	
   5.9140000e+02	   2.0000000e-06	
   5.9160000e+02	   2.0000000e-06	
   5.9180000e+02	   2.0000000e-06	
   5.9200000e+02	   1.0000000e-06	
   5.9220000e+02	   1.0000000e-06	
   5.9240000e+02	   1.0000000e-06	
   5.9260000e+02	   1.0000000e-06	
   5.9280000e+02	   1.0000000e-06	
   5.9300000e+02	   1.0000000e-06	
   5.9320000e+02	   1.0000000e-06	
   5.9340000e+02	   1.0000000e-06	
   5.9360000e+02	   1.0000000e-06	
   5.9380000e+02	   1.0000000e-06	
   5.9400000e+02	   1.0000000e-06	
   5.9420000e+02	   1.0000000e-06	
   5.9440000e+02	   1.0000000e-06	
   5.9460000e+02	   1.0000000e-06	
   5.9480000e+02	   1.0000000e-06	
   5.9500000e+02	   1.0000000e-06	
   5.9520000e+02	   1.0000000e-06	
   5.9540000e+02	   1.0000000e-06	
   5.9560000e+02	   1.0000000e-06	
   5.9580000e+02	   1.0000000e-06	
   5.9600000e+02	   1.0000000e-06	
   5.9620000e+02	   1.0000000e-06	
   5.9640000e+02	   1.0000000e-06	
   5.9660000e+02	   1.0000000e-06	
   5.9680000e+02	   1.0000000e-06	
   5.9700000e+02	   1.0000000e-06	
   5.9720000e+02	   1.0000000e-06	
   5.9740000e+02	   1.0000000e-06	
   5.9760000e+02	   1.0000000e-06	
   5.9780000e+02	   1.0000000e-06	
   5.9800000e+02	   1.0000000e-06	
   5.9820000e+02	   1.0000000e-06	
   5.9840000e+02	   1.0000000e-06	
   5.9860000e+02	   1.0000000e-06	
   5.9880000e+02	   1.0000000e-06	
   5.9900000e+02	   1.0000000e-06	
   5.9920000e+02	   1.0000000e-06	
   5.9940000e+02	   1.0000000e-06	
   5.9960000e+02	   1.0000000e-06	
   5.9980000e+02	   1.0000000e-06	
   6.0000000e+02	   1.0000000e-06	
   6.0020000e+02	   1.0000000e-06	
   6.0040000e+02	   1.0000000e-06	
   6.0060000e+02	   1.0000000e-06	
   6.0080000e+02	   1.0000000e-06	
   6.0100000e+02	   1.0000000e-06	
   6.0120000e+02	   1.0000000e-06	
   6.0140000e+02	   1.0000000e-06	
   6.0160000e+02	   1.0000000e-06	
   6.0180000e+02	   1.0000000e-06	
   6.0200000e+02	   1.0000000e-06	
   6.0220000e+02	   1.0000000e-06	
   6.0240000e+02	   1.0000000e-06	
   6.0260000e+02	   1.0000000e-06	
   6.0280000e+02	   1.0000000e-06	
   6.0300000e+02	   1.0000000e-06	
   6.0320000e+02	   1.0000000e-06	
   6.0340000e+02	   1.0000000e-06	
   6.0360000e+02	   1.0000000e-06	
   6.0380000e+02	   1.0000000e-06	
   6.0400000e+02	   1.0000000e-06	
   6.0420000e+02	   1.0000000e-06	
   6.0440000e+02	   1.0000000e-06	
   6.0460000e+02	   1.0000000e-06	
   6.0480000e+02	   1.0000000e-06	
   6.0500000e+02	   1.0000000e-06	
   6.0520000e+02	   1.0000000e-06	
   6.0540000e+02	   1.0000000e-06	
   6.0560000e+02	   1.0000000e-06	
   6.0580000e+02	   0.0000000e+00	
   6.0600000e+02	   0.0000000e+00	
   6.0620000e+02	   0.0000000e+00	
   6.0640000e+02	   0.0000000e+00	
   6.0660000e+02	   0.0000000e+00	
   6.0680000e+02	   0.0000000e+00	
   6.0700000e+02	   0.0000000e+00	
   6.0720000e+02	   0.0000000e+00	
   6.0740000e+02	   0.0000000e+00	
   6.0760000e+02	   0.0000000e+00	
   6.0780000e+02	   0.0000000e+00	
   6.0800000e+02	   0.0000000e+00	
   6.0820000e+02	   0.0000000e+00	
   6.0840000e+02	   0.0000000e+00	
   6.0860000e+02	   0.0000000e+00	
   6.0880000e+02	   0.0000000e+00	
   6.0900000e+02	   0.0000000e+00	
   6.0920000e+02	   0.0000000e+00	
   6.0940000e+02	   0.0000000e+00	
   6.0960000e+02	   0.0000000e+00	
   6.0980000e+02	   0.0000000e+00	
   6.1000000e+02	   0.0000000e+00	
   6.1020000e+02	   0.0000000e+00	
   6.1040000e+02	   0.0000000e+00	
   6.1060000e+02	   0.0000000e+00	
   6.1080000e+02	   0.0000000e+00	
   6.1100000e+02	   0.0000000e+00	
   6.1120000e+02	   0.0000000e+00	
   6.1140000e+02	   0.0000000e+00	
   6.1160000e+02	   0.0000000e+00	
   6.1180000e+02	   0.0000000e+00	
   6.1200000e+02	   0.0000000e+00	
   6.1220000e+02	   0.0000000e+00	
   6.1240000e+02	   0.0000000e+00	
   6.1260000e+02	   0.0000000e+00	
   6.1280000e+02	   0.0000000e+00	
   6.1300000e+02	   0.0000000e+00	
   6.1320000e+02	   0.0000000e+00	
   6.1340000e+02	   0.0000000e+00	
   6.1360000e+02	   0.0000000e+00	
   6.1380000e+02	   0.0000000e+00	
   6.1400000e+02	   0.0000000e+00	
   6.1420000e+02	   0.0000000e+00	
   6.1440000e+02	   0.0000000e+00	
   6.1460000e+02	   0.0000000e+00	
   6.1480000e+02	   0.0000000e+00	
   6.1500000e+02	   0.0000000e+00	
   6.1520000e+02	   0.0000000e+00	
   6.1540000e+02	   0.0000000e+00	
   6.1560000e+02	   0.0000000e+00	
   6.1580000e+02	   0.0000000e+00	
   6.1600000e+02	   0.0000000e+00	
   6.1620000e+02	   0.0000000e+00	
   6.1640000e+02	   0.0000000e+00	
   6.1660000e+02	   0.0000000e+00	
   6.1680000e+02	   0.0000000e+00	
   6.1700000e+02	   0.0000000e+00	
   6.1720000e+02	   0.0000000e+00	
   6.1740000e+02	   0.0000000e+00	
   6.1760000e+02	   0.0000000e+00	
   6.1780000e+02	   0.0000000e+00	
   6.1800000e+02	   0.0000000e+00	
   6.1820000e+02	   0.0000000e+00	
   6.1840000e+02	   0.0000000e+00	
   6.1860000e+02	   0.0000000e+00	
   6.1880000e+02	   0.0000000e+00	
   6.1900000e+02	   0.0000000e+00	
   6.1920000e+02	   0.0000000e+00	
   6.1940000e+02	   0.0000000e+00	
   6.1960000e+02	   0.0000000e+00	
   6.1980000e+02	   0.0000000e+00	
   6.2000000e+02	   0.0000000e+00	
   6.2020000e+02	   0.0000000e+00	
   6.2040000e+02	   0.0000000e+00	
   6.2060000e+02	   0.0000000e+00	
   6.2080000e+02	   0.0000000e+00	
   6.2100000e+02	   0.0000000e+00	
   6.2120000e+02	   0.0000000e+00	
   6.2140000e+02	   0.0000000e+00	
   6.2160000e+02	   0.0000000e+00	
   6.2180000e+02	   0.0000000e+00	
   6.2200000e+02	   0.0000000e+00	
   6.2220000e+02	   0.0000000e+00	
   6.2240000e+02	   0.0000000e+00	
   6.2260000e+02	   0.0000000e+00	
   6.2280000e+02	   0.0000000e+00	
   6.2300000e+02	   0.0000000e+00	
   6.2320000e+02	   0.0000000e+00	
   6.2340000e+02	   0.0000000e+00	
   6.2360000e+02	   0.0000000e+00	
   6.2380000e+02	   0.0000000e+00	
   6.2400000e+02	   0.0000000e+00	
   6.2420000e+02	   0.0000000e+00	
   6.2440000e+02	   0.0000000e+00	
   6.2460000e+02	   0.0000000e+00	
   6.2480000e+02	   0.0000000e+00	
   6.2500000e+02	   0.0000000e+00	
   6.2520000e+02	   0.0000000e+00	
   6.2540000e+02	   0.0000000e+00	
   6.2560000e+02	   0.0000000e+00	
   6.2580000e+02	   0.0000000e+00	
   6.2600000e+02	   0.0000000e+00	
   6.2620000e+02	   0.0000000e+00	
   6.2640000e+02	   0.0000000e+00	
   6.2660000e+02	   0.0000000e+00	
   6.2680000e+02	   0.0000000e+00	
   6.2700000e+02	   0.0000000e+00	
   6.2720000e+02	   0.0000000e+00	
   6.2740000e+02	   0.0000000e+00	
   6.2760000e+02	   0.0000000e+00	
   6.2780000e+02	   0.0000000e+00	
   6.2800000e+02	   0.0000000e+00	
   6.2820000e+02	   0.0000000e+00	
   6.2840000e+02	   0.0000000e+00	
   6.2860000e+02	   0.0000000e+00	
   6.2880000e+02	   0.0000000e+00	
   6.2900000e+02	   0.0000000e+00	
   6.2920000e+02	   0.0000000e+00	
   6.2940000e+02	   0.0000000e+00	
   6.2960000e+02	   0.0000000e+00	
   6.2980000e+02	   0.0000000e+00	
   6.3000000e+02	   0.0000000e+00	
   6.3020000e+02	   0.0000000e+00	
   6.3040000e+02	   0.0000000e+00	
   6.3060000e+02	   0.0000000e+00	
   6.3080000e+02	   0.0000000e+00	
   6.3100000e+02	   0.0000000e+00	
   6.3120000e+02	   0.0000000e+00	
   6.3140000e+02	   0.0000000e+00	
   6.3160000e+02	   0.0000000e+00	
   6.3180000e+02	   0.0000000e+00	
   6.3200000e+02	   0.0000000e+00	
   6.3220000e+02	   0.0000000e+00	
   6.3240000e+02	   0.0000000e+00	
   6.3260000e+02	   0.0000000e+00	
   6.3280000e+02	   0.0000000e+00	
   6.3300000e+02	   0.0000000e+00	
   6.3320000e+02	   0.0000000e+00	
   6.3340000e+02	   0.0000000e+00	
   6.3360000e+02	   0.0000000e+00	
   6.3380000e+02	   0.0000000e+00	
   6.3400000e+02	   0.0000000e+00	
   6.3420000e+02	   0.0000000e+00	
   6.3440000e+02	   0.0000000e+00	
   6.3460000e+02	   0.0000000e+00	
   6.3480000e+02	   0.0000000e+00	
   6.3500000e+02	   0.0000000e+00	
   6.3520000e+02	   0.0000000e+00	
   6.3540000e+02	   0.0000000e+00	
   6.3560000e+02	   0.0000000e+00	
   6.3580000e+02	   0.0000000e+00	
   6.3600000e+02	   0.0000000e+00	
   6.3620000e+02	   0.0000000e+00	
   6.3640000e+02	   0.0000000e+00	
   6.3660000e+02	   0.0000000e+00	
   6.3680000e+02	   0.0000000e+00	
   6.3700000e+02	   0.0000000e+00	
   6.3720000e+02	   0.0000000e+00	
   6.3740000e+02	   0.0000000e+00	
   6.3760000e+02	   0.0000000e+00	
   6.3780000e+02	   0.0000000e+00	
   6.3800000e+02	   0.0000000e+00	
   6.3820000e+02	   0.0000000e+00	
   6.3840000e+02	   0.0000000e+00	
   6.3860000e+02	   0.0000000e+00	
   6.3880000e+02	   0.0000000e+00	
   6.3900000e+02	   0.0000000e+00	
   6.3920000e+02	   0.0000000e+00	
   6.3940000e+02	   0.0000000e+00	
   6.3960000e+02	   0.0000000e+00	
   6.3980000e+02	   0.0000000e+00	
   6.4000000e+02	   0.0000000e+00	
   6.4020000e+02	   0.0000000e+00	
   6.4040000e+02	   0.0000000e+00	
   6.4060000e+02	   0.0000000e+00	
   6.4080000e+02	   0.0000000e+00	
   6.4100000e+02	   0.0000000e+00	
   6.4120000e+02	   0.0000000e+00	
   6.4140000e+02	   0.0000000e+00	
   6.4160000e+02	   0.0000000e+00	
   6.4180000e+02	   0.0000000e+00	
   6.4200000e+02	   0.0000000e+00	
   6.4220000e+02	   0.0000000e+00	
   6.4240000e+02	   0.0000000e+00	
   6.4260000e+02	   0.0000000e+00	
   6.4280000e+02	   0.0000000e+00	
   6.4300000e+02	   0.0000000e+00	
   6.4320000e+02	   0.0000000e+00	
   6.4340000e+02	   0.0000000e+00	
   6.4360000e+02	   0.0000000e+00	
   6.4380000e+02	   0.0000000e+00	
   6.4400000e+02	   0.0000000e+00	
   6.4420000e+02	   0.0000000e+00	
   6.4440000e+02	   0.0000000e+00	
   6.4460000e+02	   0.0000000e+00	
   6.4480000e+02	   0.0000000e+00	
   6.4500000e+02	   0.0000000e+00	
   6.4520000e+02	   0.0000000e+00	
   6.4540000e+02	   0.0000000e+00	
   6.4560000e+02	   0.0000000e+00	
   6.4580000e+02	   0.0000000e+00	
   6.4600000e+02	   0.0000000e+00	
   6.4620000e+02	   0.0000000e+00	
   6.4640000e+02	   0.0000000e+00	
   6.4660000e+02	   0.0000000e+00	
   6.4680000e+02	   0.0000000e+00	
   6.4700000e+02	   0.0000000e+00	
   6.4720000e+02	   0.0000000e+00	
   6.4740000e+02	   0.0000000e+00	
   6.4760000e+02	   0.0000000e+00	
   6.4780000e+02	   0.0000000e+00	
   6.4800000e+02	   0.0000000e+00	
   6.4820000e+02	   0.0000000e+00	
   6.4840000e+02	   0.0000000e+00	
   6.4860000e+02	   0.0000000e+00	
   6.4880000e+02	   0.0000000e+00	
   6.4900000e+02	   0.0000000e+00	
   6.4920000e+02	   0.0000000e+00	
   6.4940000e+02	   0.0000000e+00	
   6.4960000e+02	   0.0000000e+00	
   6.4980000e+02	   0.0000000e+00	
   6.5000000e+02	   0.0000000e+00	
   6.5020000e+02	   0.0000000e+00	
   6.5040000e+02	   0.0000000e+00	
   6.5060000e+02	   0.0000000e+00	
   6.5080000e+02	   0.0000000e+00	
   6.5100000e+02	   0.0000000e+00	
   6.5120000e+02	   0.0000000e+00	
   6.5140000e+02	   0.0000000e+00	
   6.5160000e+02	   0.0000000e+00	
   6.5180000e+02	   0.0000000e+00	
   6.5200000e+02	   0.0000000e+00	
   6.5220000e+02	   0.0000000e+00	
   6.5240000e+02	   0.0000000e+00	
   6.5260000e+02	   0.0000000e+00	
   6.5280000e+02	   0.0000000e+00	
   6.5300000e+02	   0.0000000e+00	
   6.5320000e+02	   0.0000000e+00	
   6.5340000e+02	   0.0000000e+00	
   6.5360000e+02	   0.0000000e+00	
   6.5380000e+02	   0.0000000e+00	
   6.5400000e+02	   0.0000000e+00	
   6.5420000e+02	   0.0000000e+00	
   6.5440000e+02	   0.0000000e+00	
   6.5460000e+02	   0.0000000e+00	
   6.5480000e+02	   0.0000000e+00	
   6.5500000e+02	   0.0000000e+00	
   6.5520000e+02	   0.0000000e+00	
   6.5540000e+02	   0.0000000e+00	
   6.5560000e+02	   0.0000000e+00	
   6.5580000e+02	   0.0000000e+00	
   6.5600000e+02	   0.0000000e+00	
   6.5620000e+02	   0.0000000e+00	
   6.5640000e+02	   0.0000000e+00	
   6.5660000e+02	   0.0000000e+00	
   6.5680000e+02	   0.0000000e+00	
   6.5700000e+02	   0.0000000e+00	
   6.5720000e+02	   0.0000000e+00	
   6.5740000e+02	   0.0000000e+00	
   6.5760000e+02	   0.0000000e+00	
   6.5780000e+02	   0.0000000e+00	
   6.5800000e+02	   0.0000000e+00	
   6.5820000e+02	   0.0000000e+00	
   6.5840000e+02	   0.0000000e+00	
   6.5860000e+02	   0.0000000e+00	
   6.5880000e+02	   0.0000000e+00	
   6.5900000e+02	   0.0000000e+00	
   6.5920000e+02	   0.0000000e+00	
   6.5940000e+02	   0.0000000e+00	
   6.5960000e+02	   0.0000000e+00	
   6.5980000e+02	   0.0000000e+00	
   6.6000000e+02	   0.0000000e+00	
   6.6020000e+02	   0.0000000e+00	
   6.6040000e+02	   0.0000000e+00	
   6.6060000e+02	   0.0000000e+00	
   6.6080000e+02	   0.0000000e+00	
   6.6100000e+02	   0.0000000e+00	
   6.6120000e+02	   0.0000000e+00	
   6.6140000e+02	   0.0000000e+00	
   6.6160000e+02	   0.0000000e+00	
   6.6180000e+02	   0.0000000e+00	
   6.6200000e+02	   0.0000000e+00	
   6.6220000e+02	   0.0000000e+00	
   6.6240000e+02	   0.0000000e+00	
   6.6260000e+02	   0.0000000e+00	
   6.6280000e+02	   0.0000000e+00	
   6.6300000e+02	   0.0000000e+00	
   6.6320000e+02	   0.0000000e+00	
   6.6340000e+02	   0.0000000e+00	
   6.6360000e+02	   0.0000000e+00	
   6.6380000e+02	   0.0000000e+00	
   6.6400000e+02	   0.0000000e+00	
   6.6420000e+02	   0.0000000e+00	
   6.6440000e+02	   0.0000000e+00	
   6.6460000e+02	   0.0000000e+00	
   6.6480000e+02	   0.0000000e+00	
   6.6500000e+02	   0.0000000e+00	
   6.6520000e+02	   0.0000000e+00	
   6.6540000e+02	   0.0000000e+00	
   6.6560000e+02	   0.0000000e+00	
   6.6580000e+02	   0.0000000e+00	
   6.6600000e+02	   0.0000000e+00	
   6.6620000e+02	   0.0000000e+00	
   6.6640000e+02	   0.0000000e+00	
   6.6660000e+02	   0.0000000e+00	
   6.6680000e+02	   0.0000000e+00	
   6.6700000e+02	   0.0000000e+00	
   6.6720000e+02	   0.0000000e+00	
   6.6740000e+02	   0.0000000e+00	
   6.6760000e+02	   0.0000000e+00	
   6.6780000e+02	   0.0000000e+00	
   6.6800000e+02	   0.0000000e+00	
   6.6820000e+02	   0.0000000e+00	
   6.6840000e+02	   0.0000000e+00	
   6.6860000e+02	   0.0000000e+00	
   6.6880000e+02	   0.0000000e+00	
   6.6900000e+02	   0.0000000e+00	
   6.6920000e+02	   0.0000000e+00	
   6.6940000e+02	   0.0000000e+00	
   6.6960000e+02	   0.0000000e+00	
   6.6980000e+02	   0.0000000e+00	
   6.7000000e+02	   0.0000000e+00	
   6.7020000e+02	   0.0000000e+00	
   6.7040000e+02	   0.0000000e+00	
   6.7060000e+02	   0.0000000e+00	
   6.7080000e+02	   0.0000000e+00	
   6.7100000e+02	   0.0000000e+00	
   6.7120000e+02	   0.0000000e+00	
   6.7140000e+02	   0.0000000e+00	
   6.7160000e+02	   0.0000000e+00	
   6.7180000e+02	   0.0000000e+00	
   6.7200000e+02	   0.0000000e+00	
   6.7220000e+02	   0.0000000e+00	
   6.7240000e+02	   0.0000000e+00	
   6.7260000e+02	   0.0000000e+00	
   6.7280000e+02	   0.0000000e+00	
   6.7300000e+02	   0.0000000e+00	
   6.7320000e+02	   0.0000000e+00	
   6.7340000e+02	   0.0000000e+00	
   6.7360000e+02	   0.0000000e+00	
   6.7380000e+02	   0.0000000e+00	
   6.7400000e+02	   0.0000000e+00	
   6.7420000e+02	   0.0000000e+00	
   6.7440000e+02	   0.0000000e+00	
   6.7460000e+02	   0.0000000e+00	
   6.7480000e+02	   0.0000000e+00	
   6.7500000e+02	   0.0000000e+00	
   6.7520000e+02	   0.0000000e+00	
   6.7540000e+02	   0.0000000e+00	
   6.7560000e+02	   0.0000000e+00	
   6.7580000e+02	   0.0000000e+00	
   6.7600000e+02	   0.0000000e+00	
   6.7620000e+02	   0.0000000e+00	
   6.7640000e+02	   0.0000000e+00	
   6.7660000e+02	   0.0000000e+00	
   6.7680000e+02	   0.0000000e+00	
   6.7700000e+02	   0.0000000e+00	
   6.7720000e+02	   0.0000000e+00	
   6.7740000e+02	   0.0000000e+00	
   6.7760000e+02	   0.0000000e+00	
   6.7780000e+02	   0.0000000e+00	
   6.7800000e+02	   0.0000000e+00	
   6.7820000e+02	   0.0000000e+00	
   6.7840000e+02	   0.0000000e+00	
   6.7860000e+02	   0.0000000e+00	
   6.7880000e+02	   0.0000000e+00	
   6.7900000e+02	   0.0000000e+00	
   6.7920000e+02	   0.0000000e+00	
   6.7940000e+02	   0.0000000e+00	
   6.7960000e+02	   0.0000000e+00	
   6.7980000e+02	   0.0000000e+00	
   6.8000000e+02	   0.0000000e+00	
   6.8020000e+02	   0.0000000e+00	
   6.8040000e+02	   0.0000000e+00	
   6.8060000e+02	   0.0000000e+00	
   6.8080000e+02	   0.0000000e+00	
   6.8100000e+02	   0.0000000e+00	
   6.8120000e+02	   0.0000000e+00	
   6.8140000e+02	   0.0000000e+00	
   6.8160000e+02	   0.0000000e+00	
   6.8180000e+02	   0.0000000e+00	
   6.8200000e+02	   0.0000000e+00	
   6.8220000e+02	   0.0000000e+00	
   6.8240000e+02	   0.0000000e+00	
   6.8260000e+02	   0.0000000e+00	
   6.8280000e+02	   0.0000000e+00	
   6.8300000e+02	   0.0000000e+00	
   6.8320000e+02	   0.0000000e+00	
   6.8340000e+02	   0.0000000e+00	
   6.8360000e+02	   0.0000000e+00	
   6.8380000e+02	   0.0000000e+00	
   6.8400000e+02	   0.0000000e+00	
   6.8420000e+02	   0.0000000e+00	
   6.8440000e+02	   0.0000000e+00	
   6.8460000e+02	   0.0000000e+00	
   6.8480000e+02	   0.0000000e+00	
   6.8500000e+02	   0.0000000e+00	
   6.8520000e+02	   0.0000000e+00	
   6.8540000e+02	   0.0000000e+00	
   6.8560000e+02	   0.0000000e+00	
   6.8580000e+02	   0.0000000e+00	
   6.8600000e+02	   0.0000000e+00	
   6.8620000e+02	   0.0000000e+00	
   6.8640000e+02	   0.0000000e+00	
   6.8660000e+02	   0.0000000e+00	
   6.8680000e+02	   0.0000000e+00	
   6.8700000e+02	   0.0000000e+00	
   6.8720000e+02	   0.0000000e+00	
   6.8740000e+02	   0.0000000e+00	
   6.8760000e+02	   0.0000000e+00	
   6.8780000e+02	   0.0000000e+00	
   6.8800000e+02	   0.0000000e+00	
   6.8820000e+02	   0.0000000e+00	
   6.8840000e+02	   0.0000000e+00	
   6.8860000e+02	   0.0000000e+00	
   6.8880000e+02	   0.0000000e+00	
   6.8900000e+02	   0.0000000e+00	
   6.8920000e+02	   0.0000000e+00	
   6.8940000e+02	   0.0000000e+00	
   6.8960000e+02	   0.0000000e+00	
   6.8980000e+02	   0.0000000e+00	
   6.9000000e+02	   0.0000000e+00	
   6.9020000e+02	   0.0000000e+00	
   6.9040000e+02	   0.0000000e+00	
   6.9060000e+02	   0.0000000e+00	
   6.9080000e+02	   0.0000000e+00	
   6.9100000e+02	   0.0000000e+00	
   6.9120000e+02	   0.0000000e+00	
   6.9140000e+02	   0.0000000e+00	
   6.9160000e+02	   0.0000000e+00	
   6.9180000e+02	   0.0000000e+00	
   6.9200000e+02	   0.0000000e+00	
   6.9220000e+02	   0.0000000e+00	
   6.9240000e+02	   0.0000000e+00	
   6.9260000e+02	   0.0000000e+00	
   6.9280000e+02	   0.0000000e+00	
   6.9300000e+02	   0.0000000e+00	
   6.9320000e+02	   0.0000000e+00	
   6.9340000e+02	   0.0000000e+00	
   6.9360000e+02	   0.0000000e+00	
   6.9380000e+02	   0.0000000e+00	
   6.9400000e+02	   0.0000000e+00	
   6.9420000e+02	   0.0000000e+00	
   6.9440000e+02	   0.0000000e+00	
   6.9460000e+02	   0.0000000e+00	
   6.9480000e+02	   0.0000000e+00	
   6.9500000e+02	   0.0000000e+00	
   6.9520000e+02	   0.0000000e+00	
   6.9540000e+02	   0.0000000e+00	
   6.9560000e+02	   0.0000000e+00	
   6.9580000e+02	   0.0000000e+00	
   6.9600000e+02	   0.0000000e+00	
   6.9620000e+02	   0.0000000e+00	
   6.9640000e+02	   0.0000000e+00	
   6.9660000e+02	   0.0000000e+00	
   6.9680000e+02	   0.0000000e+00	
   6.9700000e+02	   0.0000000e+00	
   6.9720000e+02	   0.0000000e+00	
   6.9740000e+02	   0.0000000e+00	
   6.9760000e+02	   0.0000000e+00	
   6.9780000e+02	   0.0000000e+00	
   6.9800000e+02	   0.0000000e+00	
   6.9820000e+02	   0.0000000e+00	
   6.9840000e+02	   0.0000000e+00	
   6.9860000e+02	   0.0000000e+00	
   6.9880000e+02	   0.0000000e+00	
   6.9900000e+02	   0.0000000e+00	
   6.9920000e+02	   0.0000000e+00	
   6.9940000e+02	   0.0000000e+00	
   6.9960000e+02	   0.0000000e+00	
   6.9980000e+02	   0.0000000e+00	
   7.0000000e+02	   0.0000000e+00	
   7.0020000e+02	   0.0000000e+00	
   7.0040000e+02	   0.0000000e+00	
   7.0060000e+02	   0.0000000e+00	
   7.0080000e+02	   0.0000000e+00	
   7.0100000e+02	   0.0000000e+00	
   7.0120000e+02	   0.0000000e+00	
   7.0140000e+02	   0.0000000e+00	
   7.0160000e+02	   0.0000000e+00	
   7.0180000e+02	   0.0000000e+00	
   7.0200000e+02	   0.0000000e+00	
   7.0220000e+02	   0.0000000e+00	
   7.0240000e+02	   0.0000000e+00	
   7.0260000e+02	   0.0000000e+00	
   7.0280000e+02	   0.0000000e+00	
   7.0300000e+02	   0.0000000e+00	
   7.0320000e+02	   0.0000000e+00	
   7.0340000e+02	   0.0000000e+00	
   7.0360000e+02	   0.0000000e+00	
   7.0380000e+02	   0.0000000e+00	
   7.0400000e+02	   0.0000000e+00	
   7.0420000e+02	   0.0000000e+00	
   7.0440000e+02	   0.0000000e+00	
   7.0460000e+02	   0.0000000e+00	
   7.0480000e+02	   0.0000000e+00	
   7.0500000e+02	   0.0000000e+00	
   7.0520000e+02	   0.0000000e+00	
   7.0540000e+02	   0.0000000e+00	
   7.0560000e+02	   0.0000000e+00	
   7.0580000e+02	   0.0000000e+00	
   7.0600000e+02	   0.0000000e+00	
   7.0620000e+02	   0.0000000e+00	
   7.0640000e+02	   0.0000000e+00	
   7.0660000e+02	   0.0000000e+00	
   7.0680000e+02	   0.0000000e+00	
   7.0700000e+02	   0.0000000e+00	
   7.0720000e+02	   0.0000000e+00	
   7.0740000e+02	   0.0000000e+00	
   7.0760000e+02	   0.0000000e+00	
   7.0780000e+02	   0.0000000e+00	
   7.0800000e+02	   0.0000000e+00	
   7.0820000e+02	   0.0000000e+00	
   7.0840000e+02	   0.0000000e+00	
   7.0860000e+02	   0.0000000e+00	
   7.0880000e+02	   0.0000000e+00	
   7.0900000e+02	   0.0000000e+00	
   7.0920000e+02	   0.0000000e+00	
   7.0940000e+02	   0.0000000e+00	
   7.0960000e+02	   0.0000000e+00	
   7.0980000e+02	   0.0000000e+00	
   7.1000000e+02	   0.0000000e+00	
   7.1020000e+02	   0.0000000e+00	
   7.1040000e+02	   0.0000000e+00	
   7.1060000e+02	   0.0000000e+00	
   7.1080000e+02	   0.0000000e+00	
   7.1100000e+02	   0.0000000e+00	
   7.1120000e+02	   0.0000000e+00	
   7.1140000e+02	   0.0000000e+00	
   7.1160000e+02	   0.0000000e+00	
   7.1180000e+02	   0.0000000e+00	
   7.1200000e+02	   0.0000000e+00	
   7.1220000e+02	   0.0000000e+00	
   7.1240000e+02	   0.0000000e+00	
   7.1260000e+02	   0.0000000e+00	
   7.1280000e+02	   0.0000000e+00	
   7.1300000e+02	   0.0000000e+00	
   7.1320000e+02	   0.0000000e+00	
   7.1340000e+02	   0.0000000e+00	
   7.1360000e+02	   0.0000000e+00	
   7.1380000e+02	   0.0000000e+00	
   7.1400000e+02	   0.0000000e+00	
   7.1420000e+02	   0.0000000e+00	
   7.1440000e+02	   0.0000000e+00	
   7.1460000e+02	   0.0000000e+00	
   7.1480000e+02	   0.0000000e+00	
   7.1500000e+02	   0.0000000e+00	
   7.1520000e+02	   0.0000000e+00	
   7.1540000e+02	   0.0000000e+00	
   7.1560000e+02	   0.0000000e+00	
   7.1580000e+02	   0.0000000e+00	
   7.1600000e+02	   0.0000000e+00	
   7.1620000e+02	   0.0000000e+00	
   7.1640000e+02	   0.0000000e+00	
   7.1660000e+02	   0.0000000e+00	
   7.1680000e+02	   0.0000000e+00	
   7.1700000e+02	   0.0000000e+00	
   7.1720000e+02	   0.0000000e+00	
   7.1740000e+02	   0.0000000e+00	
   7.1760000e+02	   0.0000000e+00	
   7.1780000e+02	   0.0000000e+00	
   7.1800000e+02	   0.0000000e+00	
   7.1820000e+02	   0.0000000e+00	
   7.1840000e+02	   0.0000000e+00	
   7.1860000e+02	   0.0000000e+00	
   7.1880000e+02	   0.0000000e+00	
   7.1900000e+02	   0.0000000e+00	
   7.1920000e+02	   0.0000000e+00	
   7.1940000e+02	   0.0000000e+00	
   7.1960000e+02	   0.0000000e+00	
   7.1980000e+02	   0.0000000e+00	
   7.2000000e+02	   0.0000000e+00	
   7.2020000e+02	   0.0000000e+00	
   7.2040000e+02	   0.0000000e+00	
   7.2060000e+02	   0.0000000e+00	
   7.2080000e+02	   0.0000000e+00	
   7.2100000e+02	   0.0000000e+00	
   7.2120000e+02	   0.0000000e+00	
   7.2140000e+02	   0.0000000e+00	
   7.2160000e+02	   0.0000000e+00	
   7.2180000e+02	   0.0000000e+00	
   7.2200000e+02	   0.0000000e+00	
   7.2220000e+02	   0.0000000e+00	
   7.2240000e+02	   0.0000000e+00	
   7.2260000e+02	   0.0000000e+00	
   7.2280000e+02	   0.0000000e+00	
   7.2300000e+02	   0.0000000e+00	
   7.2320000e+02	   0.0000000e+00	
   7.2340000e+02	   0.0000000e+00	
   7.2360000e+02	   0.0000000e+00	
   7.2380000e+02	   0.0000000e+00	
   7.2400000e+02	   0.0000000e+00	
   7.2420000e+02	   0.0000000e+00	
   7.2440000e+02	   0.0000000e+00	
   7.2460000e+02	   0.0000000e+00	
   7.2480000e+02	   0.0000000e+00	
   7.2500000e+02	   0.0000000e+00	
   7.2520000e+02	   0.0000000e+00	
   7.2540000e+02	   0.0000000e+00	
   7.2560000e+02	   0.0000000e+00	
   7.2580000e+02	   0.0000000e+00	
   7.2600000e+02	   0.0000000e+00	
   7.2620000e+02	   0.0000000e+00	
   7.2640000e+02	   0.0000000e+00	
   7.2660000e+02	   0.0000000e+00	
   7.2680000e+02	   0.0000000e+00	
   7.2700000e+02	   0.0000000e+00	
   7.2720000e+02	   0.0000000e+00	
   7.2740000e+02	   0.0000000e+00	
   7.2760000e+02	   0.0000000e+00	
   7.2780000e+02	   0.0000000e+00	
   7.2800000e+02	   0.0000000e+00	
   7.2820000e+02	   0.0000000e+00	
   7.2840000e+02	   0.0000000e+00	
   7.2860000e+02	   0.0000000e+00	
   7.2880000e+02	   0.0000000e+00	
   7.2900000e+02	   0.0000000e+00	
   7.2920000e+02	   0.0000000e+00	
   7.2940000e+02	   0.0000000e+00	
   7.2960000e+02	   0.0000000e+00	
   7.2980000e+02	   0.0000000e+00	
   7.3000000e+02	   0.0000000e+00	
   7.3020000e+02	   0.0000000e+00	
   7.3040000e+02	   0.0000000e+00	
   7.3060000e+02	   0.0000000e+00	
   7.3080000e+02	   0.0000000e+00	
   7.3100000e+02	   0.0000000e+00	
   7.3120000e+02	   0.0000000e+00	
   7.3140000e+02	   0.0000000e+00	
   7.3160000e+02	   0.0000000e+00	
   7.3180000e+02	   0.0000000e+00	
   7.3200000e+02	   0.0000000e+00	
   7.3220000e+02	   0.0000000e+00	
   7.3240000e+02	   0.0000000e+00	
   7.3260000e+02	   0.0000000e+00	
   7.3280000e+02	   0.0000000e+00	
   7.3300000e+02	   0.0000000e+00	
   7.3320000e+02	   0.0000000e+00	
   7.3340000e+02	   0.0000000e+00	
   7.3360000e+02	   0.0000000e+00	
   7.3380000e+02	   0.0000000e+00	
   7.3400000e+02	   0.0000000e+00	
   7.3420000e+02	   0.0000000e+00	
   7.3440000e+02	   0.0000000e+00	
   7.3460000e+02	   0.0000000e+00	
   7.3480000e+02	   0.0000000e+00	
   7.3500000e+02	   0.0000000e+00	
   7.3520000e+02	   0.0000000e+00	
   7.3540000e+02	   0.0000000e+00	
   7.3560000e+02	   0.0000000e+00	
   7.3580000e+02	   0.0000000e+00	
   7.3600000e+02	   0.0000000e+00	
   7.3620000e+02	   0.0000000e+00	
   7.3640000e+02	   0.0000000e+00	
   7.3660000e+02	   0.0000000e+00	
   7.3680000e+02	   0.0000000e+00	
   7.3700000e+02	   0.0000000e+00	
   7.3720000e+02	   0.0000000e+00	
   7.3740000e+02	   0.0000000e+00	
   7.3760000e+02	   0.0000000e+00	
   7.3780000e+02	   0.0000000e+00	
   7.3800000e+02	   0.0000000e+00	
   7.3820000e+02	   0.0000000e+00	
   7.3840000e+02	   0.0000000e+00	
   7.3860000e+02	   0.0000000e+00	
   7.3880000e+02	   0.0000000e+00	
   7.3900000e+02	   0.0000000e+00	
   7.3920000e+02	   0.0000000e+00	
   7.3940000e+02	   0.0000000e+00	
   7.3960000e+02	   0.0000000e+00	
   7.3980000e+02	   0.0000000e+00	
   7.4000000e+02	   0.0000000e+00	
   7.4020000e+02	   0.0000000e+00	
   7.4040000e+02	   0.0000000e+00	
   7.4060000e+02	   0.0000000e+00	
   7.4080000e+02	   0.0000000e+00	
   7.4100000e+02	   0.0000000e+00	
   7.4120000e+02	   0.0000000e+00	
   7.4140000e+02	   0.0000000e+00	
   7.4160000e+02	   0.0000000e+00	
   7.4180000e+02	   0.0000000e+00	
   7.4200000e+02	   0.0000000e+00	
   7.4220000e+02	   0.0000000e+00	
   7.4240000e+02	   0.0000000e+00	
   7.4260000e+02	   0.0000000e+00	
   7.4280000e+02	   0.0000000e+00	
   7.4300000e+02	   0.0000000e+00	
   7.4320000e+02	   0.0000000e+00	
   7.4340000e+02	   0.0000000e+00	
   7.4360000e+02	   0.0000000e+00	
   7.4380000e+02	   0.0000000e+00	
   7.4400000e+02	   0.0000000e+00	
   7.4420000e+02	   0.0000000e+00	
   7.4440000e+02	   0.0000000e+00	
   7.4460000e+02	   0.0000000e+00	
   7.4480000e+02	   0.0000000e+00	
   7.4500000e+02	   0.0000000e+00	
   7.4520000e+02	   0.0000000e+00	
   7.4540000e+02	   0.0000000e+00	
   7.4560000e+02	   0.0000000e+00	
   7.4580000e+02	   0.0000000e+00	
   7.4600000e+02	   0.0000000e+00	
   7.4620000e+02	   0.0000000e+00	
   7.4640000e+02	   0.0000000e+00	
   7.4660000e+02	   0.0000000e+00	
   7.4680000e+02	   0.0000000e+00	
   7.4700000e+02	   0.0000000e+00	
   7.4720000e+02	   0.0000000e+00	
   7.4740000e+02	   0.0000000e+00	
   7.4760000e+02	   0.0000000e+00	
   7.4780000e+02	   0.0000000e+00	
   7.4800000e+02	   0.0000000e+00	
   7.4820000e+02	   0.0000000e+00	
   7.4840000e+02	   0.0000000e+00	
   7.4860000e+02	   0.0000000e+00	
   7.4880000e+02	   0.0000000e+00	
   7.4900000e+02	   0.0000000e+00	
   7.4920000e+02	   0.0000000e+00	
   7.4940000e+02	   0.0000000e+00	
   7.4960000e+02	   0.0000000e+00	
   7.4980000e+02	   0.0000000e+00	
   7.5000000e+02	   0.0000000e+00	
   7.5020000e+02	   0.0000000e+00	
   7.5040000e+02	   0.0000000e+00	
   7.5060000e+02	   0.0000000e+00	
   7.5080000e+02	   0.0000000e+00	
   7.5100000e+02	   0.0000000e+00	
   7.5120000e+02	   0.0000000e+00	
   7.5140000e+02	   0.0000000e+00	
   7.5160000e+02	   0.0000000e+00	
   7.5180000e+02	   0.0000000e+00	
   7.5200000e+02	   0.0000000e+00	
   7.5220000e+02	   0.0000000e+00	
   7.5240000e+02	   0.0000000e+00	
   7.5260000e+02	   0.0000000e+00	
   7.5280000e+02	   0.0000000e+00	
   7.5300000e+02	   0.0000000e+00	
   7.5320000e+02	   0.0000000e+00	
   7.5340000e+02	   0.0000000e+00	
   7.5360000e+02	   0.0000000e+00	
   7.5380000e+02	   0.0000000e+00	
   7.5400000e+02	   0.0000000e+00	
   7.5420000e+02	   0.0000000e+00	
   7.5440000e+02	   0.0000000e+00	
   7.5460000e+02	   0.0000000e+00	
   7.5480000e+02	   0.0000000e+00	
   7.5500000e+02	   0.0000000e+00	
   7.5520000e+02	   0.0000000e+00	
   7.5540000e+02	   0.0000000e+00	
   7.5560000e+02	   0.0000000e+00	
   7.5580000e+02	   0.0000000e+00	
   7.5600000e+02	   0.0000000e+00	
   7.5620000e+02	   0.0000000e+00	
   7.5640000e+02	   0.0000000e+00	
   7.5660000e+02	   0.0000000e+00	
   7.5680000e+02	   0.0000000e+00	
   7.5700000e+02	   0.0000000e+00	
   7.5720000e+02	   0.0000000e+00	
   7.5740000e+02	   0.0000000e+00	
   7.5760000e+02	   0.0000000e+00	
   7.5780000e+02	   0.0000000e+00	
   7.5800000e+02	   0.0000000e+00	
   7.5820000e+02	   0.0000000e+00	
   7.5840000e+02	   0.0000000e+00	
   7.5860000e+02	   0.0000000e+00	
   7.5880000e+02	   0.0000000e+00	
   7.5900000e+02	   0.0000000e+00	
   7.5920000e+02	   0.0000000e+00	
   7.5940000e+02	   0.0000000e+00	
   7.5960000e+02	   0.0000000e+00	
   7.5980000e+02	   0.0000000e+00	
   7.6000000e+02	   0.0000000e+00	
   7.6020000e+02	   0.0000000e+00	
   7.6040000e+02	   0.0000000e+00	
   7.6060000e+02	   0.0000000e+00	
   7.6080000e+02	   0.0000000e+00	
   7.6100000e+02	   0.0000000e+00	
   7.6120000e+02	   0.0000000e+00	
   7.6140000e+02	   0.0000000e+00	
   7.6160000e+02	   0.0000000e+00	
   7.6180000e+02	   0.0000000e+00	
   7.6200000e+02	   0.0000000e+00	
   7.6220000e+02	   0.0000000e+00	
   7.6240000e+02	   0.0000000e+00	
   7.6260000e+02	   0.0000000e+00	
   7.6280000e+02	   0.0000000e+00	
   7.6300000e+02	   0.0000000e+00	
   7.6320000e+02	   0.0000000e+00	
   7.6340000e+02	   0.0000000e+00	
   7.6360000e+02	   0.0000000e+00	
   7.6380000e+02	   0.0000000e+00	
   7.6400000e+02	   0.0000000e+00	
   7.6420000e+02	   0.0000000e+00	
   7.6440000e+02	   0.0000000e+00	
   7.6460000e+02	   0.0000000e+00	
   7.6480000e+02	   0.0000000e+00	
   7.6500000e+02	   0.0000000e+00	
   7.6520000e+02	   0.0000000e+00	
   7.6540000e+02	   0.0000000e+00	
   7.6560000e+02	   0.0000000e+00	
   7.6580000e+02	   0.0000000e+00	
   7.6600000e+02	   0.0000000e+00	
   7.6620000e+02	   0.0000000e+00	
   7.6640000e+02	   0.0000000e+00	
   7.6660000e+02	   0.0000000e+00	
   7.6680000e+02	   0.0000000e+00	
   7.6700000e+02	   0.0000000e+00	
   7.6720000e+02	   0.0000000e+00	
   7.6740000e+02	   0.0000000e+00	
   7.6760000e+02	   0.0000000e+00	
   7.6780000e+02	   0.0000000e+00	
   7.6800000e+02	   0.0000000e+00	
   7.6820000e+02	   0.0000000e+00	
   7.6840000e+02	   0.0000000e+00	
   7.6860000e+02	   0.0000000e+00	
   7.6880000e+02	   0.0000000e+00	
   7.6900000e+02	   0.0000000e+00	
   7.6920000e+02	   0.0000000e+00	
   7.6940000e+02	   0.0000000e+00	
   7.6960000e+02	   0.0000000e+00	
   7.6980000e+02	   0.0000000e+00	
   7.7000000e+02	   0.0000000e+00	
   7.7020000e+02	   0.0000000e+00	
   7.7040000e+02	   0.0000000e+00	
   7.7060000e+02	   0.0000000e+00	
   7.7080000e+02	   0.0000000e+00	
   7.7100000e+02	   0.0000000e+00	
   7.7120000e+02	   0.0000000e+00	
   7.7140000e+02	   0.0000000e+00	
   7.7160000e+02	   0.0000000e+00	
   7.7180000e+02	   0.0000000e+00	
   7.7200000e+02	   0.0000000e+00	
   7.7220000e+02	   0.0000000e+00	
   7.7240000e+02	   0.0000000e+00	
   7.7260000e+02	   0.0000000e+00	
   7.7280000e+02	   0.0000000e+00	
   7.7300000e+02	   0.0000000e+00	
   7.7320000e+02	   0.0000000e+00	
   7.7340000e+02	   0.0000000e+00	
   7.7360000e+02	   0.0000000e+00	
   7.7380000e+02	   0.0000000e+00	
   7.7400000e+02	   0.0000000e+00	
   7.7420000e+02	   0.0000000e+00	
   7.7440000e+02	   0.0000000e+00	
   7.7460000e+02	   0.0000000e+00	
   7.7480000e+02	   0.0000000e+00	
   7.7500000e+02	   0.0000000e+00	
   7.7520000e+02	   0.0000000e+00	
   7.7540000e+02	   0.0000000e+00	
   7.7560000e+02	   0.0000000e+00	
   7.7580000e+02	   0.0000000e+00	
   7.7600000e+02	   0.0000000e+00	
   7.7620000e+02	   0.0000000e+00	
   7.7640000e+02	   0.0000000e+00	
   7.7660000e+02	   0.0000000e+00	
   7.7680000e+02	   0.0000000e+00	
   7.7700000e+02	   0.0000000e+00	
   7.7720000e+02	   0.0000000e+00	
   7.7740000e+02	   0.0000000e+00	
   7.7760000e+02	   0.0000000e+00	
   7.7780000e+02	   0.0000000e+00	
   7.7800000e+02	   0.0000000e+00	
   7.7820000e+02	   0.0000000e+00	
   7.7840000e+02	   0.0000000e+00	
   7.7860000e+02	   0.0000000e+00	
   7.7880000e+02	   0.0000000e+00	
   7.7900000e+02	   0.0000000e+00	
   7.7920000e+02	   0.0000000e+00	
   7.7940000e+02	   0.0000000e+00	
   7.7960000e+02	   0.0000000e+00	
   7.7980000e+02	   0.0000000e+00	
   7.8000000e+02	   0.0000000e+00	
   7.8020000e+02	   0.0000000e+00	
   7.8040000e+02	   0.0000000e+00	
   7.8060000e+02	   0.0000000e+00	
   7.8080000e+02	   0.0000000e+00	
   7.8100000e+02	   0.0000000e+00	
   7.8120000e+02	   0.0000000e+00	
   7.8140000e+02	   0.0000000e+00	
   7.8160000e+02	   0.0000000e+00	
   7.8180000e+02	   0.0000000e+00	
   7.8200000e+02	   0.0000000e+00	
   7.8220000e+02	   0.0000000e+00	
   7.8240000e+02	   0.0000000e+00	
   7.8260000e+02	   0.0000000e+00	
   7.8280000e+02	   0.0000000e+00	
   7.8300000e+02	   0.0000000e+00	
   7.8320000e+02	   0.0000000e+00	
   7.8340000e+02	   0.0000000e+00	
   7.8360000e+02	   0.0000000e+00	
   7.8380000e+02	   0.0000000e+00	
   7.8400000e+02	   0.0000000e+00	
   7.8420000e+02	   0.0000000e+00	
   7.8440000e+02	   0.0000000e+00	
   7.8460000e+02	   0.0000000e+00	
   7.8480000e+02	   0.0000000e+00	
   7.8500000e+02	   0.0000000e+00	
   7.8520000e+02	   0.0000000e+00	
   7.8540000e+02	   0.0000000e+00	
   7.8560000e+02	   0.0000000e+00	
   7.8580000e+02	   0.0000000e+00	
   7.8600000e+02	   0.0000000e+00	
   7.8620000e+02	   0.0000000e+00	
   7.8640000e+02	   0.0000000e+00	
   7.8660000e+02	   0.0000000e+00	
   7.8680000e+02	   0.0000000e+00	
   7.8700000e+02	   0.0000000e+00	
   7.8720000e+02	   0.0000000e+00	
   7.8740000e+02	   0.0000000e+00	
   7.8760000e+02	   0.0000000e+00	
   7.8780000e+02	   0.0000000e+00	
   7.8800000e+02	   0.0000000e+00	
   7.8820000e+02	   0.0000000e+00	
   7.8840000e+02	   0.0000000e+00	
   7.8860000e+02	   0.0000000e+00	
   7.8880000e+02	   0.0000000e+00	
   7.8900000e+02	   0.0000000e+00	
   7.8920000e+02	   0.0000000e+00	
   7.8940000e+02	   0.0000000e+00	
   7.8960000e+02	   0.0000000e+00	
   7.8980000e+02	   0.0000000e+00	
   7.9000000e+02	   0.0000000e+00	
   7.9020000e+02	   0.0000000e+00	
   7.9040000e+02	   0.0000000e+00	
   7.9060000e+02	   0.0000000e+00	
   7.9080000e+02	   0.0000000e+00	
   7.9100000e+02	   0.0000000e+00	
   7.9120000e+02	   0.0000000e+00	
   7.9140000e+02	   0.0000000e+00	
   7.9160000e+02	   0.0000000e+00	
   7.9180000e+02	   0.0000000e+00	
   7.9200000e+02	   0.0000000e+00	
   7.9220000e+02	   0.0000000e+00	
   7.9240000e+02	   0.0000000e+00	
   7.9260000e+02	   0.0000000e+00	
   7.9280000e+02	   0.0000000e+00	
   7.9300000e+02	   0.0000000e+00	
   7.9320000e+02	   0.0000000e+00	
   7.9340000e+02	   0.0000000e+00	
   7.9360000e+02	   0.0000000e+00	
   7.9380000e+02	   0.0000000e+00	
   7.9400000e+02	   0.0000000e+00	
   7.9420000e+02	   0.0000000e+00	
   7.9440000e+02	   0.0000000e+00	
   7.9460000e+02	   0.0000000e+00	
   7.9480000e+02	   0.0000000e+00	
   7.9500000e+02	   0.0000000e+00	
   7.9520000e+02	   0.0000000e+00	
   7.9540000e+02	   0.0000000e+00	
   7.9560000e+02	   0.0000000e+00	
   7.9580000e+02	   0.0000000e+00	
   7.9600000e+02	   0.0000000e+00	
   7.9620000e+02	   0.0000000e+00	
   7.9640000e+02	   0.0000000e+00	
   7.9660000e+02	   0.0000000e+00	
   7.9680000e+02	   0.0000000e+00	
   7.9700000e+02	   0.0000000e+00	
   7.9720000e+02	   0.0000000e+00	
   7.9740000e+02	   0.0000000e+00	
   7.9760000e+02	   0.0000000e+00	
   7.9780000e+02	   0.0000000e+00	
   7.9800000e+02	   0.0000000e+00	
   7.9820000e+02	   0.0000000e+00	
   7.9840000e+02	   0.0000000e+00	
   7.9860000e+02	   0.0000000e+00	
   7.9880000e+02	   0.0000000e+00	
   7.9900000e+02	   0.0000000e+00	
   7.9920000e+02	   0.0000000e+00	
   7.9940000e+02	   0.0000000e+00	
   7.9960000e+02	   0.0000000e+00	
   7.9980000e+02	   0.0000000e+00	
   8.0000000e+02	   0.0000000e+00	
   8.0020000e+02	   0.0000000e+00	
   8.0040000e+02	   0.0000000e+00	
   8.0060000e+02	   0.0000000e+00	
   8.0080000e+02	   0.0000000e+00	
   8.0100000e+02	   0.0000000e+00	
   8.0120000e+02	   0.0000000e+00	
   8.0140000e+02	   0.0000000e+00	
   8.0160000e+02	   0.0000000e+00	
   8.0180000e+02	   0.0000000e+00	
   8.0200000e+02	   0.0000000e+00	
   8.0220000e+02	   0.0000000e+00	
   8.0240000e+02	   0.0000000e+00	
   8.0260000e+02	   0.0000000e+00	
   8.0280000e+02	   0.0000000e+00	
   8.0300000e+02	   0.0000000e+00	
   8.0320000e+02	   0.0000000e+00	
   8.0340000e+02	   0.0000000e+00	
   8.0360000e+02	   0.0000000e+00	
   8.0380000e+02	   0.0000000e+00	
   8.0400000e+02	   0.0000000e+00	
   8.0420000e+02	   0.0000000e+00	
   8.0440000e+02	   0.0000000e+00	
   8.0460000e+02	   0.0000000e+00	
   8.0480000e+02	   0.0000000e+00	
   8.0500000e+02	   0.0000000e+00	
   8.0520000e+02	   0.0000000e+00	
   8.0540000e+02	   0.0000000e+00	
   8.0560000e+02	   0.0000000e+00	
   8.0580000e+02	   0.0000000e+00	
   8.0600000e+02	   0.0000000e+00	
   8.0620000e+02	   0.0000000e+00	
   8.0640000e+02	   0.0000000e+00	
   8.0660000e+02	   0.0000000e+00	
   8.0680000e+02	   0.0000000e+00	
   8.0700000e+02	   0.0000000e+00	
   8.0720000e+02	   0.0000000e+00	
   8.0740000e+02	   0.0000000e+00	
   8.0760000e+02	   0.0000000e+00	
   8.0780000e+02	   0.0000000e+00	
   8.0800000e+02	   0.0000000e+00	
   8.0820000e+02	   0.0000000e+00	
   8.0840000e+02	   0.0000000e+00	
   8.0860000e+02	   0.0000000e+00	
   8.0880000e+02	   0.0000000e+00	
   8.0900000e+02	   0.0000000e+00	
   8.0920000e+02	   0.0000000e+00	
   8.0940000e+02	   0.0000000e+00	
   8.0960000e+02	   0.0000000e+00	
   8.0980000e+02	   0.0000000e+00	
   8.1000000e+02	   0.0000000e+00	
   8.1020000e+02	   0.0000000e+00	
   8.1040000e+02	   0.0000000e+00	
   8.1060000e+02	   0.0000000e+00	
   8.1080000e+02	   0.0000000e+00	
   8.1100000e+02	   0.0000000e+00	
   8.1120000e+02	   0.0000000e+00	
   8.1140000e+02	   0.0000000e+00	
   8.1160000e+02	   0.0000000e+00	
   8.1180000e+02	   0.0000000e+00	
   8.1200000e+02	   0.0000000e+00	
   8.1220000e+02	   0.0000000e+00	
   8.1240000e+02	   0.0000000e+00	
   8.1260000e+02	   0.0000000e+00	
   8.1280000e+02	   0.0000000e+00	
   8.1300000e+02	   0.0000000e+00	
   8.1320000e+02	   0.0000000e+00	
   8.1340000e+02	   0.0000000e+00	
   8.1360000e+02	   0.0000000e+00	
   8.1380000e+02	   0.0000000e+00	
   8.1400000e+02	   0.0000000e+00	
   8.1420000e+02	   0.0000000e+00	
   8.1440000e+02	   0.0000000e+00	
   8.1460000e+02	   0.0000000e+00	
   8.1480000e+02	   0.0000000e+00	
   8.1500000e+02	   0.0000000e+00	
   8.1520000e+02	   0.0000000e+00	
   8.1540000e+02	   0.0000000e+00	
   8.1560000e+02	   0.0000000e+00	
   8.1580000e+02	   0.0000000e+00	
   8.1600000e+02	   0.0000000e+00	
   8.1620000e+02	   0.0000000e+00	
   8.1640000e+02	   0.0000000e+00	
   8.1660000e+02	   0.0000000e+00	
   8.1680000e+02	   0.0000000e+00	
   8.1700000e+02	   0.0000000e+00	
   8.1720000e+02	   0.0000000e+00	
   8.1740000e+02	   0.0000000e+00	
   8.1760000e+02	   0.0000000e+00	
   8.1780000e+02	   0.0000000e+00	
   8.1800000e+02	   0.0000000e+00	
   8.1820000e+02	   0.0000000e+00	
   8.1840000e+02	   0.0000000e+00	
   8.1860000e+02	   0.0000000e+00	
   8.1880000e+02	   0.0000000e+00	
   8.1900000e+02	   0.0000000e+00	
   8.1920000e+02	   0.0000000e+00	
   8.1940000e+02	   0.0000000e+00	
   8.1960000e+02	   0.0000000e+00	
   8.1980000e+02	   0.0000000e+00	
   8.2000000e+02	   0.0000000e+00	
   8.2020000e+02	   0.0000000e+00	
   8.2040000e+02	   0.0000000e+00	
   8.2060000e+02	   0.0000000e+00	
   8.2080000e+02	   0.0000000e+00	
   8.2100000e+02	   0.0000000e+00	
   8.2120000e+02	   0.0000000e+00	
   8.2140000e+02	   0.0000000e+00	
   8.2160000e+02	   0.0000000e+00	
   8.2180000e+02	   0.0000000e+00	
   8.2200000e+02	   0.0000000e+00	
   8.2220000e+02	   0.0000000e+00	
   8.2240000e+02	   0.0000000e+00	
   8.2260000e+02	   0.0000000e+00	
   8.2280000e+02	   0.0000000e+00	
   8.2300000e+02	   0.0000000e+00	
   8.2320000e+02	   0.0000000e+00	
   8.2340000e+02	   0.0000000e+00	
   8.2360000e+02	   0.0000000e+00	
   8.2380000e+02	   0.0000000e+00	
   8.2400000e+02	   0.0000000e+00	
   8.2420000e+02	   0.0000000e+00	
   8.2440000e+02	   0.0000000e+00	
   8.2460000e+02	   0.0000000e+00	
   8.2480000e+02	   0.0000000e+00	
   8.2500000e+02	   0.0000000e+00	
   8.2520000e+02	   0.0000000e+00	
   8.2540000e+02	   0.0000000e+00	
   8.2560000e+02	   0.0000000e+00	
   8.2580000e+02	   0.0000000e+00	
   8.2600000e+02	   0.0000000e+00	
   8.2620000e+02	   0.0000000e+00	
   8.2640000e+02	   0.0000000e+00	
   8.2660000e+02	   0.0000000e+00	
   8.2680000e+02	   0.0000000e+00	
   8.2700000e+02	   0.0000000e+00	
   8.2720000e+02	   0.0000000e+00	
   8.2740000e+02	   0.0000000e+00	
   8.2760000e+02	   0.0000000e+00	
   8.2780000e+02	   0.0000000e+00	
   8.2800000e+02	   0.0000000e+00	
   8.2820000e+02	   0.0000000e+00	
   8.2840000e+02	   0.0000000e+00	
   8.2860000e+02	   0.0000000e+00	
   8.2880000e+02	   0.0000000e+00	
   8.2900000e+02	   0.0000000e+00	
   8.2920000e+02	   0.0000000e+00	
   8.2940000e+02	   0.0000000e+00	
   8.2960000e+02	   0.0000000e+00	
   8.2980000e+02	   0.0000000e+00	
   8.3000000e+02	   0.0000000e+00	
   8.3020000e+02	   0.0000000e+00	
   8.3040000e+02	   0.0000000e+00	
   8.3060000e+02	   0.0000000e+00	
   8.3080000e+02	   0.0000000e+00	
   8.3100000e+02	   0.0000000e+00	
   8.3120000e+02	   0.0000000e+00	
   8.3140000e+02	   0.0000000e+00	
   8.3160000e+02	   0.0000000e+00	
   8.3180000e+02	   0.0000000e+00	
   8.3200000e+02	   0.0000000e+00	
   8.3220000e+02	   0.0000000e+00	
   8.3240000e+02	   0.0000000e+00	
   8.3260000e+02	   0.0000000e+00	
   8.3280000e+02	   0.0000000e+00	
   8.3300000e+02	   0.0000000e+00	
   8.3320000e+02	   0.0000000e+00	
   8.3340000e+02	   0.0000000e+00	
   8.3360000e+02	   0.0000000e+00	
   8.3380000e+02	   0.0000000e+00	
   8.3400000e+02	   0.0000000e+00	
   8.3420000e+02	   0.0000000e+00	
   8.3440000e+02	   0.0000000e+00	
   8.3460000e+02	   0.0000000e+00	
   8.3480000e+02	   0.0000000e+00	
   8.3500000e+02	   0.0000000e+00	
   8.3520000e+02	   0.0000000e+00	
   8.3540000e+02	   0.0000000e+00	
   8.3560000e+02	   0.0000000e+00	
   8.3580000e+02	   0.0000000e+00	
   8.3600000e+02	   0.0000000e+00	
   8.3620000e+02	   0.0000000e+00	
   8.3640000e+02	   0.0000000e+00	
   8.3660000e+02	   0.0000000e+00	
   8.3680000e+02	   0.0000000e+00	
   8.3700000e+02	   0.0000000e+00	
   8.3720000e+02	   0.0000000e+00	
   8.3740000e+02	   0.0000000e+00	
   8.3760000e+02	   0.0000000e+00	
   8.3780000e+02	   0.0000000e+00	
   8.3800000e+02	   0.0000000e+00	
   8.3820000e+02	   0.0000000e+00	
   8.3840000e+02	   0.0000000e+00	
   8.3860000e+02	   0.0000000e+00	
   8.3880000e+02	   0.0000000e+00	
   8.3900000e+02	   0.0000000e+00	
   8.3920000e+02	   0.0000000e+00	
   8.3940000e+02	   0.0000000e+00	
   8.3960000e+02	   0.0000000e+00	
   8.3980000e+02	   0.0000000e+00	
   8.4000000e+02	   0.0000000e+00	
   8.4020000e+02	   0.0000000e+00	
   8.4040000e+02	   0.0000000e+00	
   8.4060000e+02	   0.0000000e+00	
   8.4080000e+02	   0.0000000e+00	
   8.4100000e+02	   0.0000000e+00	
   8.4120000e+02	   0.0000000e+00	
   8.4140000e+02	   0.0000000e+00	
   8.4160000e+02	   0.0000000e+00	
   8.4180000e+02	   0.0000000e+00	
   8.4200000e+02	   0.0000000e+00	
   8.4220000e+02	   0.0000000e+00	
   8.4240000e+02	   0.0000000e+00	
   8.4260000e+02	   0.0000000e+00	
   8.4280000e+02	   0.0000000e+00	
   8.4300000e+02	   0.0000000e+00	
   8.4320000e+02	   0.0000000e+00	
   8.4340000e+02	   0.0000000e+00	
   8.4360000e+02	   0.0000000e+00	
   8.4380000e+02	   0.0000000e+00	
   8.4400000e+02	   0.0000000e+00	
   8.4420000e+02	   0.0000000e+00	
   8.4440000e+02	   0.0000000e+00	
   8.4460000e+02	   0.0000000e+00	
   8.4480000e+02	   0.0000000e+00	
   8.4500000e+02	   0.0000000e+00	
   8.4520000e+02	   0.0000000e+00	
   8.4540000e+02	   0.0000000e+00	
   8.4560000e+02	   0.0000000e+00	
   8.4580000e+02	   0.0000000e+00	
   8.4600000e+02	   0.0000000e+00	
   8.4620000e+02	   0.0000000e+00	
   8.4640000e+02	   0.0000000e+00	
   8.4660000e+02	   0.0000000e+00	
   8.4680000e+02	   0.0000000e+00	
   8.4700000e+02	   0.0000000e+00	
   8.4720000e+02	   0.0000000e+00	
   8.4740000e+02	   0.0000000e+00	
   8.4760000e+02	   0.0000000e+00	
   8.4780000e+02	   0.0000000e+00	
   8.4800000e+02	   0.0000000e+00	
   8.4820000e+02	   0.0000000e+00	
   8.4840000e+02	   0.0000000e+00	
   8.4860000e+02	   0.0000000e+00	
   8.4880000e+02	   0.0000000e+00	
   8.4900000e+02	   0.0000000e+00	
   8.4920000e+02	   0.0000000e+00	
   8.4940000e+02	   0.0000000e+00	
   8.4960000e+02	   0.0000000e+00	
   8.4980000e+02	   0.0000000e+00	
   8.5000000e+02	   0.0000000e+00	
   8.5020000e+02	   0.0000000e+00	
   8.5040000e+02	   0.0000000e+00	
   8.5060000e+02	   0.0000000e+00	
   8.5080000e+02	   0.0000000e+00	
   8.5100000e+02	   0.0000000e+00	
   8.5120000e+02	   0.0000000e+00	
   8.5140000e+02	   0.0000000e+00	
   8.5160000e+02	   0.0000000e+00	
   8.5180000e+02	   0.0000000e+00	
   8.5200000e+02	   0.0000000e+00	
   8.5220000e+02	   0.0000000e+00	
   8.5240000e+02	   0.0000000e+00	
   8.5260000e+02	   0.0000000e+00	
   8.5280000e+02	   0.0000000e+00	
   8.5300000e+02	   0.0000000e+00	
   8.5320000e+02	   0.0000000e+00	
   8.5340000e+02	   0.0000000e+00	
   8.5360000e+02	   0.0000000e+00	
   8.5380000e+02	   0.0000000e+00	
   8.5400000e+02	   0.0000000e+00	
   8.5420000e+02	   0.0000000e+00	
   8.5440000e+02	   0.0000000e+00	
   8.5460000e+02	   0.0000000e+00	
   8.5480000e+02	   0.0000000e+00	
   8.5500000e+02	   0.0000000e+00	
   8.5520000e+02	   0.0000000e+00	
   8.5540000e+02	   0.0000000e+00	
   8.5560000e+02	   0.0000000e+00	
   8.5580000e+02	   0.0000000e+00	
   8.5600000e+02	   0.0000000e+00	
   8.5620000e+02	   0.0000000e+00	
   8.5640000e+02	   0.0000000e+00	
   8.5660000e+02	   0.0000000e+00	
   8.5680000e+02	   0.0000000e+00	
   8.5700000e+02	   0.0000000e+00	
   8.5720000e+02	   0.0000000e+00	
   8.5740000e+02	   0.0000000e+00	
   8.5760000e+02	   0.0000000e+00	
   8.5780000e+02	   0.0000000e+00	
   8.5800000e+02	   0.0000000e+00	
   8.5820000e+02	   0.0000000e+00	
   8.5840000e+02	   0.0000000e+00	
   8.5860000e+02	   0.0000000e+00	
   8.5880000e+02	   0.0000000e+00	
   8.5900000e+02	   0.0000000e+00	
   8.5920000e+02	   0.0000000e+00	
   8.5940000e+02	   0.0000000e+00	
   8.5960000e+02	   0.0000000e+00	
   8.5980000e+02	   0.0000000e+00	
   8.6000000e+02	   0.0000000e+00	
   8.6020000e+02	   0.0000000e+00	
   8.6040000e+02	   0.0000000e+00	
   8.6060000e+02	   0.0000000e+00	
   8.6080000e+02	   0.0000000e+00	
   8.6100000e+02	   0.0000000e+00	
   8.6120000e+02	   0.0000000e+00	
   8.6140000e+02	   0.0000000e+00	
   8.6160000e+02	   0.0000000e+00	
   8.6180000e+02	   0.0000000e+00	
   8.6200000e+02	   0.0000000e+00	
   8.6220000e+02	   0.0000000e+00	
   8.6240000e+02	   0.0000000e+00	
   8.6260000e+02	   0.0000000e+00	
   8.6280000e+02	   0.0000000e+00	
   8.6300000e+02	   0.0000000e+00	
   8.6320000e+02	   0.0000000e+00	
   8.6340000e+02	   0.0000000e+00	
   8.6360000e+02	   0.0000000e+00	
   8.6380000e+02	   0.0000000e+00	
   8.6400000e+02	   0.0000000e+00	
   8.6420000e+02	   0.0000000e+00	
   8.6440000e+02	   0.0000000e+00	
   8.6460000e+02	   0.0000000e+00	
   8.6480000e+02	   0.0000000e+00	
   8.6500000e+02	   0.0000000e+00	
   8.6520000e+02	   0.0000000e+00	
   8.6540000e+02	   0.0000000e+00	
   8.6560000e+02	   0.0000000e+00	
   8.6580000e+02	   0.0000000e+00	
   8.6600000e+02	   0.0000000e+00	
   8.6620000e+02	   0.0000000e+00	
   8.6640000e+02	   0.0000000e+00	
   8.6660000e+02	   0.0000000e+00	
   8.6680000e+02	   0.0000000e+00	
   8.6700000e+02	   0.0000000e+00	
   8.6720000e+02	   0.0000000e+00	
   8.6740000e+02	   0.0000000e+00	
   8.6760000e+02	   0.0000000e+00	
   8.6780000e+02	   0.0000000e+00	
   8.6800000e+02	   0.0000000e+00	
   8.6820000e+02	   0.0000000e+00	
   8.6840000e+02	   0.0000000e+00	
   8.6860000e+02	   0.0000000e+00	
   8.6880000e+02	   0.0000000e+00	
   8.6900000e+02	   0.0000000e+00	
   8.6920000e+02	   0.0000000e+00	
   8.6940000e+02	   0.0000000e+00	
   8.6960000e+02	   0.0000000e+00	
   8.6980000e+02	   0.0000000e+00	
   8.7000000e+02	   0.0000000e+00	
