   3.0000000e+02	   4.4636700e-01	
   3.0020000e+02	   4.4868400e-01	
   3.0040000e+02	   4.5099400e-01	
   3.0060000e+02	   4.5329600e-01	
   3.0080000e+02	   4.5559100e-01	
   3.0100000e+02	   4.5787900e-01	
   3.0120000e+02	   4.6015900e-01	
   3.0140000e+02	   4.6243100e-01	
   3.0160000e+02	   4.6469600e-01	
   3.0180000e+02	   4.6695300e-01	
   3.0200000e+02	   4.6920200e-01	
   3.0220000e+02	   4.7144400e-01	
   3.0240000e+02	   4.7367800e-01	
   3.0260000e+02	   4.7590500e-01	
   3.0280000e+02	   4.7812300e-01	
   3.0300000e+02	   4.8033400e-01	
   3.0320000e+02	   4.8253800e-01	
   3.0340000e+02	   4.8473300e-01	
   3.0360000e+02	   4.8692100e-01	
   3.0380000e+02	   4.8910100e-01	
   3.0400000e+02	   4.9127400e-01	
   3.0420000e+02	   4.9343900e-01	
   3.0440000e+02	   4.9559600e-01	
   3.0460000e+02	   4.9774600e-01	
   3.0480000e+02	   4.9988800e-01	
   3.0500000e+02	   5.0202300e-01	
   3.0520000e+02	   5.0415000e-01	
   3.0540000e+02	   5.0627000e-01	
   3.0560000e+02	   5.0838200e-01	
   3.0580000e+02	   5.1048700e-01	
   3.0600000e+02	   5.1258500e-01	
   3.0620000e+02	   5.1467600e-01	
   3.0640000e+02	   5.1676000e-01	
   3.0660000e+02	   5.1883700e-01	
   3.0680000e+02	   5.2090700e-01	
   3.0700000e+02	   5.2296900e-01	
   3.0720000e+02	   5.2502600e-01	
   3.0740000e+02	   5.2707500e-01	
   3.0760000e+02	   5.2911800e-01	
   3.0780000e+02	   5.3115400e-01	
   3.0800000e+02	   5.3318400e-01	
   3.0820000e+02	   5.3520800e-01	
   3.0840000e+02	   5.3722500e-01	
   3.0860000e+02	   5.3923700e-01	
   3.0880000e+02	   5.4124200e-01	
   3.0900000e+02	   5.4324200e-01	
   3.0920000e+02	   5.4523600e-01	
   3.0940000e+02	   5.4722400e-01	
   3.0960000e+02	   5.4920600e-01	
   3.0980000e+02	   5.5118400e-01	
   3.1000000e+02	   5.5315600e-01	
   3.1020000e+02	   5.5512300e-01	
   3.1040000e+02	   5.5708500e-01	
   3.1060000e+02	   5.5904200e-01	
   3.1080000e+02	   5.6099400e-01	
   3.1100000e+02	   5.6294200e-01	
   3.1120000e+02	   5.6488500e-01	
   3.1140000e+02	   5.6682500e-01	
   3.1160000e+02	   5.6876000e-01	
   3.1180000e+02	   5.7069100e-01	
   3.1200000e+02	   5.7261800e-01	
   3.1220000e+02	   5.7454100e-01	
   3.1240000e+02	   5.7646100e-01	
   3.1260000e+02	   5.7837800e-01	
   3.1280000e+02	   5.8029100e-01	
   3.1300000e+02	   5.8220100e-01	
   3.1320000e+02	   5.8410900e-01	
   3.1340000e+02	   5.8601300e-01	
   3.1360000e+02	   5.8791500e-01	
   3.1380000e+02	   5.8981500e-01	
   3.1400000e+02	   5.9171200e-01	
   3.1420000e+02	   5.9360700e-01	
   3.1440000e+02	   5.9550000e-01	
   3.1460000e+02	   5.9739200e-01	
   3.1480000e+02	   5.9928100e-01	
   3.1500000e+02	   6.0117000e-01	
   3.1520000e+02	   6.0305700e-01	
   3.1540000e+02	   6.0494300e-01	
   3.1560000e+02	   6.0682700e-01	
   3.1580000e+02	   6.0871100e-01	
   3.1600000e+02	   6.1059500e-01	
   3.1620000e+02	   6.1247800e-01	
   3.1640000e+02	   6.1436000e-01	
   3.1660000e+02	   6.1624300e-01	
   3.1680000e+02	   6.1812500e-01	
   3.1700000e+02	   6.2000700e-01	
   3.1720000e+02	   6.2189000e-01	
   3.1740000e+02	   6.2377300e-01	
   3.1760000e+02	   6.2565700e-01	
   3.1780000e+02	   6.2754200e-01	
   3.1800000e+02	   6.2942700e-01	
   3.1820000e+02	   6.3131400e-01	
   3.1840000e+02	   6.3320200e-01	
   3.1860000e+02	   6.3509100e-01	
   3.1880000e+02	   6.3698200e-01	
   3.1900000e+02	   6.3887400e-01	
   3.1920000e+02	   6.4076800e-01	
   3.1940000e+02	   6.4266400e-01	
   3.1960000e+02	   6.4456200e-01	
   3.1980000e+02	   6.4646300e-01	
   3.2000000e+02	   6.4836500e-01	
   3.2020000e+02	   6.5027000e-01	
   3.2040000e+02	   6.5217800e-01	
   3.2060000e+02	   6.5408900e-01	
   3.2080000e+02	   6.5600200e-01	
   3.2100000e+02	   6.5791800e-01	
   3.2120000e+02	   6.5983800e-01	
   3.2140000e+02	   6.6176000e-01	
   3.2160000e+02	   6.6368600e-01	
   3.2180000e+02	   6.6561600e-01	
   3.2200000e+02	   6.6754800e-01	
   3.2220000e+02	   6.6948500e-01	
   3.2240000e+02	   6.7142500e-01	
   3.2260000e+02	   6.7336900e-01	
   3.2280000e+02	   6.7531700e-01	
   3.2300000e+02	   6.7726900e-01	
   3.2320000e+02	   6.7922600e-01	
   3.2340000e+02	   6.8118600e-01	
   3.2360000e+02	   6.8315100e-01	
   3.2380000e+02	   6.8512000e-01	
   3.2400000e+02	   6.8709300e-01	
   3.2420000e+02	   6.8907100e-01	
   3.2440000e+02	   6.9105300e-01	
   3.2460000e+02	   6.9304000e-01	
   3.2480000e+02	   6.9503200e-01	
   3.2500000e+02	   6.9702800e-01	
   3.2520000e+02	   6.9903000e-01	
   3.2540000e+02	   7.0103600e-01	
   3.2560000e+02	   7.0304600e-01	
   3.2580000e+02	   7.0506200e-01	
   3.2600000e+02	   7.0708300e-01	
   3.2620000e+02	   7.0910800e-01	
   3.2640000e+02	   7.1113900e-01	
   3.2660000e+02	   7.1317500e-01	
   3.2680000e+02	   7.1521500e-01	
   3.2700000e+02	   7.1726100e-01	
   3.2720000e+02	   7.1931200e-01	
   3.2740000e+02	   7.2136700e-01	
   3.2760000e+02	   7.2342800e-01	
   3.2780000e+02	   7.2549400e-01	
   3.2800000e+02	   7.2756500e-01	
   3.2820000e+02	   7.2964000e-01	
   3.2840000e+02	   7.3172100e-01	
   3.2860000e+02	   7.3380700e-01	
   3.2880000e+02	   7.3589700e-01	
   3.2900000e+02	   7.3799300e-01	
   3.2920000e+02	   7.4009300e-01	
   3.2940000e+02	   7.4219900e-01	
   3.2960000e+02	   7.4430900e-01	
   3.2980000e+02	   7.4642300e-01	
   3.3000000e+02	   7.4854300e-01	
   3.3020000e+02	   7.5066700e-01	
   3.3040000e+02	   7.5279500e-01	
   3.3060000e+02	   7.5492800e-01	
   3.3080000e+02	   7.5706600e-01	
   3.3100000e+02	   7.5920700e-01	
   3.3120000e+02	   7.6135300e-01	
   3.3140000e+02	   7.6350300e-01	
   3.3160000e+02	   7.6565800e-01	
   3.3180000e+02	   7.6781600e-01	
   3.3200000e+02	   7.6997800e-01	
   3.3220000e+02	   7.7214400e-01	
   3.3240000e+02	   7.7431300e-01	
   3.3260000e+02	   7.7648600e-01	
   3.3280000e+02	   7.7866200e-01	
   3.3300000e+02	   7.8084200e-01	
   3.3320000e+02	   7.8302500e-01	
   3.3340000e+02	   7.8521100e-01	
   3.3360000e+02	   7.8739900e-01	
   3.3380000e+02	   7.8959100e-01	
   3.3400000e+02	   7.9178500e-01	
   3.3420000e+02	   7.9398200e-01	
   3.3440000e+02	   7.9618100e-01	
   3.3460000e+02	   7.9838200e-01	
   3.3480000e+02	   8.0058500e-01	
   3.3500000e+02	   8.0279000e-01	
   3.3520000e+02	   8.0499700e-01	
   3.3540000e+02	   8.0720500e-01	
   3.3560000e+02	   8.0941400e-01	
   3.3580000e+02	   8.1162500e-01	
   3.3600000e+02	   8.1383700e-01	
   3.3620000e+02	   8.1604900e-01	
   3.3640000e+02	   8.1826200e-01	
   3.3660000e+02	   8.2047500e-01	
   3.3680000e+02	   8.2268900e-01	
   3.3700000e+02	   8.2490200e-01	
   3.3720000e+02	   8.2711500e-01	
   3.3740000e+02	   8.2932800e-01	
   3.3760000e+02	   8.3154000e-01	
   3.3780000e+02	   8.3375200e-01	
   3.3800000e+02	   8.3596200e-01	
   3.3820000e+02	   8.3817100e-01	
   3.3840000e+02	   8.4037800e-01	
   3.3860000e+02	   8.4258300e-01	
   3.3880000e+02	   8.4478700e-01	
   3.3900000e+02	   8.4698800e-01	
   3.3920000e+02	   8.4918700e-01	
   3.3940000e+02	   8.5138300e-01	
   3.3960000e+02	   8.5357600e-01	
   3.3980000e+02	   8.5576600e-01	
   3.4000000e+02	   8.5795200e-01	
   3.4020000e+02	   8.6013500e-01	
   3.4040000e+02	   8.6231300e-01	
   3.4060000e+02	   8.6448700e-01	
   3.4080000e+02	   8.6665700e-01	
   3.4100000e+02	   8.6882200e-01	
   3.4120000e+02	   8.7098200e-01	
   3.4140000e+02	   8.7313600e-01	
   3.4160000e+02	   8.7528500e-01	
   3.4180000e+02	   8.7742800e-01	
   3.4200000e+02	   8.7956400e-01	
   3.4220000e+02	   8.8169500e-01	
   3.4240000e+02	   8.8381800e-01	
   3.4260000e+02	   8.8593400e-01	
   3.4280000e+02	   8.8804300e-01	
   3.4300000e+02	   8.9014500e-01	
   3.4320000e+02	   8.9223800e-01	
   3.4340000e+02	   8.9432300e-01	
   3.4360000e+02	   8.9639900e-01	
   3.4380000e+02	   8.9846700e-01	
   3.4400000e+02	   9.0052500e-01	
   3.4420000e+02	   9.0257400e-01	
   3.4440000e+02	   9.0461400e-01	
   3.4460000e+02	   9.0664300e-01	
   3.4480000e+02	   9.0866100e-01	
   3.4500000e+02	   9.1066900e-01	
   3.4520000e+02	   9.1266600e-01	
   3.4540000e+02	   9.1465200e-01	
   3.4560000e+02	   9.1662500e-01	
   3.4580000e+02	   9.1858700e-01	
   3.4600000e+02	   9.2053600e-01	
   3.4620000e+02	   9.2247300e-01	
   3.4640000e+02	   9.2439700e-01	
   3.4660000e+02	   9.2630700e-01	
   3.4680000e+02	   9.2820400e-01	
   3.4700000e+02	   9.3008700e-01	
   3.4720000e+02	   9.3195500e-01	
   3.4740000e+02	   9.3380900e-01	
   3.4760000e+02	   9.3564700e-01	
   3.4780000e+02	   9.3747100e-01	
   3.4800000e+02	   9.3927800e-01	
   3.4820000e+02	   9.4107000e-01	
   3.4840000e+02	   9.4284500e-01	
   3.4860000e+02	   9.4460400e-01	
   3.4880000e+02	   9.4634600e-01	
   3.4900000e+02	   9.4807000e-01	
   3.4920000e+02	   9.4977600e-01	
   3.4940000e+02	   9.5146400e-01	
   3.4960000e+02	   9.5313400e-01	
   3.4980000e+02	   9.5478500e-01	
   3.5000000e+02	   9.5641700e-01	
   3.5020000e+02	   9.5803000e-01	
   3.5040000e+02	   9.5962300e-01	
   3.5060000e+02	   9.6119500e-01	
   3.5080000e+02	   9.6274700e-01	
   3.5100000e+02	   9.6427900e-01	
   3.5120000e+02	   9.6578900e-01	
   3.5140000e+02	   9.6727700e-01	
   3.5160000e+02	   9.6874400e-01	
   3.5180000e+02	   9.7018800e-01	
   3.5200000e+02	   9.7160900e-01	
   3.5220000e+02	   9.7300800e-01	
   3.5240000e+02	   9.7438400e-01	
   3.5260000e+02	   9.7573500e-01	
   3.5280000e+02	   9.7706300e-01	
   3.5300000e+02	   9.7836700e-01	
   3.5320000e+02	   9.7964500e-01	
   3.5340000e+02	   9.8089900e-01	
   3.5360000e+02	   9.8212700e-01	
   3.5380000e+02	   9.8333000e-01	
   3.5400000e+02	   9.8450700e-01	
   3.5420000e+02	   9.8565700e-01	
   3.5440000e+02	   9.8678000e-01	
   3.5460000e+02	   9.8787600e-01	
   3.5480000e+02	   9.8894500e-01	
   3.5500000e+02	   9.8998600e-01	
   3.5520000e+02	   9.9099900e-01	
   3.5540000e+02	   9.9198400e-01	
   3.5560000e+02	   9.9294000e-01	
   3.5580000e+02	   9.9386600e-01	
   3.5600000e+02	   9.9476300e-01	
   3.5620000e+02	   9.9563100e-01	
   3.5640000e+02	   9.9646800e-01	
   3.5660000e+02	   9.9727500e-01	
   3.5680000e+02	   9.9805100e-01	
   3.5700000e+02	   9.9879600e-01	
   3.5720000e+02	   9.9951000e-01	
   3.5740000e+02	   1.0001920e+00	
   3.5760000e+02	   1.0008410e+00	
   3.5780000e+02	   1.0014590e+00	
   3.5800000e+02	   1.0020440e+00	
   3.5820000e+02	   1.0025960e+00	
   3.5840000e+02	   1.0031140e+00	
   3.5860000e+02	   1.0035990e+00	
   3.5880000e+02	   1.0040500e+00	
   3.5900000e+02	   1.0044670e+00	
   3.5920000e+02	   1.0048500e+00	
   3.5940000e+02	   1.0051980e+00	
   3.5960000e+02	   1.0055100e+00	
   3.5980000e+02	   1.0057880e+00	
   3.6000000e+02	   1.0060290e+00	
   3.6020000e+02	   1.0062350e+00	
   3.6040000e+02	   1.0064050e+00	
   3.6060000e+02	   1.0065380e+00	
   3.6080000e+02	   1.0066350e+00	
   3.6100000e+02	   1.0066940e+00	
   3.6120000e+02	   1.0067160e+00	
   3.6140000e+02	   1.0067010e+00	
   3.6160000e+02	   1.0066480e+00	
   3.6180000e+02	   1.0065580e+00	
   3.6200000e+02	   1.0064290e+00	
   3.6220000e+02	   1.0062610e+00	
   3.6240000e+02	   1.0060550e+00	
   3.6260000e+02	   1.0058100e+00	
   3.6280000e+02	   1.0055250e+00	
   3.6300000e+02	   1.0052020e+00	
   3.6320000e+02	   1.0048390e+00	
   3.6340000e+02	   1.0044360e+00	
   3.6360000e+02	   1.0039930e+00	
   3.6380000e+02	   1.0035100e+00	
   3.6400000e+02	   1.0029870e+00	
   3.6420000e+02	   1.0024230e+00	
   3.6440000e+02	   1.0018180e+00	
   3.6460000e+02	   1.0011730e+00	
   3.6480000e+02	   1.0004860e+00	
   3.6500000e+02	   9.9975900e-01	
   3.6520000e+02	   9.9899000e-01	
   3.6540000e+02	   9.9817900e-01	
   3.6560000e+02	   9.9732700e-01	
   3.6580000e+02	   9.9643300e-01	
   3.6600000e+02	   9.9549800e-01	
   3.6620000e+02	   9.9452000e-01	
   3.6640000e+02	   9.9350000e-01	
   3.6660000e+02	   9.9243800e-01	
   3.6680000e+02	   9.9133400e-01	
   3.6700000e+02	   9.9018700e-01	
   3.6720000e+02	   9.8899800e-01	
   3.6740000e+02	   9.8776600e-01	
   3.6760000e+02	   9.8649100e-01	
   3.6780000e+02	   9.8517400e-01	
   3.6800000e+02	   9.8381400e-01	
   3.6820000e+02	   9.8241200e-01	
   3.6840000e+02	   9.8096600e-01	
   3.6860000e+02	   9.7947800e-01	
   3.6880000e+02	   9.7794700e-01	
   3.6900000e+02	   9.7637300e-01	
   3.6920000e+02	   9.7475600e-01	
   3.6940000e+02	   9.7309700e-01	
   3.6960000e+02	   9.7139400e-01	
   3.6980000e+02	   9.6964900e-01	
   3.7000000e+02	   9.6786100e-01	
   3.7020000e+02	   9.6603000e-01	
   3.7040000e+02	   9.6415700e-01	
   3.7060000e+02	   9.6224000e-01	
   3.7080000e+02	   9.6028200e-01	
   3.7100000e+02	   9.5828100e-01	
   3.7120000e+02	   9.5623700e-01	
   3.7140000e+02	   9.5415100e-01	
   3.7160000e+02	   9.5202300e-01	
   3.7180000e+02	   9.4985300e-01	
   3.7200000e+02	   9.4764100e-01	
   3.7220000e+02	   9.4538700e-01	
   3.7240000e+02	   9.4309100e-01	
   3.7260000e+02	   9.4075400e-01	
   3.7280000e+02	   9.3837600e-01	
   3.7300000e+02	   9.3595600e-01	
   3.7320000e+02	   9.3349500e-01	
   3.7340000e+02	   9.3099400e-01	
   3.7360000e+02	   9.2845200e-01	
   3.7380000e+02	   9.2586900e-01	
   3.7400000e+02	   9.2324600e-01	
   3.7420000e+02	   9.2058300e-01	
   3.7440000e+02	   9.1788100e-01	
   3.7460000e+02	   9.1513900e-01	
   3.7480000e+02	   9.1235700e-01	
   3.7500000e+02	   9.0953700e-01	
   3.7520000e+02	   9.0667800e-01	
   3.7540000e+02	   9.0378000e-01	
   3.7560000e+02	   9.0084500e-01	
   3.7580000e+02	   8.9787100e-01	
   3.7600000e+02	   8.9486000e-01	
   3.7620000e+02	   8.9181200e-01	
   3.7640000e+02	   8.8872600e-01	
   3.7660000e+02	   8.8560400e-01	
   3.7680000e+02	   8.8244600e-01	
   3.7700000e+02	   8.7925200e-01	
   3.7720000e+02	   8.7602300e-01	
   3.7740000e+02	   8.7275800e-01	
   3.7760000e+02	   8.6945800e-01	
   3.7780000e+02	   8.6612400e-01	
   3.7800000e+02	   8.6275600e-01	
   3.7820000e+02	   8.5935500e-01	
   3.7840000e+02	   8.5592000e-01	
   3.7860000e+02	   8.5245200e-01	
   3.7880000e+02	   8.4895200e-01	
   3.7900000e+02	   8.4542000e-01	
   3.7920000e+02	   8.4185600e-01	
   3.7940000e+02	   8.3826100e-01	
   3.7960000e+02	   8.3463600e-01	
   3.7980000e+02	   8.3098000e-01	
   3.8000000e+02	   8.2729500e-01	
   3.8020000e+02	   8.2358000e-01	
   3.8040000e+02	   8.1983700e-01	
   3.8060000e+02	   8.1606500e-01	
   3.8080000e+02	   8.1226500e-01	
   3.8100000e+02	   8.0843800e-01	
   3.8120000e+02	   8.0458400e-01	
   3.8140000e+02	   8.0070400e-01	
   3.8160000e+02	   7.9679800e-01	
   3.8180000e+02	   7.9286700e-01	
   3.8200000e+02	   7.8891000e-01	
   3.8220000e+02	   7.8493000e-01	
   3.8240000e+02	   7.8092500e-01	
   3.8260000e+02	   7.7689800e-01	
   3.8280000e+02	   7.7284700e-01	
   3.8300000e+02	   7.6877500e-01	
   3.8320000e+02	   7.6468000e-01	
   3.8340000e+02	   7.6056500e-01	
   3.8360000e+02	   7.5642900e-01	
   3.8380000e+02	   7.5227300e-01	
   3.8400000e+02	   7.4809700e-01	
   3.8420000e+02	   7.4390300e-01	
   3.8440000e+02	   7.3969000e-01	
   3.8460000e+02	   7.3546000e-01	
   3.8480000e+02	   7.3121200e-01	
   3.8500000e+02	   7.2694700e-01	
   3.8520000e+02	   7.2266700e-01	
   3.8540000e+02	   7.1837000e-01	
   3.8560000e+02	   7.1405900e-01	
   3.8580000e+02	   7.0973300e-01	
   3.8600000e+02	   7.0539300e-01	
   3.8620000e+02	   7.0104000e-01	
   3.8640000e+02	   6.9667500e-01	
   3.8660000e+02	   6.9229700e-01	
   3.8680000e+02	   6.8790700e-01	
   3.8700000e+02	   6.8350600e-01	
   3.8720000e+02	   6.7909500e-01	
   3.8740000e+02	   6.7467400e-01	
   3.8760000e+02	   6.7024300e-01	
   3.8780000e+02	   6.6580400e-01	
   3.8800000e+02	   6.6135600e-01	
   3.8820000e+02	   6.5690100e-01	
   3.8840000e+02	   6.5243800e-01	
   3.8860000e+02	   6.4796900e-01	
   3.8880000e+02	   6.4349400e-01	
   3.8900000e+02	   6.3901300e-01	
   3.8920000e+02	   6.3452700e-01	
   3.8940000e+02	   6.3003700e-01	
   3.8960000e+02	   6.2554300e-01	
   3.8980000e+02	   6.2104600e-01	
   3.9000000e+02	   6.1654500e-01	
   3.9020000e+02	   6.1204300e-01	
   3.9040000e+02	   6.0753800e-01	
   3.9060000e+02	   6.0303300e-01	
   3.9080000e+02	   5.9852600e-01	
   3.9100000e+02	   5.9402000e-01	
   3.9120000e+02	   5.8951400e-01	
   3.9140000e+02	   5.8500800e-01	
   3.9160000e+02	   5.8050400e-01	
   3.9180000e+02	   5.7600200e-01	
   3.9200000e+02	   5.7150100e-01	
   3.9220000e+02	   5.6700400e-01	
   3.9240000e+02	   5.6251000e-01	
   3.9260000e+02	   5.5802000e-01	
   3.9280000e+02	   5.5353400e-01	
   3.9300000e+02	   5.4905200e-01	
   3.9320000e+02	   5.4457600e-01	
   3.9340000e+02	   5.4010500e-01	
   3.9360000e+02	   5.3564100e-01	
   3.9380000e+02	   5.3118200e-01	
   3.9400000e+02	   5.2673100e-01	
   3.9420000e+02	   5.2228700e-01	
   3.9440000e+02	   5.1785100e-01	
   3.9460000e+02	   5.1342300e-01	
   3.9480000e+02	   5.0900400e-01	
   3.9500000e+02	   5.0459400e-01	
   3.9520000e+02	   5.0019300e-01	
   3.9540000e+02	   4.9580300e-01	
   3.9560000e+02	   4.9142200e-01	
   3.9580000e+02	   4.8705200e-01	
   3.9600000e+02	   4.8269400e-01	
   3.9620000e+02	   4.7834600e-01	
   3.9640000e+02	   4.7401100e-01	
   3.9660000e+02	   4.6968700e-01	
   3.9680000e+02	   4.6537600e-01	
   3.9700000e+02	   4.6107800e-01	
   3.9720000e+02	   4.5679300e-01	
   3.9740000e+02	   4.5252200e-01	
   3.9760000e+02	   4.4826400e-01	
   3.9780000e+02	   4.4402100e-01	
   3.9800000e+02	   4.3979300e-01	
   3.9820000e+02	   4.3557900e-01	
   3.9840000e+02	   4.3138000e-01	
   3.9860000e+02	   4.2719700e-01	
   3.9880000e+02	   4.2303000e-01	
   3.9900000e+02	   4.1887800e-01	
   3.9920000e+02	   4.1474400e-01	
   3.9940000e+02	   4.1062500e-01	
   3.9960000e+02	   4.0652400e-01	
   3.9980000e+02	   4.0244000e-01	
   4.0000000e+02	   3.9837300e-01	
   4.0020000e+02	   3.9432400e-01	
   4.0040000e+02	   3.9029300e-01	
   4.0060000e+02	   3.8628000e-01	
   4.0080000e+02	   3.8228600e-01	
   4.0100000e+02	   3.7831000e-01	
   4.0120000e+02	   3.7435300e-01	
   4.0140000e+02	   3.7041600e-01	
   4.0160000e+02	   3.6649800e-01	
   4.0180000e+02	   3.6259900e-01	
   4.0200000e+02	   3.5872000e-01	
   4.0220000e+02	   3.5486100e-01	
   4.0240000e+02	   3.5102200e-01	
   4.0260000e+02	   3.4720400e-01	
   4.0280000e+02	   3.4340600e-01	
   4.0300000e+02	   3.3962900e-01	
   4.0320000e+02	   3.3587300e-01	
   4.0340000e+02	   3.3213800e-01	
   4.0360000e+02	   3.2842500e-01	
   4.0380000e+02	   3.2473200e-01	
   4.0400000e+02	   3.2106200e-01	
   4.0420000e+02	   3.1741300e-01	
   4.0440000e+02	   3.1378600e-01	
   4.0460000e+02	   3.1018100e-01	
   4.0480000e+02	   3.0659800e-01	
   4.0500000e+02	   3.0303800e-01	
   4.0520000e+02	   2.9950000e-01	
   4.0540000e+02	   2.9598400e-01	
   4.0560000e+02	   2.9249100e-01	
   4.0580000e+02	   2.8902200e-01	
   4.0600000e+02	   2.8557500e-01	
   4.0620000e+02	   2.8215100e-01	
   4.0640000e+02	   2.7875000e-01	
   4.0660000e+02	   2.7537200e-01	
   4.0680000e+02	   2.7201800e-01	
   4.0700000e+02	   2.6868700e-01	
   4.0720000e+02	   2.6538000e-01	
   4.0740000e+02	   2.6209600e-01	
   4.0760000e+02	   2.5883600e-01	
   4.0780000e+02	   2.5560000e-01	
   4.0800000e+02	   2.5238700e-01	
   4.0820000e+02	   2.4919900e-01	
   4.0840000e+02	   2.4603400e-01	
   4.0860000e+02	   2.4289400e-01	
   4.0880000e+02	   2.3977700e-01	
   4.0900000e+02	   2.3668500e-01	
   4.0920000e+02	   2.3361700e-01	
   4.0940000e+02	   2.3057300e-01	
   4.0960000e+02	   2.2755300e-01	
   4.0980000e+02	   2.2455800e-01	
   4.1000000e+02	   2.2158700e-01	
   4.1020000e+02	   2.1864100e-01	
   4.1040000e+02	   2.1571900e-01	
   4.1060000e+02	   2.1282200e-01	
   4.1080000e+02	   2.0994900e-01	
   4.1100000e+02	   2.0710000e-01	
   4.1120000e+02	   2.0427600e-01	
   4.1140000e+02	   2.0147700e-01	
   4.1160000e+02	   1.9870200e-01	
   4.1180000e+02	   1.9595200e-01	
   4.1200000e+02	   1.9322600e-01	
   4.1220000e+02	   1.9052500e-01	
   4.1240000e+02	   1.8784800e-01	
   4.1260000e+02	   1.8519600e-01	
   4.1280000e+02	   1.8256900e-01	
   4.1300000e+02	   1.7996600e-01	
   4.1320000e+02	   1.7738800e-01	
   4.1340000e+02	   1.7483400e-01	
   4.1360000e+02	   1.7230500e-01	
   4.1380000e+02	   1.6980000e-01	
   4.1400000e+02	   1.6732000e-01	
   4.1420000e+02	   1.6486400e-01	
   4.1440000e+02	   1.6243300e-01	
   4.1460000e+02	   1.6002600e-01	
   4.1480000e+02	   1.5764300e-01	
   4.1500000e+02	   1.5528500e-01	
   4.1520000e+02	   1.5295100e-01	
   4.1540000e+02	   1.5064100e-01	
   4.1560000e+02	   1.4835500e-01	
   4.1580000e+02	   1.4609300e-01	
   4.1600000e+02	   1.4385600e-01	
   4.1620000e+02	   1.4164200e-01	
   4.1640000e+02	   1.3945300e-01	
   4.1660000e+02	   1.3728700e-01	
   4.1680000e+02	   1.3514500e-01	
   4.1700000e+02	   1.3302700e-01	
   4.1720000e+02	   1.3093200e-01	
   4.1740000e+02	   1.2886100e-01	
   4.1760000e+02	   1.2681400e-01	
   4.1780000e+02	   1.2479000e-01	
   4.1800000e+02	   1.2279000e-01	
   4.1820000e+02	   1.2081200e-01	
   4.1840000e+02	   1.1885800e-01	
   4.1860000e+02	   1.1692700e-01	
   4.1880000e+02	   1.1501900e-01	
   4.1900000e+02	   1.1313400e-01	
   4.1920000e+02	   1.1127200e-01	
   4.1940000e+02	   1.0943300e-01	
   4.1960000e+02	   1.0761600e-01	
   4.1980000e+02	   1.0582200e-01	
   4.2000000e+02	   1.0405000e-01	
   4.2020000e+02	   1.0230000e-01	
   4.2040000e+02	   1.0057300e-01	
   4.2060000e+02	   9.8867000e-02	
   4.2080000e+02	   9.7184000e-02	
   4.2100000e+02	   9.5522000e-02	
   4.2120000e+02	   9.3882000e-02	
   4.2140000e+02	   9.2264000e-02	
   4.2160000e+02	   9.0667000e-02	
   4.2180000e+02	   8.9091000e-02	
   4.2200000e+02	   8.7537000e-02	
   4.2220000e+02	   8.6004000e-02	
   4.2240000e+02	   8.4491000e-02	
   4.2260000e+02	   8.3000000e-02	
   4.2280000e+02	   8.1529000e-02	
   4.2300000e+02	   8.0078000e-02	
   4.2320000e+02	   7.8648000e-02	
   4.2340000e+02	   7.7238000e-02	
   4.2360000e+02	   7.5848000e-02	
   4.2380000e+02	   7.4478000e-02	
   4.2400000e+02	   7.3128000e-02	
   4.2420000e+02	   7.1797000e-02	
   4.2440000e+02	   7.0486000e-02	
   4.2460000e+02	   6.9194000e-02	
   4.2480000e+02	   6.7921000e-02	
   4.2500000e+02	   6.6667000e-02	
   4.2520000e+02	   6.5432000e-02	
   4.2540000e+02	   6.4215000e-02	
   4.2560000e+02	   6.3018000e-02	
   4.2580000e+02	   6.1838000e-02	
   4.2600000e+02	   6.0676000e-02	
   4.2620000e+02	   5.9533000e-02	
   4.2640000e+02	   5.8407000e-02	
   4.2660000e+02	   5.7299000e-02	
   4.2680000e+02	   5.6208000e-02	
   4.2700000e+02	   5.5135000e-02	
   4.2720000e+02	   5.4079000e-02	
   4.2740000e+02	   5.3039000e-02	
   4.2760000e+02	   5.2017000e-02	
   4.2780000e+02	   5.1011000e-02	
   4.2800000e+02	   5.0021000e-02	
   4.2820000e+02	   4.9048000e-02	
   4.2840000e+02	   4.8091000e-02	
   4.2860000e+02	   4.7149000e-02	
   4.2880000e+02	   4.6224000e-02	
   4.2900000e+02	   4.5313000e-02	
   4.2920000e+02	   4.4419000e-02	
   4.2940000e+02	   4.3539000e-02	
   4.2960000e+02	   4.2674000e-02	
   4.2980000e+02	   4.1825000e-02	
   4.3000000e+02	   4.0989000e-02	
   4.3020000e+02	   4.0169000e-02	
   4.3040000e+02	   3.9362000e-02	
   4.3060000e+02	   3.8570000e-02	
   4.3080000e+02	   3.7791000e-02	
   4.3100000e+02	   3.7026000e-02	
   4.3120000e+02	   3.6275000e-02	
   4.3140000e+02	   3.5538000e-02	
   4.3160000e+02	   3.4813000e-02	
   4.3180000e+02	   3.4101000e-02	
   4.3200000e+02	   3.3403000e-02	
   4.3220000e+02	   3.2717000e-02	
   4.3240000e+02	   3.2043000e-02	
   4.3260000e+02	   3.1382000e-02	
   4.3280000e+02	   3.0733000e-02	
   4.3300000e+02	   3.0096000e-02	
   4.3320000e+02	   2.9471000e-02	
   4.3340000e+02	   2.8857000e-02	
   4.3360000e+02	   2.8255000e-02	
   4.3380000e+02	   2.7664000e-02	
   4.3400000e+02	   2.7084000e-02	
   4.3420000e+02	   2.6516000e-02	
   4.3440000e+02	   2.5958000e-02	
   4.3460000e+02	   2.5411000e-02	
   4.3480000e+02	   2.4874000e-02	
   4.3500000e+02	   2.4347000e-02	
   4.3520000e+02	   2.3831000e-02	
   4.3540000e+02	   2.3325000e-02	
   4.3560000e+02	   2.2828000e-02	
   4.3580000e+02	   2.2341000e-02	
   4.3600000e+02	   2.1864000e-02	
   4.3620000e+02	   2.1396000e-02	
   4.3640000e+02	   2.0938000e-02	
   4.3660000e+02	   2.0488000e-02	
   4.3680000e+02	   2.0047000e-02	
   4.3700000e+02	   1.9615000e-02	
   4.3720000e+02	   1.9192000e-02	
   4.3740000e+02	   1.8777000e-02	
   4.3760000e+02	   1.8371000e-02	
   4.3780000e+02	   1.7972000e-02	
   4.3800000e+02	   1.7582000e-02	
   4.3820000e+02	   1.7200000e-02	
   4.3840000e+02	   1.6825000e-02	
   4.3860000e+02	   1.6458000e-02	
   4.3880000e+02	   1.6099000e-02	
   4.3900000e+02	   1.5747000e-02	
   4.3920000e+02	   1.5402000e-02	
   4.3940000e+02	   1.5064000e-02	
   4.3960000e+02	   1.4733000e-02	
   4.3980000e+02	   1.4410000e-02	
   4.4000000e+02	   1.4092000e-02	
   4.4020000e+02	   1.3782000e-02	
   4.4040000e+02	   1.3478000e-02	
   4.4060000e+02	   1.3180000e-02	
   4.4080000e+02	   1.2889000e-02	
   4.4100000e+02	   1.2603000e-02	
   4.4120000e+02	   1.2324000e-02	
   4.4140000e+02	   1.2050000e-02	
   4.4160000e+02	   1.1783000e-02	
   4.4180000e+02	   1.1521000e-02	
   4.4200000e+02	   1.1265000e-02	
   4.4220000e+02	   1.1014000e-02	
   4.4240000e+02	   1.0768000e-02	
   4.4260000e+02	   1.0528000e-02	
   4.4280000e+02	   1.0293000e-02	
   4.4300000e+02	   1.0062000e-02	
   4.4320000e+02	   9.8370000e-03	
   4.4340000e+02	   9.6170000e-03	
   4.4360000e+02	   9.4020000e-03	
   4.4380000e+02	   9.1910000e-03	
   4.4400000e+02	   8.9840000e-03	
   4.4420000e+02	   8.7830000e-03	
   4.4440000e+02	   8.5850000e-03	
   4.4460000e+02	   8.3920000e-03	
   4.4480000e+02	   8.2030000e-03	
   4.4500000e+02	   8.0180000e-03	
   4.4520000e+02	   7.8380000e-03	
   4.4540000e+02	   7.6610000e-03	
   4.4560000e+02	   7.4880000e-03	
   4.4580000e+02	   7.3190000e-03	
   4.4600000e+02	   7.1530000e-03	
   4.4620000e+02	   6.9920000e-03	
   4.4640000e+02	   6.8340000e-03	
   4.4660000e+02	   6.6790000e-03	
   4.4680000e+02	   6.5280000e-03	
   4.4700000e+02	   6.3800000e-03	
   4.4720000e+02	   6.2350000e-03	
   4.4740000e+02	   6.0940000e-03	
   4.4760000e+02	   5.9560000e-03	
   4.4780000e+02	   5.8210000e-03	
   4.4800000e+02	   5.6890000e-03	
   4.4820000e+02	   5.5590000e-03	
   4.4840000e+02	   5.4330000e-03	
   4.4860000e+02	   5.3100000e-03	
   4.4880000e+02	   5.1890000e-03	
   4.4900000e+02	   5.0710000e-03	
   4.4920000e+02	   4.9560000e-03	
   4.4940000e+02	   4.8430000e-03	
   4.4960000e+02	   4.7330000e-03	
   4.4980000e+02	   4.6250000e-03	
   4.5000000e+02	   4.5200000e-03	
   4.5020000e+02	   4.4170000e-03	
   4.5040000e+02	   4.3160000e-03	
   4.5060000e+02	   4.2180000e-03	
   4.5080000e+02	   4.1220000e-03	
   4.5100000e+02	   4.0280000e-03	
   4.5120000e+02	   3.9360000e-03	
   4.5140000e+02	   3.8460000e-03	
   4.5160000e+02	   3.7590000e-03	
   4.5180000e+02	   3.6730000e-03	
   4.5200000e+02	   3.5890000e-03	
   4.5220000e+02	   3.5070000e-03	
   4.5240000e+02	   3.4270000e-03	
   4.5260000e+02	   3.3490000e-03	
   4.5280000e+02	   3.2730000e-03	
   4.5300000e+02	   3.1980000e-03	
   4.5320000e+02	   3.1250000e-03	
   4.5340000e+02	   3.0540000e-03	
   4.5360000e+02	   2.9840000e-03	
   4.5380000e+02	   2.9160000e-03	
   4.5400000e+02	   2.8500000e-03	
   4.5420000e+02	   2.7850000e-03	
   4.5440000e+02	   2.7210000e-03	
   4.5460000e+02	   2.6590000e-03	
   4.5480000e+02	   2.5990000e-03	
   4.5500000e+02	   2.5390000e-03	
   4.5520000e+02	   2.4820000e-03	
   4.5540000e+02	   2.4250000e-03	
   4.5560000e+02	   2.3700000e-03	
   4.5580000e+02	   2.3160000e-03	
   4.5600000e+02	   2.2630000e-03	
   4.5620000e+02	   2.2120000e-03	
   4.5640000e+02	   2.1610000e-03	
   4.5660000e+02	   2.1120000e-03	
   4.5680000e+02	   2.0640000e-03	
   4.5700000e+02	   2.0170000e-03	
   4.5720000e+02	   1.9710000e-03	
   4.5740000e+02	   1.9260000e-03	
   4.5760000e+02	   1.8820000e-03	
   4.5780000e+02	   1.8400000e-03	
   4.5800000e+02	   1.7980000e-03	
   4.5820000e+02	   1.7570000e-03	
   4.5840000e+02	   1.7170000e-03	
   4.5860000e+02	   1.6780000e-03	
   4.5880000e+02	   1.6400000e-03	
   4.5900000e+02	   1.6030000e-03	
   4.5920000e+02	   1.5660000e-03	
   4.5940000e+02	   1.5310000e-03	
   4.5960000e+02	   1.4960000e-03	
   4.5980000e+02	   1.4620000e-03	
   4.6000000e+02	   1.4290000e-03	
   4.6020000e+02	   1.3960000e-03	
   4.6040000e+02	   1.3650000e-03	
   4.6060000e+02	   1.3340000e-03	
   4.6080000e+02	   1.3040000e-03	
   4.6100000e+02	   1.2740000e-03	
   4.6120000e+02	   1.2450000e-03	
   4.6140000e+02	   1.2170000e-03	
   4.6160000e+02	   1.1900000e-03	
   4.6180000e+02	   1.1630000e-03	
   4.6200000e+02	   1.1360000e-03	
   4.6220000e+02	   1.1110000e-03	
   4.6240000e+02	   1.0860000e-03	
   4.6260000e+02	   1.0610000e-03	
   4.6280000e+02	   1.0370000e-03	
   4.6300000e+02	   1.0140000e-03	
   4.6320000e+02	   9.9100000e-04	
   4.6340000e+02	   9.6900000e-04	
   4.6360000e+02	   9.4700000e-04	
   4.6380000e+02	   9.2600000e-04	
   4.6400000e+02	   9.0500000e-04	
   4.6420000e+02	   8.8400000e-04	
   4.6440000e+02	   8.6500000e-04	
   4.6460000e+02	   8.4500000e-04	
   4.6480000e+02	   8.2600000e-04	
   4.6500000e+02	   8.0800000e-04	
   4.6520000e+02	   7.8900000e-04	
   4.6540000e+02	   7.7200000e-04	
   4.6560000e+02	   7.5400000e-04	
   4.6580000e+02	   7.3800000e-04	
   4.6600000e+02	   7.2100000e-04	
   4.6620000e+02	   7.0500000e-04	
   4.6640000e+02	   6.8900000e-04	
   4.6660000e+02	   6.7400000e-04	
   4.6680000e+02	   6.5900000e-04	
   4.6700000e+02	   6.4400000e-04	
   4.6720000e+02	   6.3000000e-04	
   4.6740000e+02	   6.1600000e-04	
   4.6760000e+02	   6.0200000e-04	
   4.6780000e+02	   5.8800000e-04	
   4.6800000e+02	   5.7500000e-04	
   4.6820000e+02	   5.6200000e-04	
   4.6840000e+02	   5.5000000e-04	
   4.6860000e+02	   5.3800000e-04	
   4.6880000e+02	   5.2600000e-04	
   4.6900000e+02	   5.1400000e-04	
   4.6920000e+02	   5.0300000e-04	
   4.6940000e+02	   4.9200000e-04	
   4.6960000e+02	   4.8100000e-04	
   4.6980000e+02	   4.7000000e-04	
   4.7000000e+02	   4.6000000e-04	
   4.7020000e+02	   4.4900000e-04	
   4.7040000e+02	   4.3900000e-04	
   4.7060000e+02	   4.3000000e-04	
   4.7080000e+02	   4.2000000e-04	
   4.7100000e+02	   4.1100000e-04	
   4.7120000e+02	   4.0200000e-04	
   4.7140000e+02	   3.9300000e-04	
   4.7160000e+02	   3.8400000e-04	
   4.7180000e+02	   3.7600000e-04	
   4.7200000e+02	   3.6800000e-04	
   4.7220000e+02	   3.5900000e-04	
   4.7240000e+02	   3.5200000e-04	
   4.7260000e+02	   3.4400000e-04	
   4.7280000e+02	   3.3600000e-04	
   4.7300000e+02	   3.2900000e-04	
   4.7320000e+02	   3.2200000e-04	
   4.7340000e+02	   3.1500000e-04	
   4.7360000e+02	   3.0800000e-04	
   4.7380000e+02	   3.0100000e-04	
   4.7400000e+02	   2.9400000e-04	
   4.7420000e+02	   2.8800000e-04	
   4.7440000e+02	   2.8200000e-04	
   4.7460000e+02	   2.7600000e-04	
   4.7480000e+02	   2.7000000e-04	
   4.7500000e+02	   2.6400000e-04	
   4.7520000e+02	   2.5800000e-04	
   4.7540000e+02	   2.5200000e-04	
   4.7560000e+02	   2.4700000e-04	
   4.7580000e+02	   2.4100000e-04	
   4.7600000e+02	   2.3600000e-04	
   4.7620000e+02	   2.3100000e-04	
   4.7640000e+02	   2.2600000e-04	
   4.7660000e+02	   2.2100000e-04	
   4.7680000e+02	   2.1600000e-04	
   4.7700000e+02	   2.1200000e-04	
   4.7720000e+02	   2.0700000e-04	
   4.7740000e+02	   2.0300000e-04	
   4.7760000e+02	   1.9800000e-04	
   4.7780000e+02	   1.9400000e-04	
   4.7800000e+02	   1.9000000e-04	
   4.7820000e+02	   1.8600000e-04	
   4.7840000e+02	   1.8200000e-04	
   4.7860000e+02	   1.7800000e-04	
   4.7880000e+02	   1.7400000e-04	
   4.7900000e+02	   1.7000000e-04	
   4.7920000e+02	   1.6600000e-04	
   4.7940000e+02	   1.6300000e-04	
   4.7960000e+02	   1.5900000e-04	
   4.7980000e+02	   1.5600000e-04	
   4.8000000e+02	   1.5300000e-04	
   4.8020000e+02	   1.4900000e-04	
   4.8040000e+02	   1.4600000e-04	
   4.8060000e+02	   1.4300000e-04	
   4.8080000e+02	   1.4000000e-04	
   4.8100000e+02	   1.3700000e-04	
   4.8120000e+02	   1.3400000e-04	
   4.8140000e+02	   1.3100000e-04	
   4.8160000e+02	   1.2800000e-04	
   4.8180000e+02	   1.2600000e-04	
   4.8200000e+02	   1.2300000e-04	
   4.8220000e+02	   1.2000000e-04	
   4.8240000e+02	   1.1800000e-04	
   4.8260000e+02	   1.1500000e-04	
   4.8280000e+02	   1.1300000e-04	
   4.8300000e+02	   1.1000000e-04	
   4.8320000e+02	   1.0800000e-04	
   4.8340000e+02	   1.0600000e-04	
   4.8360000e+02	   1.0400000e-04	
   4.8380000e+02	   1.0100000e-04	
   4.8400000e+02	   9.9000000e-05	
   4.8420000e+02	   9.7000000e-05	
   4.8440000e+02	   9.5000000e-05	
   4.8460000e+02	   9.3000000e-05	
   4.8480000e+02	   9.1000000e-05	
   4.8500000e+02	   8.9000000e-05	
   4.8520000e+02	   8.7000000e-05	
   4.8540000e+02	   8.5000000e-05	
   4.8560000e+02	   8.4000000e-05	
   4.8580000e+02	   8.2000000e-05	
   4.8600000e+02	   8.0000000e-05	
   4.8620000e+02	   7.9000000e-05	
   4.8640000e+02	   7.7000000e-05	
   4.8660000e+02	   7.5000000e-05	
   4.8680000e+02	   7.4000000e-05	
   4.8700000e+02	   7.2000000e-05	
   4.8720000e+02	   7.1000000e-05	
   4.8740000e+02	   6.9000000e-05	
   4.8760000e+02	   6.8000000e-05	
   4.8780000e+02	   6.6000000e-05	
   4.8800000e+02	   6.5000000e-05	
   4.8820000e+02	   6.4000000e-05	
   4.8840000e+02	   6.2000000e-05	
   4.8860000e+02	   6.1000000e-05	
   4.8880000e+02	   6.0000000e-05	
   4.8900000e+02	   5.8000000e-05	
   4.8920000e+02	   5.7000000e-05	
   4.8940000e+02	   5.6000000e-05	
   4.8960000e+02	   5.5000000e-05	
   4.8980000e+02	   5.4000000e-05	
   4.9000000e+02	   5.3000000e-05	
   4.9020000e+02	   5.2000000e-05	
   4.9040000e+02	   5.0000000e-05	
   4.9060000e+02	   4.9000000e-05	
   4.9080000e+02	   4.8000000e-05	
   4.9100000e+02	   4.7000000e-05	
   4.9120000e+02	   4.6000000e-05	
   4.9140000e+02	   4.5000000e-05	
   4.9160000e+02	   4.5000000e-05	
   4.9180000e+02	   4.4000000e-05	
   4.9200000e+02	   4.3000000e-05	
   4.9220000e+02	   4.2000000e-05	
   4.9240000e+02	   4.1000000e-05	
   4.9260000e+02	   4.0000000e-05	
   4.9280000e+02	   3.9000000e-05	
   4.9300000e+02	   3.9000000e-05	
   4.9320000e+02	   3.8000000e-05	
   4.9340000e+02	   3.7000000e-05	
   4.9360000e+02	   3.6000000e-05	
   4.9380000e+02	   3.5000000e-05	
   4.9400000e+02	   3.5000000e-05	
   4.9420000e+02	   3.4000000e-05	
   4.9440000e+02	   3.3000000e-05	
   4.9460000e+02	   3.3000000e-05	
   4.9480000e+02	   3.2000000e-05	
   4.9500000e+02	   3.1000000e-05	
   4.9520000e+02	   3.1000000e-05	
   4.9540000e+02	   3.0000000e-05	
   4.9560000e+02	   2.9000000e-05	
   4.9580000e+02	   2.9000000e-05	
   4.9600000e+02	   2.8000000e-05	
   4.9620000e+02	   2.8000000e-05	
   4.9640000e+02	   2.7000000e-05	
   4.9660000e+02	   2.7000000e-05	
   4.9680000e+02	   2.6000000e-05	
   4.9700000e+02	   2.6000000e-05	
   4.9720000e+02	   2.5000000e-05	
   4.9740000e+02	   2.5000000e-05	
   4.9760000e+02	   2.4000000e-05	
   4.9780000e+02	   2.4000000e-05	
   4.9800000e+02	   2.3000000e-05	
   4.9820000e+02	   2.3000000e-05	
   4.9840000e+02	   2.2000000e-05	
   4.9860000e+02	   2.2000000e-05	
   4.9880000e+02	   2.1000000e-05	
   4.9900000e+02	   2.1000000e-05	
   4.9920000e+02	   2.0000000e-05	
   4.9940000e+02	   2.0000000e-05	
   4.9960000e+02	   2.0000000e-05	
   4.9980000e+02	   1.9000000e-05	
   5.0000000e+02	   1.9000000e-05	
   5.0020000e+02	   1.8000000e-05	
   5.0040000e+02	   1.8000000e-05	
   5.0060000e+02	   1.8000000e-05	
   5.0080000e+02	   1.7000000e-05	
   5.0100000e+02	   1.7000000e-05	
   5.0120000e+02	   1.7000000e-05	
   5.0140000e+02	   1.6000000e-05	
   5.0160000e+02	   1.6000000e-05	
   5.0180000e+02	   1.6000000e-05	
   5.0200000e+02	   1.5000000e-05	
   5.0220000e+02	   1.5000000e-05	
   5.0240000e+02	   1.5000000e-05	
   5.0260000e+02	   1.5000000e-05	
   5.0280000e+02	   1.4000000e-05	
   5.0300000e+02	   1.4000000e-05	
   5.0320000e+02	   1.4000000e-05	
   5.0340000e+02	   1.3000000e-05	
   5.0360000e+02	   1.3000000e-05	
   5.0380000e+02	   1.3000000e-05	
   5.0400000e+02	   1.3000000e-05	
   5.0420000e+02	   1.2000000e-05	
   5.0440000e+02	   1.2000000e-05	
   5.0460000e+02	   1.2000000e-05	
   5.0480000e+02	   1.2000000e-05	
   5.0500000e+02	   1.1000000e-05	
   5.0520000e+02	   1.1000000e-05	
   5.0540000e+02	   1.1000000e-05	
   5.0560000e+02	   1.1000000e-05	
   5.0580000e+02	   1.1000000e-05	
   5.0600000e+02	   1.0000000e-05	
   5.0620000e+02	   1.0000000e-05	
   5.0640000e+02	   1.0000000e-05	
   5.0660000e+02	   1.0000000e-05	
   5.0680000e+02	   1.0000000e-05	
   5.0700000e+02	   9.0000000e-06	
   5.0720000e+02	   9.0000000e-06	
   5.0740000e+02	   9.0000000e-06	
   5.0760000e+02	   9.0000000e-06	
   5.0780000e+02	   9.0000000e-06	
   5.0800000e+02	   9.0000000e-06	
   5.0820000e+02	   8.0000000e-06	
   5.0840000e+02	   8.0000000e-06	
   5.0860000e+02	   8.0000000e-06	
   5.0880000e+02	   8.0000000e-06	
   5.0900000e+02	   8.0000000e-06	
   5.0920000e+02	   8.0000000e-06	
   5.0940000e+02	   7.0000000e-06	
   5.0960000e+02	   7.0000000e-06	
   5.0980000e+02	   7.0000000e-06	
   5.1000000e+02	   7.0000000e-06	
   5.1020000e+02	   7.0000000e-06	
   5.1040000e+02	   7.0000000e-06	
   5.1060000e+02	   7.0000000e-06	
   5.1080000e+02	   7.0000000e-06	
   5.1100000e+02	   6.0000000e-06	
   5.1120000e+02	   6.0000000e-06	
   5.1140000e+02	   6.0000000e-06	
   5.1160000e+02	   6.0000000e-06	
   5.1180000e+02	   6.0000000e-06	
   5.1200000e+02	   6.0000000e-06	
   5.1220000e+02	   6.0000000e-06	
   5.1240000e+02	   6.0000000e-06	
   5.1260000e+02	   5.0000000e-06	
   5.1280000e+02	   5.0000000e-06	
   5.1300000e+02	   5.0000000e-06	
   5.1320000e+02	   5.0000000e-06	
   5.1340000e+02	   5.0000000e-06	
   5.1360000e+02	   5.0000000e-06	
   5.1380000e+02	   5.0000000e-06	
   5.1400000e+02	   5.0000000e-06	
   5.1420000e+02	   5.0000000e-06	
   5.1440000e+02	   5.0000000e-06	
   5.1460000e+02	   5.0000000e-06	
   5.1480000e+02	   4.0000000e-06	
   5.1500000e+02	   4.0000000e-06	
   5.1520000e+02	   4.0000000e-06	
   5.1540000e+02	   4.0000000e-06	
   5.1560000e+02	   4.0000000e-06	
   5.1580000e+02	   4.0000000e-06	
   5.1600000e+02	   4.0000000e-06	
   5.1620000e+02	   4.0000000e-06	
   5.1640000e+02	   4.0000000e-06	
   5.1660000e+02	   4.0000000e-06	
   5.1680000e+02	   4.0000000e-06	
   5.1700000e+02	   4.0000000e-06	
   5.1720000e+02	   4.0000000e-06	
   5.1740000e+02	   3.0000000e-06	
   5.1760000e+02	   3.0000000e-06	
   5.1780000e+02	   3.0000000e-06	
   5.1800000e+02	   3.0000000e-06	
   5.1820000e+02	   3.0000000e-06	
   5.1840000e+02	   3.0000000e-06	
   5.1860000e+02	   3.0000000e-06	
   5.1880000e+02	   3.0000000e-06	
   5.1900000e+02	   3.0000000e-06	
   5.1920000e+02	   3.0000000e-06	
   5.1940000e+02	   3.0000000e-06	
   5.1960000e+02	   3.0000000e-06	
   5.1980000e+02	   3.0000000e-06	
   5.2000000e+02	   3.0000000e-06	
   5.2020000e+02	   3.0000000e-06	
   5.2040000e+02	   3.0000000e-06	
   5.2060000e+02	   3.0000000e-06	
   5.2080000e+02	   3.0000000e-06	
   5.2100000e+02	   2.0000000e-06	
   5.2120000e+02	   2.0000000e-06	
   5.2140000e+02	   2.0000000e-06	
   5.2160000e+02	   2.0000000e-06	
   5.2180000e+02	   2.0000000e-06	
   5.2200000e+02	   2.0000000e-06	
   5.2220000e+02	   2.0000000e-06	
   5.2240000e+02	   2.0000000e-06	
   5.2260000e+02	   2.0000000e-06	
   5.2280000e+02	   2.0000000e-06	
   5.2300000e+02	   2.0000000e-06	
   5.2320000e+02	   2.0000000e-06	
   5.2340000e+02	   2.0000000e-06	
   5.2360000e+02	   2.0000000e-06	
   5.2380000e+02	   2.0000000e-06	
   5.2400000e+02	   2.0000000e-06	
   5.2420000e+02	   2.0000000e-06	
   5.2440000e+02	   2.0000000e-06	
   5.2460000e+02	   2.0000000e-06	
   5.2480000e+02	   2.0000000e-06	
   5.2500000e+02	   2.0000000e-06	
   5.2520000e+02	   2.0000000e-06	
   5.2540000e+02	   2.0000000e-06	
   5.2560000e+02	   2.0000000e-06	
   5.2580000e+02	   2.0000000e-06	
   5.2600000e+02	   2.0000000e-06	
   5.2620000e+02	   2.0000000e-06	
   5.2640000e+02	   2.0000000e-06	
   5.2660000e+02	   1.0000000e-06	
   5.2680000e+02	   1.0000000e-06	
   5.2700000e+02	   1.0000000e-06	
   5.2720000e+02	   1.0000000e-06	
   5.2740000e+02	   1.0000000e-06	
   5.2760000e+02	   1.0000000e-06	
   5.2780000e+02	   1.0000000e-06	
   5.2800000e+02	   1.0000000e-06	
   5.2820000e+02	   1.0000000e-06	
   5.2840000e+02	   1.0000000e-06	
   5.2860000e+02	   1.0000000e-06	
   5.2880000e+02	   1.0000000e-06	
   5.2900000e+02	   1.0000000e-06	
   5.2920000e+02	   1.0000000e-06	
   5.2940000e+02	   1.0000000e-06	
   5.2960000e+02	   1.0000000e-06	
   5.2980000e+02	   1.0000000e-06	
   5.3000000e+02	   1.0000000e-06	
   5.3020000e+02	   1.0000000e-06	
   5.3040000e+02	   1.0000000e-06	
   5.3060000e+02	   1.0000000e-06	
   5.3080000e+02	   1.0000000e-06	
   5.3100000e+02	   1.0000000e-06	
   5.3120000e+02	   1.0000000e-06	
   5.3140000e+02	   1.0000000e-06	
   5.3160000e+02	   1.0000000e-06	
   5.3180000e+02	   1.0000000e-06	
   5.3200000e+02	   1.0000000e-06	
   5.3220000e+02	   1.0000000e-06	
   5.3240000e+02	   1.0000000e-06	
   5.3260000e+02	   1.0000000e-06	
   5.3280000e+02	   1.0000000e-06	
   5.3300000e+02	   1.0000000e-06	
   5.3320000e+02	   1.0000000e-06	
   5.3340000e+02	   1.0000000e-06	
   5.3360000e+02	   1.0000000e-06	
   5.3380000e+02	   1.0000000e-06	
   5.3400000e+02	   1.0000000e-06	
   5.3420000e+02	   1.0000000e-06	
   5.3440000e+02	   1.0000000e-06	
   5.3460000e+02	   1.0000000e-06	
   5.3480000e+02	   1.0000000e-06	
   5.3500000e+02	   1.0000000e-06	
   5.3520000e+02	   1.0000000e-06	
   5.3540000e+02	   1.0000000e-06	
   5.3560000e+02	   1.0000000e-06	
   5.3580000e+02	   1.0000000e-06	
   5.3600000e+02	   1.0000000e-06	
   5.3620000e+02	   1.0000000e-06	
   5.3640000e+02	   1.0000000e-06	
   5.3660000e+02	   1.0000000e-06	
   5.3680000e+02	   1.0000000e-06	
   5.3700000e+02	   1.0000000e-06	
   5.3720000e+02	   1.0000000e-06	
   5.3740000e+02	   1.0000000e-06	
   5.3760000e+02	   1.0000000e-06	
   5.3780000e+02	   1.0000000e-06	
   5.3800000e+02	   1.0000000e-06	
   5.3820000e+02	   1.0000000e-06	
   5.3840000e+02	   1.0000000e-06	
   5.3860000e+02	   1.0000000e-06	
   5.3880000e+02	   1.0000000e-06	
   5.3900000e+02	   0.0000000e+00	
   5.3920000e+02	   0.0000000e+00	
   5.3940000e+02	   0.0000000e+00	
   5.3960000e+02	   0.0000000e+00	
   5.3980000e+02	   0.0000000e+00	
   5.4000000e+02	   0.0000000e+00	
   5.4020000e+02	   0.0000000e+00	
   5.4040000e+02	   0.0000000e+00	
   5.4060000e+02	   0.0000000e+00	
   5.4080000e+02	   0.0000000e+00	
   5.4100000e+02	   0.0000000e+00	
   5.4120000e+02	   0.0000000e+00	
   5.4140000e+02	   0.0000000e+00	
   5.4160000e+02	   0.0000000e+00	
   5.4180000e+02	   0.0000000e+00	
   5.4200000e+02	   0.0000000e+00	
   5.4220000e+02	   0.0000000e+00	
   5.4240000e+02	   0.0000000e+00	
   5.4260000e+02	   0.0000000e+00	
   5.4280000e+02	   0.0000000e+00	
   5.4300000e+02	   0.0000000e+00	
   5.4320000e+02	   0.0000000e+00	
   5.4340000e+02	   0.0000000e+00	
   5.4360000e+02	   0.0000000e+00	
   5.4380000e+02	   0.0000000e+00	
   5.4400000e+02	   0.0000000e+00	
   5.4420000e+02	   0.0000000e+00	
   5.4440000e+02	   0.0000000e+00	
   5.4460000e+02	   0.0000000e+00	
   5.4480000e+02	   0.0000000e+00	
   5.4500000e+02	   0.0000000e+00	
   5.4520000e+02	   0.0000000e+00	
   5.4540000e+02	   0.0000000e+00	
   5.4560000e+02	   0.0000000e+00	
   5.4580000e+02	   0.0000000e+00	
   5.4600000e+02	   0.0000000e+00	
   5.4620000e+02	   0.0000000e+00	
   5.4640000e+02	   0.0000000e+00	
   5.4660000e+02	   0.0000000e+00	
   5.4680000e+02	   0.0000000e+00	
   5.4700000e+02	   0.0000000e+00	
   5.4720000e+02	   0.0000000e+00	
   5.4740000e+02	   0.0000000e+00	
   5.4760000e+02	   0.0000000e+00	
   5.4780000e+02	   0.0000000e+00	
   5.4800000e+02	   0.0000000e+00	
   5.4820000e+02	   0.0000000e+00	
   5.4840000e+02	   0.0000000e+00	
   5.4860000e+02	   0.0000000e+00	
   5.4880000e+02	   0.0000000e+00	
   5.4900000e+02	   0.0000000e+00	
   5.4920000e+02	   0.0000000e+00	
   5.4940000e+02	   0.0000000e+00	
   5.4960000e+02	   0.0000000e+00	
   5.4980000e+02	   0.0000000e+00	
   5.5000000e+02	   0.0000000e+00	
   5.5020000e+02	   0.0000000e+00	
   5.5040000e+02	   0.0000000e+00	
   5.5060000e+02	   0.0000000e+00	
   5.5080000e+02	   0.0000000e+00	
   5.5100000e+02	   0.0000000e+00	
   5.5120000e+02	   0.0000000e+00	
   5.5140000e+02	   0.0000000e+00	
   5.5160000e+02	   0.0000000e+00	
   5.5180000e+02	   0.0000000e+00	
   5.5200000e+02	   0.0000000e+00	
   5.5220000e+02	   0.0000000e+00	
   5.5240000e+02	   0.0000000e+00	
   5.5260000e+02	   0.0000000e+00	
   5.5280000e+02	   0.0000000e+00	
   5.5300000e+02	   0.0000000e+00	
   5.5320000e+02	   0.0000000e+00	
   5.5340000e+02	   0.0000000e+00	
   5.5360000e+02	   0.0000000e+00	
   5.5380000e+02	   0.0000000e+00	
   5.5400000e+02	   0.0000000e+00	
   5.5420000e+02	   0.0000000e+00	
   5.5440000e+02	   0.0000000e+00	
   5.5460000e+02	   0.0000000e+00	
   5.5480000e+02	   0.0000000e+00	
   5.5500000e+02	   0.0000000e+00	
   5.5520000e+02	   0.0000000e+00	
   5.5540000e+02	   0.0000000e+00	
   5.5560000e+02	   0.0000000e+00	
   5.5580000e+02	   0.0000000e+00	
   5.5600000e+02	   0.0000000e+00	
   5.5620000e+02	   0.0000000e+00	
   5.5640000e+02	   0.0000000e+00	
   5.5660000e+02	   0.0000000e+00	
   5.5680000e+02	   0.0000000e+00	
   5.5700000e+02	   0.0000000e+00	
   5.5720000e+02	   0.0000000e+00	
   5.5740000e+02	   0.0000000e+00	
   5.5760000e+02	   0.0000000e+00	
   5.5780000e+02	   0.0000000e+00	
   5.5800000e+02	   0.0000000e+00	
   5.5820000e+02	   0.0000000e+00	
   5.5840000e+02	   0.0000000e+00	
   5.5860000e+02	   0.0000000e+00	
   5.5880000e+02	   0.0000000e+00	
   5.5900000e+02	   0.0000000e+00	
   5.5920000e+02	   0.0000000e+00	
   5.5940000e+02	   0.0000000e+00	
   5.5960000e+02	   0.0000000e+00	
   5.5980000e+02	   0.0000000e+00	
   5.6000000e+02	   0.0000000e+00	
   5.6020000e+02	   0.0000000e+00	
   5.6040000e+02	   0.0000000e+00	
   5.6060000e+02	   0.0000000e+00	
   5.6080000e+02	   0.0000000e+00	
   5.6100000e+02	   0.0000000e+00	
   5.6120000e+02	   0.0000000e+00	
   5.6140000e+02	   0.0000000e+00	
   5.6160000e+02	   0.0000000e+00	
   5.6180000e+02	   0.0000000e+00	
   5.6200000e+02	   0.0000000e+00	
   5.6220000e+02	   0.0000000e+00	
   5.6240000e+02	   0.0000000e+00	
   5.6260000e+02	   0.0000000e+00	
   5.6280000e+02	   0.0000000e+00	
   5.6300000e+02	   0.0000000e+00	
   5.6320000e+02	   0.0000000e+00	
   5.6340000e+02	   0.0000000e+00	
   5.6360000e+02	   0.0000000e+00	
   5.6380000e+02	   0.0000000e+00	
   5.6400000e+02	   0.0000000e+00	
   5.6420000e+02	   0.0000000e+00	
   5.6440000e+02	   0.0000000e+00	
   5.6460000e+02	   0.0000000e+00	
   5.6480000e+02	   0.0000000e+00	
   5.6500000e+02	   0.0000000e+00	
   5.6520000e+02	   0.0000000e+00	
   5.6540000e+02	   0.0000000e+00	
   5.6560000e+02	   0.0000000e+00	
   5.6580000e+02	   0.0000000e+00	
   5.6600000e+02	   0.0000000e+00	
   5.6620000e+02	   0.0000000e+00	
   5.6640000e+02	   0.0000000e+00	
   5.6660000e+02	   0.0000000e+00	
   5.6680000e+02	   0.0000000e+00	
   5.6700000e+02	   0.0000000e+00	
   5.6720000e+02	   0.0000000e+00	
   5.6740000e+02	   0.0000000e+00	
   5.6760000e+02	   0.0000000e+00	
   5.6780000e+02	   0.0000000e+00	
   5.6800000e+02	   0.0000000e+00	
   5.6820000e+02	   0.0000000e+00	
   5.6840000e+02	   0.0000000e+00	
   5.6860000e+02	   0.0000000e+00	
   5.6880000e+02	   0.0000000e+00	
   5.6900000e+02	   0.0000000e+00	
   5.6920000e+02	   0.0000000e+00	
   5.6940000e+02	   0.0000000e+00	
   5.6960000e+02	   0.0000000e+00	
   5.6980000e+02	   0.0000000e+00	
   5.7000000e+02	   0.0000000e+00	
   5.7020000e+02	   0.0000000e+00	
   5.7040000e+02	   0.0000000e+00	
   5.7060000e+02	   0.0000000e+00	
   5.7080000e+02	   0.0000000e+00	
   5.7100000e+02	   0.0000000e+00	
   5.7120000e+02	   0.0000000e+00	
   5.7140000e+02	   0.0000000e+00	
   5.7160000e+02	   0.0000000e+00	
   5.7180000e+02	   0.0000000e+00	
   5.7200000e+02	   0.0000000e+00	
   5.7220000e+02	   0.0000000e+00	
   5.7240000e+02	   0.0000000e+00	
   5.7260000e+02	   0.0000000e+00	
   5.7280000e+02	   0.0000000e+00	
   5.7300000e+02	   0.0000000e+00	
   5.7320000e+02	   0.0000000e+00	
   5.7340000e+02	   0.0000000e+00	
   5.7360000e+02	   0.0000000e+00	
   5.7380000e+02	   0.0000000e+00	
   5.7400000e+02	   0.0000000e+00	
   5.7420000e+02	   0.0000000e+00	
   5.7440000e+02	   0.0000000e+00	
   5.7460000e+02	   0.0000000e+00	
   5.7480000e+02	   0.0000000e+00	
   5.7500000e+02	   0.0000000e+00	
   5.7520000e+02	   0.0000000e+00	
   5.7540000e+02	   0.0000000e+00	
   5.7560000e+02	   0.0000000e+00	
   5.7580000e+02	   0.0000000e+00	
   5.7600000e+02	   0.0000000e+00	
   5.7620000e+02	   0.0000000e+00	
   5.7640000e+02	   0.0000000e+00	
   5.7660000e+02	   0.0000000e+00	
   5.7680000e+02	   0.0000000e+00	
   5.7700000e+02	   0.0000000e+00	
   5.7720000e+02	   0.0000000e+00	
   5.7740000e+02	   0.0000000e+00	
   5.7760000e+02	   0.0000000e+00	
   5.7780000e+02	   0.0000000e+00	
   5.7800000e+02	   0.0000000e+00	
   5.7820000e+02	   0.0000000e+00	
   5.7840000e+02	   0.0000000e+00	
   5.7860000e+02	   0.0000000e+00	
   5.7880000e+02	   0.0000000e+00	
   5.7900000e+02	   0.0000000e+00	
   5.7920000e+02	   0.0000000e+00	
   5.7940000e+02	   0.0000000e+00	
   5.7960000e+02	   0.0000000e+00	
   5.7980000e+02	   0.0000000e+00	
   5.8000000e+02	   0.0000000e+00	
   5.8020000e+02	   0.0000000e+00	
   5.8040000e+02	   0.0000000e+00	
   5.8060000e+02	   0.0000000e+00	
   5.8080000e+02	   0.0000000e+00	
   5.8100000e+02	   0.0000000e+00	
   5.8120000e+02	   0.0000000e+00	
   5.8140000e+02	   0.0000000e+00	
   5.8160000e+02	   0.0000000e+00	
   5.8180000e+02	   0.0000000e+00	
   5.8200000e+02	   0.0000000e+00	
   5.8220000e+02	   0.0000000e+00	
   5.8240000e+02	   0.0000000e+00	
   5.8260000e+02	   0.0000000e+00	
   5.8280000e+02	   0.0000000e+00	
   5.8300000e+02	   0.0000000e+00	
   5.8320000e+02	   0.0000000e+00	
   5.8340000e+02	   0.0000000e+00	
   5.8360000e+02	   0.0000000e+00	
   5.8380000e+02	   0.0000000e+00	
   5.8400000e+02	   0.0000000e+00	
   5.8420000e+02	   0.0000000e+00	
   5.8440000e+02	   0.0000000e+00	
   5.8460000e+02	   0.0000000e+00	
   5.8480000e+02	   0.0000000e+00	
   5.8500000e+02	   0.0000000e+00	
   5.8520000e+02	   0.0000000e+00	
   5.8540000e+02	   0.0000000e+00	
   5.8560000e+02	   0.0000000e+00	
   5.8580000e+02	   0.0000000e+00	
   5.8600000e+02	   0.0000000e+00	
   5.8620000e+02	   0.0000000e+00	
   5.8640000e+02	   0.0000000e+00	
   5.8660000e+02	   0.0000000e+00	
   5.8680000e+02	   0.0000000e+00	
   5.8700000e+02	   0.0000000e+00	
   5.8720000e+02	   0.0000000e+00	
   5.8740000e+02	   0.0000000e+00	
   5.8760000e+02	   0.0000000e+00	
   5.8780000e+02	   0.0000000e+00	
   5.8800000e+02	   0.0000000e+00	
   5.8820000e+02	   0.0000000e+00	
   5.8840000e+02	   0.0000000e+00	
   5.8860000e+02	   0.0000000e+00	
   5.8880000e+02	   0.0000000e+00	
   5.8900000e+02	   0.0000000e+00	
   5.8920000e+02	   0.0000000e+00	
   5.8940000e+02	   0.0000000e+00	
   5.8960000e+02	   0.0000000e+00	
   5.8980000e+02	   0.0000000e+00	
   5.9000000e+02	   0.0000000e+00	
   5.9020000e+02	   0.0000000e+00	
   5.9040000e+02	   0.0000000e+00	
   5.9060000e+02	   0.0000000e+00	
   5.9080000e+02	   0.0000000e+00	
   5.9100000e+02	   0.0000000e+00	
   5.9120000e+02	   0.0000000e+00	
   5.9140000e+02	   0.0000000e+00	
   5.9160000e+02	   0.0000000e+00	
   5.9180000e+02	   0.0000000e+00	
   5.9200000e+02	   0.0000000e+00	
   5.9220000e+02	   0.0000000e+00	
   5.9240000e+02	   0.0000000e+00	
   5.9260000e+02	   0.0000000e+00	
   5.9280000e+02	   0.0000000e+00	
   5.9300000e+02	   0.0000000e+00	
   5.9320000e+02	   0.0000000e+00	
   5.9340000e+02	   0.0000000e+00	
   5.9360000e+02	   0.0000000e+00	
   5.9380000e+02	   0.0000000e+00	
   5.9400000e+02	   0.0000000e+00	
   5.9420000e+02	   0.0000000e+00	
   5.9440000e+02	   0.0000000e+00	
   5.9460000e+02	   0.0000000e+00	
   5.9480000e+02	   0.0000000e+00	
   5.9500000e+02	   0.0000000e+00	
   5.9520000e+02	   0.0000000e+00	
   5.9540000e+02	   0.0000000e+00	
   5.9560000e+02	   0.0000000e+00	
   5.9580000e+02	   0.0000000e+00	
   5.9600000e+02	   0.0000000e+00	
   5.9620000e+02	   0.0000000e+00	
   5.9640000e+02	   0.0000000e+00	
   5.9660000e+02	   0.0000000e+00	
   5.9680000e+02	   0.0000000e+00	
   5.9700000e+02	   0.0000000e+00	
   5.9720000e+02	   0.0000000e+00	
   5.9740000e+02	   0.0000000e+00	
   5.9760000e+02	   0.0000000e+00	
   5.9780000e+02	   0.0000000e+00	
   5.9800000e+02	   0.0000000e+00	
   5.9820000e+02	   0.0000000e+00	
   5.9840000e+02	   0.0000000e+00	
   5.9860000e+02	   0.0000000e+00	
   5.9880000e+02	   0.0000000e+00	
   5.9900000e+02	   0.0000000e+00	
   5.9920000e+02	   0.0000000e+00	
   5.9940000e+02	   0.0000000e+00	
   5.9960000e+02	   0.0000000e+00	
   5.9980000e+02	   0.0000000e+00	
   6.0000000e+02	   0.0000000e+00	
   6.0020000e+02	   0.0000000e+00	
   6.0040000e+02	   0.0000000e+00	
   6.0060000e+02	   0.0000000e+00	
   6.0080000e+02	   0.0000000e+00	
   6.0100000e+02	   0.0000000e+00	
   6.0120000e+02	   0.0000000e+00	
   6.0140000e+02	   0.0000000e+00	
   6.0160000e+02	   0.0000000e+00	
   6.0180000e+02	   0.0000000e+00	
   6.0200000e+02	   0.0000000e+00	
   6.0220000e+02	   0.0000000e+00	
   6.0240000e+02	   0.0000000e+00	
   6.0260000e+02	   0.0000000e+00	
   6.0280000e+02	   0.0000000e+00	
   6.0300000e+02	   0.0000000e+00	
   6.0320000e+02	   0.0000000e+00	
   6.0340000e+02	   0.0000000e+00	
   6.0360000e+02	   0.0000000e+00	
   6.0380000e+02	   0.0000000e+00	
   6.0400000e+02	   0.0000000e+00	
   6.0420000e+02	   0.0000000e+00	
   6.0440000e+02	   0.0000000e+00	
   6.0460000e+02	   0.0000000e+00	
   6.0480000e+02	   0.0000000e+00	
   6.0500000e+02	   0.0000000e+00	
   6.0520000e+02	   0.0000000e+00	
   6.0540000e+02	   0.0000000e+00	
   6.0560000e+02	   0.0000000e+00	
   6.0580000e+02	   0.0000000e+00	
   6.0600000e+02	   0.0000000e+00	
   6.0620000e+02	   0.0000000e+00	
   6.0640000e+02	   0.0000000e+00	
   6.0660000e+02	   0.0000000e+00	
   6.0680000e+02	   0.0000000e+00	
   6.0700000e+02	   0.0000000e+00	
   6.0720000e+02	   0.0000000e+00	
   6.0740000e+02	   0.0000000e+00	
   6.0760000e+02	   0.0000000e+00	
   6.0780000e+02	   0.0000000e+00	
   6.0800000e+02	   0.0000000e+00	
   6.0820000e+02	   0.0000000e+00	
   6.0840000e+02	   0.0000000e+00	
   6.0860000e+02	   0.0000000e+00	
   6.0880000e+02	   0.0000000e+00	
   6.0900000e+02	   0.0000000e+00	
   6.0920000e+02	   0.0000000e+00	
   6.0940000e+02	   0.0000000e+00	
   6.0960000e+02	   0.0000000e+00	
   6.0980000e+02	   0.0000000e+00	
   6.1000000e+02	   0.0000000e+00	
   6.1020000e+02	   0.0000000e+00	
   6.1040000e+02	   0.0000000e+00	
   6.1060000e+02	   0.0000000e+00	
   6.1080000e+02	   0.0000000e+00	
   6.1100000e+02	   0.0000000e+00	
   6.1120000e+02	   0.0000000e+00	
   6.1140000e+02	   0.0000000e+00	
   6.1160000e+02	   0.0000000e+00	
   6.1180000e+02	   0.0000000e+00	
   6.1200000e+02	   0.0000000e+00	
   6.1220000e+02	   0.0000000e+00	
   6.1240000e+02	   0.0000000e+00	
   6.1260000e+02	   0.0000000e+00	
   6.1280000e+02	   0.0000000e+00	
   6.1300000e+02	   0.0000000e+00	
   6.1320000e+02	   0.0000000e+00	
   6.1340000e+02	   0.0000000e+00	
   6.1360000e+02	   0.0000000e+00	
   6.1380000e+02	   0.0000000e+00	
   6.1400000e+02	   0.0000000e+00	
   6.1420000e+02	   0.0000000e+00	
   6.1440000e+02	   0.0000000e+00	
   6.1460000e+02	   0.0000000e+00	
   6.1480000e+02	   0.0000000e+00	
   6.1500000e+02	   0.0000000e+00	
   6.1520000e+02	   0.0000000e+00	
   6.1540000e+02	   0.0000000e+00	
   6.1560000e+02	   0.0000000e+00	
   6.1580000e+02	   0.0000000e+00	
   6.1600000e+02	   0.0000000e+00	
   6.1620000e+02	   0.0000000e+00	
   6.1640000e+02	   0.0000000e+00	
   6.1660000e+02	   0.0000000e+00	
   6.1680000e+02	   0.0000000e+00	
   6.1700000e+02	   0.0000000e+00	
   6.1720000e+02	   0.0000000e+00	
   6.1740000e+02	   0.0000000e+00	
   6.1760000e+02	   0.0000000e+00	
   6.1780000e+02	   0.0000000e+00	
   6.1800000e+02	   0.0000000e+00	
   6.1820000e+02	   0.0000000e+00	
   6.1840000e+02	   0.0000000e+00	
   6.1860000e+02	   0.0000000e+00	
   6.1880000e+02	   0.0000000e+00	
   6.1900000e+02	   0.0000000e+00	
   6.1920000e+02	   0.0000000e+00	
   6.1940000e+02	   0.0000000e+00	
   6.1960000e+02	   0.0000000e+00	
   6.1980000e+02	   0.0000000e+00	
   6.2000000e+02	   0.0000000e+00	
   6.2020000e+02	   0.0000000e+00	
   6.2040000e+02	   0.0000000e+00	
   6.2060000e+02	   0.0000000e+00	
   6.2080000e+02	   0.0000000e+00	
   6.2100000e+02	   0.0000000e+00	
   6.2120000e+02	   0.0000000e+00	
   6.2140000e+02	   0.0000000e+00	
   6.2160000e+02	   0.0000000e+00	
   6.2180000e+02	   0.0000000e+00	
   6.2200000e+02	   0.0000000e+00	
   6.2220000e+02	   0.0000000e+00	
   6.2240000e+02	   0.0000000e+00	
   6.2260000e+02	   0.0000000e+00	
   6.2280000e+02	   0.0000000e+00	
   6.2300000e+02	   0.0000000e+00	
   6.2320000e+02	   0.0000000e+00	
   6.2340000e+02	   0.0000000e+00	
   6.2360000e+02	   0.0000000e+00	
   6.2380000e+02	   0.0000000e+00	
   6.2400000e+02	   0.0000000e+00	
   6.2420000e+02	   0.0000000e+00	
   6.2440000e+02	   0.0000000e+00	
   6.2460000e+02	   0.0000000e+00	
   6.2480000e+02	   0.0000000e+00	
   6.2500000e+02	   0.0000000e+00	
   6.2520000e+02	   0.0000000e+00	
   6.2540000e+02	   0.0000000e+00	
   6.2560000e+02	   0.0000000e+00	
   6.2580000e+02	   0.0000000e+00	
   6.2600000e+02	   0.0000000e+00	
   6.2620000e+02	   0.0000000e+00	
   6.2640000e+02	   0.0000000e+00	
   6.2660000e+02	   0.0000000e+00	
   6.2680000e+02	   0.0000000e+00	
   6.2700000e+02	   0.0000000e+00	
   6.2720000e+02	   0.0000000e+00	
   6.2740000e+02	   0.0000000e+00	
   6.2760000e+02	   0.0000000e+00	
   6.2780000e+02	   0.0000000e+00	
   6.2800000e+02	   0.0000000e+00	
   6.2820000e+02	   0.0000000e+00	
   6.2840000e+02	   0.0000000e+00	
   6.2860000e+02	   0.0000000e+00	
   6.2880000e+02	   0.0000000e+00	
   6.2900000e+02	   0.0000000e+00	
   6.2920000e+02	   0.0000000e+00	
   6.2940000e+02	   0.0000000e+00	
   6.2960000e+02	   0.0000000e+00	
   6.2980000e+02	   0.0000000e+00	
   6.3000000e+02	   0.0000000e+00	
   6.3020000e+02	   0.0000000e+00	
   6.3040000e+02	   0.0000000e+00	
   6.3060000e+02	   0.0000000e+00	
   6.3080000e+02	   0.0000000e+00	
   6.3100000e+02	   0.0000000e+00	
   6.3120000e+02	   0.0000000e+00	
   6.3140000e+02	   0.0000000e+00	
   6.3160000e+02	   0.0000000e+00	
   6.3180000e+02	   0.0000000e+00	
   6.3200000e+02	   0.0000000e+00	
   6.3220000e+02	   0.0000000e+00	
   6.3240000e+02	   0.0000000e+00	
   6.3260000e+02	   0.0000000e+00	
   6.3280000e+02	   0.0000000e+00	
   6.3300000e+02	   0.0000000e+00	
   6.3320000e+02	   0.0000000e+00	
   6.3340000e+02	   0.0000000e+00	
   6.3360000e+02	   0.0000000e+00	
   6.3380000e+02	   0.0000000e+00	
   6.3400000e+02	   0.0000000e+00	
   6.3420000e+02	   0.0000000e+00	
   6.3440000e+02	   0.0000000e+00	
   6.3460000e+02	   0.0000000e+00	
   6.3480000e+02	   0.0000000e+00	
   6.3500000e+02	   0.0000000e+00	
   6.3520000e+02	   0.0000000e+00	
   6.3540000e+02	   0.0000000e+00	
   6.3560000e+02	   0.0000000e+00	
   6.3580000e+02	   0.0000000e+00	
   6.3600000e+02	   0.0000000e+00	
   6.3620000e+02	   0.0000000e+00	
   6.3640000e+02	   0.0000000e+00	
   6.3660000e+02	   0.0000000e+00	
   6.3680000e+02	   0.0000000e+00	
   6.3700000e+02	   0.0000000e+00	
   6.3720000e+02	   0.0000000e+00	
   6.3740000e+02	   0.0000000e+00	
   6.3760000e+02	   0.0000000e+00	
   6.3780000e+02	   0.0000000e+00	
   6.3800000e+02	   0.0000000e+00	
   6.3820000e+02	   0.0000000e+00	
   6.3840000e+02	   0.0000000e+00	
   6.3860000e+02	   0.0000000e+00	
   6.3880000e+02	   0.0000000e+00	
   6.3900000e+02	   0.0000000e+00	
   6.3920000e+02	   0.0000000e+00	
   6.3940000e+02	   0.0000000e+00	
   6.3960000e+02	   0.0000000e+00	
   6.3980000e+02	   0.0000000e+00	
   6.4000000e+02	   0.0000000e+00	
   6.4020000e+02	   0.0000000e+00	
   6.4040000e+02	   0.0000000e+00	
   6.4060000e+02	   0.0000000e+00	
   6.4080000e+02	   0.0000000e+00	
   6.4100000e+02	   0.0000000e+00	
   6.4120000e+02	   0.0000000e+00	
   6.4140000e+02	   0.0000000e+00	
   6.4160000e+02	   0.0000000e+00	
   6.4180000e+02	   0.0000000e+00	
   6.4200000e+02	   0.0000000e+00	
   6.4220000e+02	   0.0000000e+00	
   6.4240000e+02	   0.0000000e+00	
   6.4260000e+02	   0.0000000e+00	
   6.4280000e+02	   0.0000000e+00	
   6.4300000e+02	   0.0000000e+00	
   6.4320000e+02	   0.0000000e+00	
   6.4340000e+02	   0.0000000e+00	
   6.4360000e+02	   0.0000000e+00	
   6.4380000e+02	   0.0000000e+00	
   6.4400000e+02	   0.0000000e+00	
   6.4420000e+02	   0.0000000e+00	
   6.4440000e+02	   0.0000000e+00	
   6.4460000e+02	   0.0000000e+00	
   6.4480000e+02	   0.0000000e+00	
   6.4500000e+02	   0.0000000e+00	
   6.4520000e+02	   0.0000000e+00	
   6.4540000e+02	   0.0000000e+00	
   6.4560000e+02	   0.0000000e+00	
   6.4580000e+02	   0.0000000e+00	
   6.4600000e+02	   0.0000000e+00	
   6.4620000e+02	   0.0000000e+00	
   6.4640000e+02	   0.0000000e+00	
   6.4660000e+02	   0.0000000e+00	
   6.4680000e+02	   0.0000000e+00	
   6.4700000e+02	   0.0000000e+00	
   6.4720000e+02	   0.0000000e+00	
   6.4740000e+02	   0.0000000e+00	
   6.4760000e+02	   0.0000000e+00	
   6.4780000e+02	   0.0000000e+00	
   6.4800000e+02	   0.0000000e+00	
   6.4820000e+02	   0.0000000e+00	
   6.4840000e+02	   0.0000000e+00	
   6.4860000e+02	   0.0000000e+00	
   6.4880000e+02	   0.0000000e+00	
   6.4900000e+02	   0.0000000e+00	
   6.4920000e+02	   0.0000000e+00	
   6.4940000e+02	   0.0000000e+00	
   6.4960000e+02	   0.0000000e+00	
   6.4980000e+02	   0.0000000e+00	
   6.5000000e+02	   0.0000000e+00	
   6.5020000e+02	   0.0000000e+00	
   6.5040000e+02	   0.0000000e+00	
   6.5060000e+02	   0.0000000e+00	
   6.5080000e+02	   0.0000000e+00	
   6.5100000e+02	   0.0000000e+00	
   6.5120000e+02	   0.0000000e+00	
   6.5140000e+02	   0.0000000e+00	
   6.5160000e+02	   0.0000000e+00	
   6.5180000e+02	   0.0000000e+00	
   6.5200000e+02	   0.0000000e+00	
   6.5220000e+02	   0.0000000e+00	
   6.5240000e+02	   0.0000000e+00	
   6.5260000e+02	   0.0000000e+00	
   6.5280000e+02	   0.0000000e+00	
   6.5300000e+02	   0.0000000e+00	
   6.5320000e+02	   0.0000000e+00	
   6.5340000e+02	   0.0000000e+00	
   6.5360000e+02	   0.0000000e+00	
   6.5380000e+02	   0.0000000e+00	
   6.5400000e+02	   0.0000000e+00	
   6.5420000e+02	   0.0000000e+00	
   6.5440000e+02	   0.0000000e+00	
   6.5460000e+02	   0.0000000e+00	
   6.5480000e+02	   0.0000000e+00	
   6.5500000e+02	   0.0000000e+00	
   6.5520000e+02	   0.0000000e+00	
   6.5540000e+02	   0.0000000e+00	
   6.5560000e+02	   0.0000000e+00	
   6.5580000e+02	   0.0000000e+00	
   6.5600000e+02	   0.0000000e+00	
   6.5620000e+02	   0.0000000e+00	
   6.5640000e+02	   0.0000000e+00	
   6.5660000e+02	   0.0000000e+00	
   6.5680000e+02	   0.0000000e+00	
   6.5700000e+02	   0.0000000e+00	
   6.5720000e+02	   0.0000000e+00	
   6.5740000e+02	   0.0000000e+00	
   6.5760000e+02	   0.0000000e+00	
   6.5780000e+02	   0.0000000e+00	
   6.5800000e+02	   0.0000000e+00	
   6.5820000e+02	   0.0000000e+00	
   6.5840000e+02	   0.0000000e+00	
   6.5860000e+02	   0.0000000e+00	
   6.5880000e+02	   0.0000000e+00	
   6.5900000e+02	   0.0000000e+00	
   6.5920000e+02	   0.0000000e+00	
   6.5940000e+02	   0.0000000e+00	
   6.5960000e+02	   0.0000000e+00	
   6.5980000e+02	   0.0000000e+00	
   6.6000000e+02	   0.0000000e+00	
   6.6020000e+02	   0.0000000e+00	
   6.6040000e+02	   0.0000000e+00	
   6.6060000e+02	   0.0000000e+00	
   6.6080000e+02	   0.0000000e+00	
   6.6100000e+02	   0.0000000e+00	
   6.6120000e+02	   0.0000000e+00	
   6.6140000e+02	   0.0000000e+00	
   6.6160000e+02	   0.0000000e+00	
   6.6180000e+02	   0.0000000e+00	
   6.6200000e+02	   0.0000000e+00	
   6.6220000e+02	   0.0000000e+00	
   6.6240000e+02	   0.0000000e+00	
   6.6260000e+02	   0.0000000e+00	
   6.6280000e+02	   0.0000000e+00	
   6.6300000e+02	   0.0000000e+00	
   6.6320000e+02	   0.0000000e+00	
   6.6340000e+02	   0.0000000e+00	
   6.6360000e+02	   0.0000000e+00	
   6.6380000e+02	   0.0000000e+00	
   6.6400000e+02	   0.0000000e+00	
   6.6420000e+02	   0.0000000e+00	
   6.6440000e+02	   0.0000000e+00	
   6.6460000e+02	   0.0000000e+00	
   6.6480000e+02	   0.0000000e+00	
   6.6500000e+02	   0.0000000e+00	
   6.6520000e+02	   0.0000000e+00	
   6.6540000e+02	   0.0000000e+00	
   6.6560000e+02	   0.0000000e+00	
   6.6580000e+02	   0.0000000e+00	
   6.6600000e+02	   0.0000000e+00	
   6.6620000e+02	   0.0000000e+00	
   6.6640000e+02	   0.0000000e+00	
   6.6660000e+02	   0.0000000e+00	
   6.6680000e+02	   0.0000000e+00	
   6.6700000e+02	   0.0000000e+00	
   6.6720000e+02	   0.0000000e+00	
   6.6740000e+02	   0.0000000e+00	
   6.6760000e+02	   0.0000000e+00	
   6.6780000e+02	   0.0000000e+00	
   6.6800000e+02	   0.0000000e+00	
   6.6820000e+02	   0.0000000e+00	
   6.6840000e+02	   0.0000000e+00	
   6.6860000e+02	   0.0000000e+00	
   6.6880000e+02	   0.0000000e+00	
   6.6900000e+02	   0.0000000e+00	
   6.6920000e+02	   0.0000000e+00	
   6.6940000e+02	   0.0000000e+00	
   6.6960000e+02	   0.0000000e+00	
   6.6980000e+02	   0.0000000e+00	
   6.7000000e+02	   0.0000000e+00	
   6.7020000e+02	   0.0000000e+00	
   6.7040000e+02	   0.0000000e+00	
   6.7060000e+02	   0.0000000e+00	
   6.7080000e+02	   0.0000000e+00	
   6.7100000e+02	   0.0000000e+00	
   6.7120000e+02	   0.0000000e+00	
   6.7140000e+02	   0.0000000e+00	
   6.7160000e+02	   0.0000000e+00	
   6.7180000e+02	   0.0000000e+00	
   6.7200000e+02	   0.0000000e+00	
   6.7220000e+02	   0.0000000e+00	
   6.7240000e+02	   0.0000000e+00	
   6.7260000e+02	   0.0000000e+00	
   6.7280000e+02	   0.0000000e+00	
   6.7300000e+02	   0.0000000e+00	
   6.7320000e+02	   0.0000000e+00	
   6.7340000e+02	   0.0000000e+00	
   6.7360000e+02	   0.0000000e+00	
   6.7380000e+02	   0.0000000e+00	
   6.7400000e+02	   0.0000000e+00	
   6.7420000e+02	   0.0000000e+00	
   6.7440000e+02	   0.0000000e+00	
   6.7460000e+02	   0.0000000e+00	
   6.7480000e+02	   0.0000000e+00	
   6.7500000e+02	   0.0000000e+00	
   6.7520000e+02	   0.0000000e+00	
   6.7540000e+02	   0.0000000e+00	
   6.7560000e+02	   0.0000000e+00	
   6.7580000e+02	   0.0000000e+00	
   6.7600000e+02	   0.0000000e+00	
   6.7620000e+02	   0.0000000e+00	
   6.7640000e+02	   0.0000000e+00	
   6.7660000e+02	   0.0000000e+00	
   6.7680000e+02	   0.0000000e+00	
   6.7700000e+02	   0.0000000e+00	
   6.7720000e+02	   0.0000000e+00	
   6.7740000e+02	   0.0000000e+00	
   6.7760000e+02	   0.0000000e+00	
   6.7780000e+02	   0.0000000e+00	
   6.7800000e+02	   0.0000000e+00	
   6.7820000e+02	   0.0000000e+00	
   6.7840000e+02	   0.0000000e+00	
   6.7860000e+02	   0.0000000e+00	
   6.7880000e+02	   0.0000000e+00	
   6.7900000e+02	   0.0000000e+00	
   6.7920000e+02	   0.0000000e+00	
   6.7940000e+02	   0.0000000e+00	
   6.7960000e+02	   0.0000000e+00	
   6.7980000e+02	   0.0000000e+00	
   6.8000000e+02	   0.0000000e+00	
   6.8020000e+02	   0.0000000e+00	
   6.8040000e+02	   0.0000000e+00	
   6.8060000e+02	   0.0000000e+00	
   6.8080000e+02	   0.0000000e+00	
   6.8100000e+02	   0.0000000e+00	
   6.8120000e+02	   0.0000000e+00	
   6.8140000e+02	   0.0000000e+00	
   6.8160000e+02	   0.0000000e+00	
   6.8180000e+02	   0.0000000e+00	
   6.8200000e+02	   0.0000000e+00	
   6.8220000e+02	   0.0000000e+00	
   6.8240000e+02	   0.0000000e+00	
   6.8260000e+02	   0.0000000e+00	
   6.8280000e+02	   0.0000000e+00	
   6.8300000e+02	   0.0000000e+00	
   6.8320000e+02	   0.0000000e+00	
   6.8340000e+02	   0.0000000e+00	
   6.8360000e+02	   0.0000000e+00	
   6.8380000e+02	   0.0000000e+00	
   6.8400000e+02	   0.0000000e+00	
   6.8420000e+02	   0.0000000e+00	
   6.8440000e+02	   0.0000000e+00	
   6.8460000e+02	   0.0000000e+00	
   6.8480000e+02	   0.0000000e+00	
   6.8500000e+02	   0.0000000e+00	
   6.8520000e+02	   0.0000000e+00	
   6.8540000e+02	   0.0000000e+00	
   6.8560000e+02	   0.0000000e+00	
   6.8580000e+02	   0.0000000e+00	
   6.8600000e+02	   0.0000000e+00	
   6.8620000e+02	   0.0000000e+00	
   6.8640000e+02	   0.0000000e+00	
   6.8660000e+02	   0.0000000e+00	
   6.8680000e+02	   0.0000000e+00	
   6.8700000e+02	   0.0000000e+00	
   6.8720000e+02	   0.0000000e+00	
   6.8740000e+02	   0.0000000e+00	
   6.8760000e+02	   0.0000000e+00	
   6.8780000e+02	   0.0000000e+00	
   6.8800000e+02	   0.0000000e+00	
   6.8820000e+02	   0.0000000e+00	
   6.8840000e+02	   0.0000000e+00	
   6.8860000e+02	   0.0000000e+00	
   6.8880000e+02	   0.0000000e+00	
   6.8900000e+02	   0.0000000e+00	
   6.8920000e+02	   0.0000000e+00	
   6.8940000e+02	   0.0000000e+00	
   6.8960000e+02	   0.0000000e+00	
   6.8980000e+02	   0.0000000e+00	
   6.9000000e+02	   0.0000000e+00	
   6.9020000e+02	   0.0000000e+00	
   6.9040000e+02	   0.0000000e+00	
   6.9060000e+02	   0.0000000e+00	
   6.9080000e+02	   0.0000000e+00	
   6.9100000e+02	   0.0000000e+00	
   6.9120000e+02	   0.0000000e+00	
   6.9140000e+02	   0.0000000e+00	
   6.9160000e+02	   0.0000000e+00	
   6.9180000e+02	   0.0000000e+00	
   6.9200000e+02	   0.0000000e+00	
   6.9220000e+02	   0.0000000e+00	
   6.9240000e+02	   0.0000000e+00	
   6.9260000e+02	   0.0000000e+00	
   6.9280000e+02	   0.0000000e+00	
   6.9300000e+02	   0.0000000e+00	
   6.9320000e+02	   0.0000000e+00	
   6.9340000e+02	   0.0000000e+00	
   6.9360000e+02	   0.0000000e+00	
   6.9380000e+02	   0.0000000e+00	
   6.9400000e+02	   0.0000000e+00	
   6.9420000e+02	   0.0000000e+00	
   6.9440000e+02	   0.0000000e+00	
   6.9460000e+02	   0.0000000e+00	
   6.9480000e+02	   0.0000000e+00	
   6.9500000e+02	   0.0000000e+00	
   6.9520000e+02	   0.0000000e+00	
   6.9540000e+02	   0.0000000e+00	
   6.9560000e+02	   0.0000000e+00	
   6.9580000e+02	   0.0000000e+00	
   6.9600000e+02	   0.0000000e+00	
   6.9620000e+02	   0.0000000e+00	
   6.9640000e+02	   0.0000000e+00	
   6.9660000e+02	   0.0000000e+00	
   6.9680000e+02	   0.0000000e+00	
   6.9700000e+02	   0.0000000e+00	
   6.9720000e+02	   0.0000000e+00	
   6.9740000e+02	   0.0000000e+00	
   6.9760000e+02	   0.0000000e+00	
   6.9780000e+02	   0.0000000e+00	
   6.9800000e+02	   0.0000000e+00	
   6.9820000e+02	   0.0000000e+00	
   6.9840000e+02	   0.0000000e+00	
   6.9860000e+02	   0.0000000e+00	
   6.9880000e+02	   0.0000000e+00	
   6.9900000e+02	   0.0000000e+00	
   6.9920000e+02	   0.0000000e+00	
   6.9940000e+02	   0.0000000e+00	
   6.9960000e+02	   0.0000000e+00	
   6.9980000e+02	   0.0000000e+00	
   7.0000000e+02	   0.0000000e+00	
   7.0020000e+02	   0.0000000e+00	
   7.0040000e+02	   0.0000000e+00	
   7.0060000e+02	   0.0000000e+00	
   7.0080000e+02	   0.0000000e+00	
   7.0100000e+02	   0.0000000e+00	
   7.0120000e+02	   0.0000000e+00	
   7.0140000e+02	   0.0000000e+00	
   7.0160000e+02	   0.0000000e+00	
   7.0180000e+02	   0.0000000e+00	
   7.0200000e+02	   0.0000000e+00	
   7.0220000e+02	   0.0000000e+00	
   7.0240000e+02	   0.0000000e+00	
   7.0260000e+02	   0.0000000e+00	
   7.0280000e+02	   0.0000000e+00	
   7.0300000e+02	   0.0000000e+00	
   7.0320000e+02	   0.0000000e+00	
   7.0340000e+02	   0.0000000e+00	
   7.0360000e+02	   0.0000000e+00	
   7.0380000e+02	   0.0000000e+00	
   7.0400000e+02	   0.0000000e+00	
   7.0420000e+02	   0.0000000e+00	
   7.0440000e+02	   0.0000000e+00	
   7.0460000e+02	   0.0000000e+00	
   7.0480000e+02	   0.0000000e+00	
   7.0500000e+02	   0.0000000e+00	
   7.0520000e+02	   0.0000000e+00	
   7.0540000e+02	   0.0000000e+00	
   7.0560000e+02	   0.0000000e+00	
   7.0580000e+02	   0.0000000e+00	
   7.0600000e+02	   0.0000000e+00	
   7.0620000e+02	   0.0000000e+00	
   7.0640000e+02	   0.0000000e+00	
   7.0660000e+02	   0.0000000e+00	
   7.0680000e+02	   0.0000000e+00	
   7.0700000e+02	   0.0000000e+00	
   7.0720000e+02	   0.0000000e+00	
   7.0740000e+02	   0.0000000e+00	
   7.0760000e+02	   0.0000000e+00	
   7.0780000e+02	   0.0000000e+00	
   7.0800000e+02	   0.0000000e+00	
   7.0820000e+02	   0.0000000e+00	
   7.0840000e+02	   0.0000000e+00	
   7.0860000e+02	   0.0000000e+00	
   7.0880000e+02	   0.0000000e+00	
   7.0900000e+02	   0.0000000e+00	
   7.0920000e+02	   0.0000000e+00	
   7.0940000e+02	   0.0000000e+00	
   7.0960000e+02	   0.0000000e+00	
   7.0980000e+02	   0.0000000e+00	
   7.1000000e+02	   0.0000000e+00	
   7.1020000e+02	   0.0000000e+00	
   7.1040000e+02	   0.0000000e+00	
   7.1060000e+02	   0.0000000e+00	
   7.1080000e+02	   0.0000000e+00	
   7.1100000e+02	   0.0000000e+00	
   7.1120000e+02	   0.0000000e+00	
   7.1140000e+02	   0.0000000e+00	
   7.1160000e+02	   0.0000000e+00	
   7.1180000e+02	   0.0000000e+00	
   7.1200000e+02	   0.0000000e+00	
   7.1220000e+02	   0.0000000e+00	
   7.1240000e+02	   0.0000000e+00	
   7.1260000e+02	   0.0000000e+00	
   7.1280000e+02	   0.0000000e+00	
   7.1300000e+02	   0.0000000e+00	
   7.1320000e+02	   0.0000000e+00	
   7.1340000e+02	   0.0000000e+00	
   7.1360000e+02	   0.0000000e+00	
   7.1380000e+02	   0.0000000e+00	
   7.1400000e+02	   0.0000000e+00	
   7.1420000e+02	   0.0000000e+00	
   7.1440000e+02	   0.0000000e+00	
   7.1460000e+02	   0.0000000e+00	
   7.1480000e+02	   0.0000000e+00	
   7.1500000e+02	   0.0000000e+00	
   7.1520000e+02	   0.0000000e+00	
   7.1540000e+02	   0.0000000e+00	
   7.1560000e+02	   0.0000000e+00	
   7.1580000e+02	   0.0000000e+00	
   7.1600000e+02	   0.0000000e+00	
   7.1620000e+02	   0.0000000e+00	
   7.1640000e+02	   0.0000000e+00	
   7.1660000e+02	   0.0000000e+00	
   7.1680000e+02	   0.0000000e+00	
   7.1700000e+02	   0.0000000e+00	
   7.1720000e+02	   0.0000000e+00	
   7.1740000e+02	   0.0000000e+00	
   7.1760000e+02	   0.0000000e+00	
   7.1780000e+02	   0.0000000e+00	
   7.1800000e+02	   0.0000000e+00	
   7.1820000e+02	   0.0000000e+00	
   7.1840000e+02	   0.0000000e+00	
   7.1860000e+02	   0.0000000e+00	
   7.1880000e+02	   0.0000000e+00	
   7.1900000e+02	   0.0000000e+00	
   7.1920000e+02	   0.0000000e+00	
   7.1940000e+02	   0.0000000e+00	
   7.1960000e+02	   0.0000000e+00	
   7.1980000e+02	   0.0000000e+00	
   7.2000000e+02	   0.0000000e+00	
   7.2020000e+02	   0.0000000e+00	
   7.2040000e+02	   0.0000000e+00	
   7.2060000e+02	   0.0000000e+00	
   7.2080000e+02	   0.0000000e+00	
   7.2100000e+02	   0.0000000e+00	
   7.2120000e+02	   0.0000000e+00	
   7.2140000e+02	   0.0000000e+00	
   7.2160000e+02	   0.0000000e+00	
   7.2180000e+02	   0.0000000e+00	
   7.2200000e+02	   0.0000000e+00	
   7.2220000e+02	   0.0000000e+00	
   7.2240000e+02	   0.0000000e+00	
   7.2260000e+02	   0.0000000e+00	
   7.2280000e+02	   0.0000000e+00	
   7.2300000e+02	   0.0000000e+00	
   7.2320000e+02	   0.0000000e+00	
   7.2340000e+02	   0.0000000e+00	
   7.2360000e+02	   0.0000000e+00	
   7.2380000e+02	   0.0000000e+00	
   7.2400000e+02	   0.0000000e+00	
   7.2420000e+02	   0.0000000e+00	
   7.2440000e+02	   0.0000000e+00	
   7.2460000e+02	   0.0000000e+00	
   7.2480000e+02	   0.0000000e+00	
   7.2500000e+02	   0.0000000e+00	
   7.2520000e+02	   0.0000000e+00	
   7.2540000e+02	   0.0000000e+00	
   7.2560000e+02	   0.0000000e+00	
   7.2580000e+02	   0.0000000e+00	
   7.2600000e+02	   0.0000000e+00	
   7.2620000e+02	   0.0000000e+00	
   7.2640000e+02	   0.0000000e+00	
   7.2660000e+02	   0.0000000e+00	
   7.2680000e+02	   0.0000000e+00	
   7.2700000e+02	   0.0000000e+00	
   7.2720000e+02	   0.0000000e+00	
   7.2740000e+02	   0.0000000e+00	
   7.2760000e+02	   0.0000000e+00	
   7.2780000e+02	   0.0000000e+00	
   7.2800000e+02	   0.0000000e+00	
   7.2820000e+02	   0.0000000e+00	
   7.2840000e+02	   0.0000000e+00	
   7.2860000e+02	   0.0000000e+00	
   7.2880000e+02	   0.0000000e+00	
   7.2900000e+02	   0.0000000e+00	
   7.2920000e+02	   0.0000000e+00	
   7.2940000e+02	   0.0000000e+00	
   7.2960000e+02	   0.0000000e+00	
   7.2980000e+02	   0.0000000e+00	
   7.3000000e+02	   0.0000000e+00	
   7.3020000e+02	   0.0000000e+00	
   7.3040000e+02	   0.0000000e+00	
   7.3060000e+02	   0.0000000e+00	
   7.3080000e+02	   0.0000000e+00	
   7.3100000e+02	   0.0000000e+00	
   7.3120000e+02	   0.0000000e+00	
   7.3140000e+02	   0.0000000e+00	
   7.3160000e+02	   0.0000000e+00	
   7.3180000e+02	   0.0000000e+00	
   7.3200000e+02	   0.0000000e+00	
   7.3220000e+02	   0.0000000e+00	
   7.3240000e+02	   0.0000000e+00	
   7.3260000e+02	   0.0000000e+00	
   7.3280000e+02	   0.0000000e+00	
   7.3300000e+02	   0.0000000e+00	
   7.3320000e+02	   0.0000000e+00	
   7.3340000e+02	   0.0000000e+00	
   7.3360000e+02	   0.0000000e+00	
   7.3380000e+02	   0.0000000e+00	
   7.3400000e+02	   0.0000000e+00	
   7.3420000e+02	   0.0000000e+00	
   7.3440000e+02	   0.0000000e+00	
   7.3460000e+02	   0.0000000e+00	
   7.3480000e+02	   0.0000000e+00	
   7.3500000e+02	   0.0000000e+00	
   7.3520000e+02	   0.0000000e+00	
   7.3540000e+02	   0.0000000e+00	
   7.3560000e+02	   0.0000000e+00	
   7.3580000e+02	   0.0000000e+00	
   7.3600000e+02	   0.0000000e+00	
   7.3620000e+02	   0.0000000e+00	
   7.3640000e+02	   0.0000000e+00	
   7.3660000e+02	   0.0000000e+00	
   7.3680000e+02	   0.0000000e+00	
   7.3700000e+02	   0.0000000e+00	
   7.3720000e+02	   0.0000000e+00	
   7.3740000e+02	   0.0000000e+00	
   7.3760000e+02	   0.0000000e+00	
   7.3780000e+02	   0.0000000e+00	
   7.3800000e+02	   0.0000000e+00	
   7.3820000e+02	   0.0000000e+00	
   7.3840000e+02	   0.0000000e+00	
   7.3860000e+02	   0.0000000e+00	
   7.3880000e+02	   0.0000000e+00	
   7.3900000e+02	   0.0000000e+00	
   7.3920000e+02	   0.0000000e+00	
   7.3940000e+02	   0.0000000e+00	
   7.3960000e+02	   0.0000000e+00	
   7.3980000e+02	   0.0000000e+00	
   7.4000000e+02	   0.0000000e+00	
   7.4020000e+02	   0.0000000e+00	
   7.4040000e+02	   0.0000000e+00	
   7.4060000e+02	   0.0000000e+00	
   7.4080000e+02	   0.0000000e+00	
   7.4100000e+02	   0.0000000e+00	
   7.4120000e+02	   0.0000000e+00	
   7.4140000e+02	   0.0000000e+00	
   7.4160000e+02	   0.0000000e+00	
   7.4180000e+02	   0.0000000e+00	
   7.4200000e+02	   0.0000000e+00	
   7.4220000e+02	   0.0000000e+00	
   7.4240000e+02	   0.0000000e+00	
   7.4260000e+02	   0.0000000e+00	
   7.4280000e+02	   0.0000000e+00	
   7.4300000e+02	   0.0000000e+00	
   7.4320000e+02	   0.0000000e+00	
   7.4340000e+02	   0.0000000e+00	
   7.4360000e+02	   0.0000000e+00	
   7.4380000e+02	   0.0000000e+00	
   7.4400000e+02	   0.0000000e+00	
   7.4420000e+02	   0.0000000e+00	
   7.4440000e+02	   0.0000000e+00	
   7.4460000e+02	   0.0000000e+00	
   7.4480000e+02	   0.0000000e+00	
   7.4500000e+02	   0.0000000e+00	
   7.4520000e+02	   0.0000000e+00	
   7.4540000e+02	   0.0000000e+00	
   7.4560000e+02	   0.0000000e+00	
   7.4580000e+02	   0.0000000e+00	
   7.4600000e+02	   0.0000000e+00	
   7.4620000e+02	   0.0000000e+00	
   7.4640000e+02	   0.0000000e+00	
   7.4660000e+02	   0.0000000e+00	
   7.4680000e+02	   0.0000000e+00	
   7.4700000e+02	   0.0000000e+00	
   7.4720000e+02	   0.0000000e+00	
   7.4740000e+02	   0.0000000e+00	
   7.4760000e+02	   0.0000000e+00	
   7.4780000e+02	   0.0000000e+00	
   7.4800000e+02	   0.0000000e+00	
   7.4820000e+02	   0.0000000e+00	
   7.4840000e+02	   0.0000000e+00	
   7.4860000e+02	   0.0000000e+00	
   7.4880000e+02	   0.0000000e+00	
   7.4900000e+02	   0.0000000e+00	
   7.4920000e+02	   0.0000000e+00	
   7.4940000e+02	   0.0000000e+00	
   7.4960000e+02	   0.0000000e+00	
   7.4980000e+02	   0.0000000e+00	
   7.5000000e+02	   0.0000000e+00	
   7.5020000e+02	   0.0000000e+00	
   7.5040000e+02	   0.0000000e+00	
   7.5060000e+02	   0.0000000e+00	
   7.5080000e+02	   0.0000000e+00	
   7.5100000e+02	   0.0000000e+00	
   7.5120000e+02	   0.0000000e+00	
   7.5140000e+02	   0.0000000e+00	
   7.5160000e+02	   0.0000000e+00	
   7.5180000e+02	   0.0000000e+00	
   7.5200000e+02	   0.0000000e+00	
   7.5220000e+02	   0.0000000e+00	
   7.5240000e+02	   0.0000000e+00	
   7.5260000e+02	   0.0000000e+00	
   7.5280000e+02	   0.0000000e+00	
   7.5300000e+02	   0.0000000e+00	
   7.5320000e+02	   0.0000000e+00	
   7.5340000e+02	   0.0000000e+00	
   7.5360000e+02	   0.0000000e+00	
   7.5380000e+02	   0.0000000e+00	
   7.5400000e+02	   0.0000000e+00	
   7.5420000e+02	   0.0000000e+00	
   7.5440000e+02	   0.0000000e+00	
   7.5460000e+02	   0.0000000e+00	
   7.5480000e+02	   0.0000000e+00	
   7.5500000e+02	   0.0000000e+00	
   7.5520000e+02	   0.0000000e+00	
   7.5540000e+02	   0.0000000e+00	
   7.5560000e+02	   0.0000000e+00	
   7.5580000e+02	   0.0000000e+00	
   7.5600000e+02	   0.0000000e+00	
   7.5620000e+02	   0.0000000e+00	
   7.5640000e+02	   0.0000000e+00	
   7.5660000e+02	   0.0000000e+00	
   7.5680000e+02	   0.0000000e+00	
   7.5700000e+02	   0.0000000e+00	
   7.5720000e+02	   0.0000000e+00	
   7.5740000e+02	   0.0000000e+00	
   7.5760000e+02	   0.0000000e+00	
   7.5780000e+02	   0.0000000e+00	
   7.5800000e+02	   0.0000000e+00	
   7.5820000e+02	   0.0000000e+00	
   7.5840000e+02	   0.0000000e+00	
   7.5860000e+02	   0.0000000e+00	
   7.5880000e+02	   0.0000000e+00	
   7.5900000e+02	   0.0000000e+00	
   7.5920000e+02	   0.0000000e+00	
   7.5940000e+02	   0.0000000e+00	
   7.5960000e+02	   0.0000000e+00	
   7.5980000e+02	   0.0000000e+00	
   7.6000000e+02	   0.0000000e+00	
   7.6020000e+02	   0.0000000e+00	
   7.6040000e+02	   0.0000000e+00	
   7.6060000e+02	   0.0000000e+00	
   7.6080000e+02	   0.0000000e+00	
   7.6100000e+02	   0.0000000e+00	
   7.6120000e+02	   0.0000000e+00	
   7.6140000e+02	   0.0000000e+00	
   7.6160000e+02	   0.0000000e+00	
   7.6180000e+02	   0.0000000e+00	
   7.6200000e+02	   0.0000000e+00	
   7.6220000e+02	   0.0000000e+00	
   7.6240000e+02	   0.0000000e+00	
   7.6260000e+02	   0.0000000e+00	
   7.6280000e+02	   0.0000000e+00	
   7.6300000e+02	   0.0000000e+00	
   7.6320000e+02	   0.0000000e+00	
   7.6340000e+02	   0.0000000e+00	
   7.6360000e+02	   0.0000000e+00	
   7.6380000e+02	   0.0000000e+00	
   7.6400000e+02	   0.0000000e+00	
   7.6420000e+02	   0.0000000e+00	
   7.6440000e+02	   0.0000000e+00	
   7.6460000e+02	   0.0000000e+00	
   7.6480000e+02	   0.0000000e+00	
   7.6500000e+02	   0.0000000e+00	
   7.6520000e+02	   0.0000000e+00	
   7.6540000e+02	   0.0000000e+00	
   7.6560000e+02	   0.0000000e+00	
   7.6580000e+02	   0.0000000e+00	
   7.6600000e+02	   0.0000000e+00	
   7.6620000e+02	   0.0000000e+00	
   7.6640000e+02	   0.0000000e+00	
   7.6660000e+02	   0.0000000e+00	
   7.6680000e+02	   0.0000000e+00	
   7.6700000e+02	   0.0000000e+00	
   7.6720000e+02	   0.0000000e+00	
   7.6740000e+02	   0.0000000e+00	
   7.6760000e+02	   0.0000000e+00	
   7.6780000e+02	   0.0000000e+00	
   7.6800000e+02	   0.0000000e+00	
   7.6820000e+02	   0.0000000e+00	
   7.6840000e+02	   0.0000000e+00	
   7.6860000e+02	   0.0000000e+00	
   7.6880000e+02	   0.0000000e+00	
   7.6900000e+02	   0.0000000e+00	
   7.6920000e+02	   0.0000000e+00	
   7.6940000e+02	   0.0000000e+00	
   7.6960000e+02	   0.0000000e+00	
   7.6980000e+02	   0.0000000e+00	
   7.7000000e+02	   0.0000000e+00	
   7.7020000e+02	   0.0000000e+00	
   7.7040000e+02	   0.0000000e+00	
   7.7060000e+02	   0.0000000e+00	
   7.7080000e+02	   0.0000000e+00	
   7.7100000e+02	   0.0000000e+00	
   7.7120000e+02	   0.0000000e+00	
   7.7140000e+02	   0.0000000e+00	
   7.7160000e+02	   0.0000000e+00	
   7.7180000e+02	   0.0000000e+00	
   7.7200000e+02	   0.0000000e+00	
   7.7220000e+02	   0.0000000e+00	
   7.7240000e+02	   0.0000000e+00	
   7.7260000e+02	   0.0000000e+00	
   7.7280000e+02	   0.0000000e+00	
   7.7300000e+02	   0.0000000e+00	
   7.7320000e+02	   0.0000000e+00	
   7.7340000e+02	   0.0000000e+00	
   7.7360000e+02	   0.0000000e+00	
   7.7380000e+02	   0.0000000e+00	
   7.7400000e+02	   0.0000000e+00	
   7.7420000e+02	   0.0000000e+00	
   7.7440000e+02	   0.0000000e+00	
   7.7460000e+02	   0.0000000e+00	
   7.7480000e+02	   0.0000000e+00	
   7.7500000e+02	   0.0000000e+00	
   7.7520000e+02	   0.0000000e+00	
   7.7540000e+02	   0.0000000e+00	
   7.7560000e+02	   0.0000000e+00	
   7.7580000e+02	   0.0000000e+00	
   7.7600000e+02	   0.0000000e+00	
   7.7620000e+02	   0.0000000e+00	
   7.7640000e+02	   0.0000000e+00	
   7.7660000e+02	   0.0000000e+00	
   7.7680000e+02	   0.0000000e+00	
   7.7700000e+02	   0.0000000e+00	
   7.7720000e+02	   0.0000000e+00	
   7.7740000e+02	   0.0000000e+00	
   7.7760000e+02	   0.0000000e+00	
   7.7780000e+02	   0.0000000e+00	
   7.7800000e+02	   0.0000000e+00	
   7.7820000e+02	   0.0000000e+00	
   7.7840000e+02	   0.0000000e+00	
   7.7860000e+02	   0.0000000e+00	
   7.7880000e+02	   0.0000000e+00	
   7.7900000e+02	   0.0000000e+00	
   7.7920000e+02	   0.0000000e+00	
   7.7940000e+02	   0.0000000e+00	
   7.7960000e+02	   0.0000000e+00	
   7.7980000e+02	   0.0000000e+00	
   7.8000000e+02	   0.0000000e+00	
   7.8020000e+02	   0.0000000e+00	
   7.8040000e+02	   0.0000000e+00	
   7.8060000e+02	   0.0000000e+00	
   7.8080000e+02	   0.0000000e+00	
   7.8100000e+02	   0.0000000e+00	
   7.8120000e+02	   0.0000000e+00	
   7.8140000e+02	   0.0000000e+00	
   7.8160000e+02	   0.0000000e+00	
   7.8180000e+02	   0.0000000e+00	
   7.8200000e+02	   0.0000000e+00	
   7.8220000e+02	   0.0000000e+00	
   7.8240000e+02	   0.0000000e+00	
   7.8260000e+02	   0.0000000e+00	
   7.8280000e+02	   0.0000000e+00	
   7.8300000e+02	   0.0000000e+00	
   7.8320000e+02	   0.0000000e+00	
   7.8340000e+02	   0.0000000e+00	
   7.8360000e+02	   0.0000000e+00	
   7.8380000e+02	   0.0000000e+00	
   7.8400000e+02	   0.0000000e+00	
   7.8420000e+02	   0.0000000e+00	
   7.8440000e+02	   0.0000000e+00	
   7.8460000e+02	   0.0000000e+00	
   7.8480000e+02	   0.0000000e+00	
   7.8500000e+02	   0.0000000e+00	
   7.8520000e+02	   0.0000000e+00	
   7.8540000e+02	   0.0000000e+00	
   7.8560000e+02	   0.0000000e+00	
   7.8580000e+02	   0.0000000e+00	
   7.8600000e+02	   0.0000000e+00	
   7.8620000e+02	   0.0000000e+00	
   7.8640000e+02	   0.0000000e+00	
   7.8660000e+02	   0.0000000e+00	
   7.8680000e+02	   0.0000000e+00	
   7.8700000e+02	   0.0000000e+00	
   7.8720000e+02	   0.0000000e+00	
   7.8740000e+02	   0.0000000e+00	
   7.8760000e+02	   0.0000000e+00	
   7.8780000e+02	   0.0000000e+00	
   7.8800000e+02	   0.0000000e+00	
   7.8820000e+02	   0.0000000e+00	
   7.8840000e+02	   0.0000000e+00	
   7.8860000e+02	   0.0000000e+00	
   7.8880000e+02	   0.0000000e+00	
   7.8900000e+02	   0.0000000e+00	
   7.8920000e+02	   0.0000000e+00	
   7.8940000e+02	   0.0000000e+00	
   7.8960000e+02	   0.0000000e+00	
   7.8980000e+02	   0.0000000e+00	
   7.9000000e+02	   0.0000000e+00	
   7.9020000e+02	   0.0000000e+00	
   7.9040000e+02	   0.0000000e+00	
   7.9060000e+02	   0.0000000e+00	
   7.9080000e+02	   0.0000000e+00	
   7.9100000e+02	   0.0000000e+00	
   7.9120000e+02	   0.0000000e+00	
   7.9140000e+02	   0.0000000e+00	
   7.9160000e+02	   0.0000000e+00	
   7.9180000e+02	   0.0000000e+00	
   7.9200000e+02	   0.0000000e+00	
   7.9220000e+02	   0.0000000e+00	
   7.9240000e+02	   0.0000000e+00	
   7.9260000e+02	   0.0000000e+00	
   7.9280000e+02	   0.0000000e+00	
   7.9300000e+02	   0.0000000e+00	
   7.9320000e+02	   0.0000000e+00	
   7.9340000e+02	   0.0000000e+00	
   7.9360000e+02	   0.0000000e+00	
   7.9380000e+02	   0.0000000e+00	
   7.9400000e+02	   0.0000000e+00	
   7.9420000e+02	   0.0000000e+00	
   7.9440000e+02	   0.0000000e+00	
   7.9460000e+02	   0.0000000e+00	
   7.9480000e+02	   0.0000000e+00	
   7.9500000e+02	   0.0000000e+00	
   7.9520000e+02	   0.0000000e+00	
   7.9540000e+02	   0.0000000e+00	
   7.9560000e+02	   0.0000000e+00	
   7.9580000e+02	   0.0000000e+00	
   7.9600000e+02	   0.0000000e+00	
   7.9620000e+02	   0.0000000e+00	
   7.9640000e+02	   0.0000000e+00	
   7.9660000e+02	   0.0000000e+00	
   7.9680000e+02	   0.0000000e+00	
   7.9700000e+02	   0.0000000e+00	
   7.9720000e+02	   0.0000000e+00	
   7.9740000e+02	   0.0000000e+00	
   7.9760000e+02	   0.0000000e+00	
   7.9780000e+02	   0.0000000e+00	
   7.9800000e+02	   0.0000000e+00	
   7.9820000e+02	   0.0000000e+00	
   7.9840000e+02	   0.0000000e+00	
   7.9860000e+02	   0.0000000e+00	
   7.9880000e+02	   0.0000000e+00	
   7.9900000e+02	   0.0000000e+00	
   7.9920000e+02	   0.0000000e+00	
   7.9940000e+02	   0.0000000e+00	
   7.9960000e+02	   0.0000000e+00	
   7.9980000e+02	   0.0000000e+00	
   8.0000000e+02	   0.0000000e+00	
   8.0020000e+02	   0.0000000e+00	
   8.0040000e+02	   0.0000000e+00	
   8.0060000e+02	   0.0000000e+00	
   8.0080000e+02	   0.0000000e+00	
   8.0100000e+02	   0.0000000e+00	
   8.0120000e+02	   0.0000000e+00	
   8.0140000e+02	   0.0000000e+00	
   8.0160000e+02	   0.0000000e+00	
   8.0180000e+02	   0.0000000e+00	
   8.0200000e+02	   0.0000000e+00	
   8.0220000e+02	   0.0000000e+00	
   8.0240000e+02	   0.0000000e+00	
   8.0260000e+02	   0.0000000e+00	
   8.0280000e+02	   0.0000000e+00	
   8.0300000e+02	   0.0000000e+00	
   8.0320000e+02	   0.0000000e+00	
   8.0340000e+02	   0.0000000e+00	
   8.0360000e+02	   0.0000000e+00	
   8.0380000e+02	   0.0000000e+00	
   8.0400000e+02	   0.0000000e+00	
   8.0420000e+02	   0.0000000e+00	
   8.0440000e+02	   0.0000000e+00	
   8.0460000e+02	   0.0000000e+00	
   8.0480000e+02	   0.0000000e+00	
   8.0500000e+02	   0.0000000e+00	
   8.0520000e+02	   0.0000000e+00	
   8.0540000e+02	   0.0000000e+00	
   8.0560000e+02	   0.0000000e+00	
   8.0580000e+02	   0.0000000e+00	
   8.0600000e+02	   0.0000000e+00	
   8.0620000e+02	   0.0000000e+00	
   8.0640000e+02	   0.0000000e+00	
   8.0660000e+02	   0.0000000e+00	
   8.0680000e+02	   0.0000000e+00	
   8.0700000e+02	   0.0000000e+00	
   8.0720000e+02	   0.0000000e+00	
   8.0740000e+02	   0.0000000e+00	
   8.0760000e+02	   0.0000000e+00	
   8.0780000e+02	   0.0000000e+00	
   8.0800000e+02	   0.0000000e+00	
   8.0820000e+02	   0.0000000e+00	
   8.0840000e+02	   0.0000000e+00	
   8.0860000e+02	   0.0000000e+00	
   8.0880000e+02	   0.0000000e+00	
   8.0900000e+02	   0.0000000e+00	
   8.0920000e+02	   0.0000000e+00	
   8.0940000e+02	   0.0000000e+00	
   8.0960000e+02	   0.0000000e+00	
   8.0980000e+02	   0.0000000e+00	
   8.1000000e+02	   0.0000000e+00	
   8.1020000e+02	   0.0000000e+00	
   8.1040000e+02	   0.0000000e+00	
   8.1060000e+02	   0.0000000e+00	
   8.1080000e+02	   0.0000000e+00	
   8.1100000e+02	   0.0000000e+00	
   8.1120000e+02	   0.0000000e+00	
   8.1140000e+02	   0.0000000e+00	
   8.1160000e+02	   0.0000000e+00	
   8.1180000e+02	   0.0000000e+00	
   8.1200000e+02	   0.0000000e+00	
   8.1220000e+02	   0.0000000e+00	
   8.1240000e+02	   0.0000000e+00	
   8.1260000e+02	   0.0000000e+00	
   8.1280000e+02	   0.0000000e+00	
   8.1300000e+02	   0.0000000e+00	
   8.1320000e+02	   0.0000000e+00	
   8.1340000e+02	   0.0000000e+00	
   8.1360000e+02	   0.0000000e+00	
   8.1380000e+02	   0.0000000e+00	
   8.1400000e+02	   0.0000000e+00	
   8.1420000e+02	   0.0000000e+00	
   8.1440000e+02	   0.0000000e+00	
   8.1460000e+02	   0.0000000e+00	
   8.1480000e+02	   0.0000000e+00	
   8.1500000e+02	   0.0000000e+00	
   8.1520000e+02	   0.0000000e+00	
   8.1540000e+02	   0.0000000e+00	
   8.1560000e+02	   0.0000000e+00	
   8.1580000e+02	   0.0000000e+00	
   8.1600000e+02	   0.0000000e+00	
   8.1620000e+02	   0.0000000e+00	
   8.1640000e+02	   0.0000000e+00	
   8.1660000e+02	   0.0000000e+00	
   8.1680000e+02	   0.0000000e+00	
   8.1700000e+02	   0.0000000e+00	
   8.1720000e+02	   0.0000000e+00	
   8.1740000e+02	   0.0000000e+00	
   8.1760000e+02	   0.0000000e+00	
   8.1780000e+02	   0.0000000e+00	
   8.1800000e+02	   0.0000000e+00	
   8.1820000e+02	   0.0000000e+00	
   8.1840000e+02	   0.0000000e+00	
   8.1860000e+02	   0.0000000e+00	
   8.1880000e+02	   0.0000000e+00	
   8.1900000e+02	   0.0000000e+00	
   8.1920000e+02	   0.0000000e+00	
   8.1940000e+02	   0.0000000e+00	
   8.1960000e+02	   0.0000000e+00	
   8.1980000e+02	   0.0000000e+00	
   8.2000000e+02	   0.0000000e+00	
   8.2020000e+02	   0.0000000e+00	
   8.2040000e+02	   0.0000000e+00	
   8.2060000e+02	   0.0000000e+00	
   8.2080000e+02	   0.0000000e+00	
   8.2100000e+02	   0.0000000e+00	
   8.2120000e+02	   0.0000000e+00	
   8.2140000e+02	   0.0000000e+00	
   8.2160000e+02	   0.0000000e+00	
   8.2180000e+02	   0.0000000e+00	
   8.2200000e+02	   0.0000000e+00	
   8.2220000e+02	   0.0000000e+00	
   8.2240000e+02	   0.0000000e+00	
   8.2260000e+02	   0.0000000e+00	
   8.2280000e+02	   0.0000000e+00	
   8.2300000e+02	   0.0000000e+00	
   8.2320000e+02	   0.0000000e+00	
   8.2340000e+02	   0.0000000e+00	
   8.2360000e+02	   0.0000000e+00	
   8.2380000e+02	   0.0000000e+00	
   8.2400000e+02	   0.0000000e+00	
   8.2420000e+02	   0.0000000e+00	
   8.2440000e+02	   0.0000000e+00	
   8.2460000e+02	   0.0000000e+00	
   8.2480000e+02	   0.0000000e+00	
   8.2500000e+02	   0.0000000e+00	
   8.2520000e+02	   0.0000000e+00	
   8.2540000e+02	   0.0000000e+00	
   8.2560000e+02	   0.0000000e+00	
   8.2580000e+02	   0.0000000e+00	
   8.2600000e+02	   0.0000000e+00	
   8.2620000e+02	   0.0000000e+00	
   8.2640000e+02	   0.0000000e+00	
   8.2660000e+02	   0.0000000e+00	
   8.2680000e+02	   0.0000000e+00	
   8.2700000e+02	   0.0000000e+00	
   8.2720000e+02	   0.0000000e+00	
   8.2740000e+02	   0.0000000e+00	
   8.2760000e+02	   0.0000000e+00	
   8.2780000e+02	   0.0000000e+00	
   8.2800000e+02	   0.0000000e+00	
   8.2820000e+02	   0.0000000e+00	
   8.2840000e+02	   0.0000000e+00	
   8.2860000e+02	   0.0000000e+00	
   8.2880000e+02	   0.0000000e+00	
   8.2900000e+02	   0.0000000e+00	
   8.2920000e+02	   0.0000000e+00	
   8.2940000e+02	   0.0000000e+00	
   8.2960000e+02	   0.0000000e+00	
   8.2980000e+02	   0.0000000e+00	
   8.3000000e+02	   0.0000000e+00	
   8.3020000e+02	   0.0000000e+00	
   8.3040000e+02	   0.0000000e+00	
   8.3060000e+02	   0.0000000e+00	
   8.3080000e+02	   0.0000000e+00	
   8.3100000e+02	   0.0000000e+00	
   8.3120000e+02	   0.0000000e+00	
   8.3140000e+02	   0.0000000e+00	
   8.3160000e+02	   0.0000000e+00	
   8.3180000e+02	   0.0000000e+00	
   8.3200000e+02	   0.0000000e+00	
   8.3220000e+02	   0.0000000e+00	
   8.3240000e+02	   0.0000000e+00	
   8.3260000e+02	   0.0000000e+00	
   8.3280000e+02	   0.0000000e+00	
   8.3300000e+02	   0.0000000e+00	
   8.3320000e+02	   0.0000000e+00	
   8.3340000e+02	   0.0000000e+00	
   8.3360000e+02	   0.0000000e+00	
   8.3380000e+02	   0.0000000e+00	
   8.3400000e+02	   0.0000000e+00	
   8.3420000e+02	   0.0000000e+00	
   8.3440000e+02	   0.0000000e+00	
   8.3460000e+02	   0.0000000e+00	
   8.3480000e+02	   0.0000000e+00	
   8.3500000e+02	   0.0000000e+00	
   8.3520000e+02	   0.0000000e+00	
   8.3540000e+02	   0.0000000e+00	
   8.3560000e+02	   0.0000000e+00	
   8.3580000e+02	   0.0000000e+00	
   8.3600000e+02	   0.0000000e+00	
   8.3620000e+02	   0.0000000e+00	
   8.3640000e+02	   0.0000000e+00	
   8.3660000e+02	   0.0000000e+00	
   8.3680000e+02	   0.0000000e+00	
   8.3700000e+02	   0.0000000e+00	
   8.3720000e+02	   0.0000000e+00	
   8.3740000e+02	   0.0000000e+00	
   8.3760000e+02	   0.0000000e+00	
   8.3780000e+02	   0.0000000e+00	
   8.3800000e+02	   0.0000000e+00	
   8.3820000e+02	   0.0000000e+00	
   8.3840000e+02	   0.0000000e+00	
   8.3860000e+02	   0.0000000e+00	
   8.3880000e+02	   0.0000000e+00	
   8.3900000e+02	   0.0000000e+00	
   8.3920000e+02	   0.0000000e+00	
   8.3940000e+02	   0.0000000e+00	
   8.3960000e+02	   0.0000000e+00	
   8.3980000e+02	   0.0000000e+00	
   8.4000000e+02	   0.0000000e+00	
   8.4020000e+02	   0.0000000e+00	
   8.4040000e+02	   0.0000000e+00	
   8.4060000e+02	   0.0000000e+00	
   8.4080000e+02	   0.0000000e+00	
   8.4100000e+02	   0.0000000e+00	
   8.4120000e+02	   0.0000000e+00	
   8.4140000e+02	   0.0000000e+00	
   8.4160000e+02	   0.0000000e+00	
   8.4180000e+02	   0.0000000e+00	
   8.4200000e+02	   0.0000000e+00	
   8.4220000e+02	   0.0000000e+00	
   8.4240000e+02	   0.0000000e+00	
   8.4260000e+02	   0.0000000e+00	
   8.4280000e+02	   0.0000000e+00	
   8.4300000e+02	   0.0000000e+00	
   8.4320000e+02	   0.0000000e+00	
   8.4340000e+02	   0.0000000e+00	
   8.4360000e+02	   0.0000000e+00	
   8.4380000e+02	   0.0000000e+00	
   8.4400000e+02	   0.0000000e+00	
   8.4420000e+02	   0.0000000e+00	
   8.4440000e+02	   0.0000000e+00	
   8.4460000e+02	   0.0000000e+00	
   8.4480000e+02	   0.0000000e+00	
   8.4500000e+02	   0.0000000e+00	
   8.4520000e+02	   0.0000000e+00	
   8.4540000e+02	   0.0000000e+00	
   8.4560000e+02	   0.0000000e+00	
   8.4580000e+02	   0.0000000e+00	
   8.4600000e+02	   0.0000000e+00	
   8.4620000e+02	   0.0000000e+00	
   8.4640000e+02	   0.0000000e+00	
   8.4660000e+02	   0.0000000e+00	
   8.4680000e+02	   0.0000000e+00	
   8.4700000e+02	   0.0000000e+00	
   8.4720000e+02	   0.0000000e+00	
   8.4740000e+02	   0.0000000e+00	
   8.4760000e+02	   0.0000000e+00	
   8.4780000e+02	   0.0000000e+00	
   8.4800000e+02	   0.0000000e+00	
   8.4820000e+02	   0.0000000e+00	
   8.4840000e+02	   0.0000000e+00	
   8.4860000e+02	   0.0000000e+00	
   8.4880000e+02	   0.0000000e+00	
   8.4900000e+02	   0.0000000e+00	
   8.4920000e+02	   0.0000000e+00	
   8.4940000e+02	   0.0000000e+00	
   8.4960000e+02	   0.0000000e+00	
   8.4980000e+02	   0.0000000e+00	
   8.5000000e+02	   0.0000000e+00	
   8.5020000e+02	   0.0000000e+00	
   8.5040000e+02	   0.0000000e+00	
   8.5060000e+02	   0.0000000e+00	
   8.5080000e+02	   0.0000000e+00	
   8.5100000e+02	   0.0000000e+00	
   8.5120000e+02	   0.0000000e+00	
   8.5140000e+02	   0.0000000e+00	
   8.5160000e+02	   0.0000000e+00	
   8.5180000e+02	   0.0000000e+00	
   8.5200000e+02	   0.0000000e+00	
   8.5220000e+02	   0.0000000e+00	
   8.5240000e+02	   0.0000000e+00	
   8.5260000e+02	   0.0000000e+00	
   8.5280000e+02	   0.0000000e+00	
   8.5300000e+02	   0.0000000e+00	
   8.5320000e+02	   0.0000000e+00	
   8.5340000e+02	   0.0000000e+00	
   8.5360000e+02	   0.0000000e+00	
   8.5380000e+02	   0.0000000e+00	
   8.5400000e+02	   0.0000000e+00	
   8.5420000e+02	   0.0000000e+00	
   8.5440000e+02	   0.0000000e+00	
   8.5460000e+02	   0.0000000e+00	
   8.5480000e+02	   0.0000000e+00	
   8.5500000e+02	   0.0000000e+00	
   8.5520000e+02	   0.0000000e+00	
   8.5540000e+02	   0.0000000e+00	
   8.5560000e+02	   0.0000000e+00	
   8.5580000e+02	   0.0000000e+00	
   8.5600000e+02	   0.0000000e+00	
   8.5620000e+02	   0.0000000e+00	
   8.5640000e+02	   0.0000000e+00	
   8.5660000e+02	   0.0000000e+00	
   8.5680000e+02	   0.0000000e+00	
   8.5700000e+02	   0.0000000e+00	
   8.5720000e+02	   0.0000000e+00	
   8.5740000e+02	   0.0000000e+00	
   8.5760000e+02	   0.0000000e+00	
   8.5780000e+02	   0.0000000e+00	
   8.5800000e+02	   0.0000000e+00	
   8.5820000e+02	   0.0000000e+00	
   8.5840000e+02	   0.0000000e+00	
   8.5860000e+02	   0.0000000e+00	
   8.5880000e+02	   0.0000000e+00	
   8.5900000e+02	   0.0000000e+00	
   8.5920000e+02	   0.0000000e+00	
   8.5940000e+02	   0.0000000e+00	
   8.5960000e+02	   0.0000000e+00	
   8.5980000e+02	   0.0000000e+00	
   8.6000000e+02	   0.0000000e+00	
   8.6020000e+02	   0.0000000e+00	
   8.6040000e+02	   0.0000000e+00	
   8.6060000e+02	   0.0000000e+00	
   8.6080000e+02	   0.0000000e+00	
   8.6100000e+02	   0.0000000e+00	
   8.6120000e+02	   0.0000000e+00	
   8.6140000e+02	   0.0000000e+00	
   8.6160000e+02	   0.0000000e+00	
   8.6180000e+02	   0.0000000e+00	
   8.6200000e+02	   0.0000000e+00	
   8.6220000e+02	   0.0000000e+00	
   8.6240000e+02	   0.0000000e+00	
   8.6260000e+02	   0.0000000e+00	
   8.6280000e+02	   0.0000000e+00	
   8.6300000e+02	   0.0000000e+00	
   8.6320000e+02	   0.0000000e+00	
   8.6340000e+02	   0.0000000e+00	
   8.6360000e+02	   0.0000000e+00	
   8.6380000e+02	   0.0000000e+00	
   8.6400000e+02	   0.0000000e+00	
   8.6420000e+02	   0.0000000e+00	
   8.6440000e+02	   0.0000000e+00	
   8.6460000e+02	   0.0000000e+00	
   8.6480000e+02	   0.0000000e+00	
   8.6500000e+02	   0.0000000e+00	
   8.6520000e+02	   0.0000000e+00	
   8.6540000e+02	   0.0000000e+00	
   8.6560000e+02	   0.0000000e+00	
   8.6580000e+02	   0.0000000e+00	
   8.6600000e+02	   0.0000000e+00	
   8.6620000e+02	   0.0000000e+00	
   8.6640000e+02	   0.0000000e+00	
   8.6660000e+02	   0.0000000e+00	
   8.6680000e+02	   0.0000000e+00	
   8.6700000e+02	   0.0000000e+00	
   8.6720000e+02	   0.0000000e+00	
   8.6740000e+02	   0.0000000e+00	
   8.6760000e+02	   0.0000000e+00	
   8.6780000e+02	   0.0000000e+00	
   8.6800000e+02	   0.0000000e+00	
   8.6820000e+02	   0.0000000e+00	
   8.6840000e+02	   0.0000000e+00	
   8.6860000e+02	   0.0000000e+00	
   8.6880000e+02	   0.0000000e+00	
   8.6900000e+02	   0.0000000e+00	
   8.6920000e+02	   0.0000000e+00	
   8.6940000e+02	   0.0000000e+00	
   8.6960000e+02	   0.0000000e+00	
   8.6980000e+02	   0.0000000e+00	
   8.7000000e+02	   0.0000000e+00	
