3.8000000e+02	0.0000000e+00
3.8100000e+02	1.4461025e-06
3.8200000e+02	0.0000000e+00
3.8300000e+02	1.6872536e-07
3.8400000e+02	0.0000000e+00
3.8500000e+02	4.2462926e-07
3.8600000e+02	0.0000000e+00
3.8700000e+02	0.0000000e+00
3.8800000e+02	0.0000000e+00
3.8900000e+02	3.3641061e-08
3.9000000e+02	8.3670893e-07
3.9100000e+02	0.0000000e+00
3.9200000e+02	2.0955733e-07
3.9300000e+02	5.4927901e-07
3.9400000e+02	1.0081731e-07
3.9500000e+02	3.5158735e-07
3.9600000e+02	6.2349802e-08
3.9700000e+02	2.8612791e-07
3.9800000e+02	1.4171058e-07
3.9900000e+02	2.3412587e-07
4.0000000e+02	0.0000000e+00
4.0100000e+02	1.2313314e-07
4.0200000e+02	0.0000000e+00
4.0300000e+02	1.3435427e-07
4.0400000e+02	0.0000000e+00
4.0500000e+02	0.0000000e+00
4.0600000e+02	0.0000000e+00
4.0700000e+02	9.5092568e-08
4.0800000e+02	0.0000000e+00
4.0900000e+02	0.0000000e+00
4.1000000e+02	0.0000000e+00
4.1100000e+02	3.6624760e-07
4.1200000e+02	0.0000000e+00
4.1300000e+02	0.0000000e+00
4.1400000e+02	0.0000000e+00
4.1500000e+02	0.0000000e+00
4.1600000e+02	4.5295088e-07
4.1700000e+02	0.0000000e+00
4.1800000e+02	0.0000000e+00
4.1900000e+02	0.0000000e+00
4.2000000e+02	5.3707633e-07
4.2100000e+02	1.0315074e-07
4.2200000e+02	2.7381786e-07
4.2300000e+02	0.0000000e+00
4.2400000e+02	0.0000000e+00
4.2500000e+02	1.5425947e-07
4.2600000e+02	3.0038035e-07
4.2700000e+02	1.2504977e-07
4.2800000e+02	0.0000000e+00
4.2900000e+02	0.0000000e+00
4.3000000e+02	1.2822069e-07
4.3100000e+02	0.0000000e+00
4.3200000e+02	8.7781291e-07
4.3300000e+02	0.0000000e+00
4.3400000e+02	2.5707520e-07
4.3500000e+02	0.0000000e+00
4.3600000e+02	0.0000000e+00
4.3700000e+02	3.7936179e-07
4.3800000e+02	0.0000000e+00
4.3900000e+02	2.1289337e-07
4.4000000e+02	7.0596430e-07
4.4100000e+02	0.0000000e+00
4.4200000e+02	1.9046803e-07
4.4300000e+02	2.9070431e-10
4.4400000e+02	3.1674616e-07
4.4500000e+02	5.3768755e-07
4.4600000e+02	2.3843444e-07
4.4700000e+02	1.8141139e-07
4.4800000e+02	1.3796053e-07
4.4900000e+02	1.8601734e-07
4.5000000e+02	2.7441046e-07
4.5100000e+02	3.2107774e-07
4.5200000e+02	5.8317175e-07
4.5300000e+02	4.7244374e-08
4.5400000e+02	3.6598448e-07
4.5500000e+02	8.5854598e-08
4.5600000e+02	8.0484180e-08
4.5700000e+02	0.0000000e+00
4.5800000e+02	1.7616031e-07
4.5900000e+02	3.0665543e-07
4.6000000e+02	0.0000000e+00
4.6100000e+02	1.5480034e-07
4.6200000e+02	3.9725825e-07
4.6300000e+02	0.0000000e+00
4.6400000e+02	3.0770247e-07
4.6500000e+02	5.1695316e-08
4.6600000e+02	4.0018343e-08
4.6700000e+02	2.6038711e-07
4.6800000e+02	1.2041822e-07
4.6900000e+02	2.9195182e-07
4.7000000e+02	3.2551585e-07
4.7100000e+02	2.3184442e-07
4.7200000e+02	7.4589016e-08
4.7300000e+02	4.4475593e-08
4.7400000e+02	6.6812842e-08
4.7500000e+02	1.2696733e-07
4.7600000e+02	0.0000000e+00
4.7700000e+02	1.7819529e-07
4.7800000e+02	1.4677188e-08
4.7900000e+02	8.0262614e-08
4.8000000e+02	1.7229017e-07
4.8100000e+02	6.2504926e-08
4.8200000e+02	2.1768567e-07
4.8300000e+02	0.0000000e+00
4.8400000e+02	0.0000000e+00
4.8500000e+02	4.2866002e-08
4.8600000e+02	2.2232977e-07
4.8700000e+02	1.3032693e-07
4.8800000e+02	2.2842574e-07
4.8900000e+02	0.0000000e+00
4.9000000e+02	1.6187149e-07
4.9100000e+02	1.4228046e-07
4.9200000e+02	8.7037610e-08
4.9300000e+02	0.0000000e+00
4.9400000e+02	6.6385030e-08
4.9500000e+02	0.0000000e+00
4.9600000e+02	0.0000000e+00
4.9700000e+02	1.1007204e-07
4.9800000e+02	5.1364175e-08
4.9900000e+02	1.2958958e-07
5.0000000e+02	8.5248116e-08
5.0100000e+02	0.0000000e+00
5.0200000e+02	1.0101326e-07
5.0300000e+02	1.0858694e-07
5.0400000e+02	0.0000000e+00
5.0500000e+02	9.5678326e-08
5.0600000e+02	6.2980359e-09
5.0700000e+02	1.8277950e-07
5.0800000e+02	9.4813016e-08
5.0900000e+02	1.9486944e-07
5.1000000e+02	2.2296778e-07
5.1100000e+02	0.0000000e+00
5.1200000e+02	0.0000000e+00
5.1300000e+02	9.1978100e-08
5.1400000e+02	1.7434762e-07
5.1500000e+02	1.8144548e-07
5.1600000e+02	0.0000000e+00
5.1700000e+02	6.5868593e-08
5.1800000e+02	1.8639006e-07
5.1900000e+02	1.8367573e-07
5.2000000e+02	0.0000000e+00
5.2100000e+02	4.1603927e-08
5.2200000e+02	1.4079006e-07
5.2300000e+02	2.3055284e-07
5.2400000e+02	1.7845565e-07
5.2500000e+02	1.1310525e-07
5.2600000e+02	8.5475769e-08
5.2700000e+02	1.4275699e-07
5.2800000e+02	1.4130642e-07
5.2900000e+02	0.0000000e+00
5.3000000e+02	1.8926865e-07
5.3100000e+02	7.7441544e-08
5.3200000e+02	9.4307615e-08
5.3300000e+02	1.6035292e-07
5.3400000e+02	0.0000000e+00
5.3500000e+02	8.6812386e-08
5.3600000e+02	0.0000000e+00
5.3700000e+02	1.0259736e-07
5.3800000e+02	1.4513250e-07
5.3900000e+02	1.2071994e-07
5.4000000e+02	8.8998869e-08
5.4100000e+02	2.7016687e-08
5.4200000e+02	1.7974111e-07
5.4300000e+02	0.0000000e+00
5.4400000e+02	1.2935791e-07
5.4500000e+02	4.2963286e-08
5.4600000e+02	7.4184823e-08
5.4700000e+02	2.5609901e-07
5.4800000e+02	9.3514015e-08
5.4900000e+02	6.8459721e-08
5.5000000e+02	2.3051781e-07
5.5100000e+02	1.6150149e-07
5.5200000e+02	1.4320170e-07
5.5300000e+02	0.0000000e+00
5.5400000e+02	3.3607787e-07
5.5500000e+02	2.4084745e-07
5.5600000e+02	1.2103740e-07
5.5700000e+02	0.0000000e+00
5.5800000e+02	1.1479777e-07
5.5900000e+02	1.4248387e-07
5.6000000e+02	1.2514799e-07
5.6100000e+02	1.2349035e-07
5.6200000e+02	9.7982365e-08
5.6300000e+02	6.6573216e-08
5.6400000e+02	1.0585734e-07
5.6500000e+02	6.8401468e-08
5.6600000e+02	8.9755364e-08
5.6700000e+02	1.7351147e-07
5.6800000e+02	1.9792579e-07
5.6900000e+02	2.3779084e-07
5.7000000e+02	1.8493431e-07
5.7100000e+02	2.7951080e-07
5.7200000e+02	1.8038273e-07
5.7300000e+02	3.4317671e-07
5.7400000e+02	6.7912779e-08
5.7500000e+02	3.1683749e-07
5.7600000e+02	2.4745486e-07
5.7700000e+02	2.4606744e-07
5.7800000e+02	1.8504577e-07
5.7900000e+02	2.0636478e-07
5.8000000e+02	3.8012489e-07
5.8100000e+02	4.7820491e-07
5.8200000e+02	4.3625470e-07
5.8300000e+02	4.1880331e-07
5.8400000e+02	4.7036507e-07
5.8500000e+02	5.8114882e-07
5.8600000e+02	5.9805641e-07
5.8700000e+02	6.4194270e-07
5.8800000e+02	9.1670958e-07
5.8900000e+02	7.3083083e-07
5.9000000e+02	9.1298218e-07
5.9100000e+02	1.1350185e-06
5.9200000e+02	1.4997941e-06
5.9300000e+02	1.7010560e-06
5.9400000e+02	2.3252273e-06
5.9500000e+02	2.7980675e-06
5.9600000e+02	3.8341453e-06
5.9700000e+02	5.0347168e-06
5.9800000e+02	6.2889756e-06
5.9900000e+02	8.5508133e-06
6.0000000e+02	1.1103237e-05
6.0100000e+02	1.4042097e-05
6.0200000e+02	1.7733633e-05
6.0300000e+02	2.2215120e-05
6.0400000e+02	2.7628957e-05
6.0500000e+02	3.3904177e-05
6.0600000e+02	4.1970182e-05
6.0700000e+02	5.1502332e-05
6.0800000e+02	6.2239063e-05
6.0900000e+02	7.5391371e-05
6.1000000e+02	9.0618461e-05
6.1100000e+02	1.0922217e-04
6.1200000e+02	1.2909478e-04
6.1300000e+02	1.5090656e-04
6.1400000e+02	1.7486982e-04
6.1500000e+02	1.9969119e-04
6.1600000e+02	2.2659966e-04
6.1700000e+02	2.5596893e-04
6.1800000e+02	2.8858515e-04
6.1900000e+02	3.2295838e-04
6.2000000e+02	3.6050205e-04
6.2100000e+02	4.0268146e-04
6.2200000e+02	4.5162270e-04
6.2300000e+02	5.0344649e-04
6.2400000e+02	5.6163814e-04
6.2500000e+02	6.2162593e-04
6.2600000e+02	6.8720746e-04
6.2700000e+02	7.5200433e-04
6.2800000e+02	8.2326952e-04
6.2900000e+02	8.8268300e-04
6.3000000e+02	9.3922040e-04
6.3100000e+02	9.8306730e-04
6.3200000e+02	1.0080197e-03
6.3300000e+02	1.0046738e-03
6.3400000e+02	9.6333569e-04
6.3500000e+02	8.9465149e-04
6.3600000e+02	8.0500477e-04
6.3700000e+02	7.0177957e-04
6.3800000e+02	5.9373622e-04
6.3900000e+02	4.8820404e-04
6.4000000e+02	3.9396024e-04
6.4100000e+02	3.1720607e-04
6.4200000e+02	2.5349991e-04
6.4300000e+02	2.0315163e-04
6.4400000e+02	1.6242328e-04
6.4500000e+02	1.2987834e-04
6.4600000e+02	1.0336551e-04
6.4700000e+02	8.2344861e-05
6.4800000e+02	6.5929982e-05
6.4900000e+02	5.2664503e-05
6.5000000e+02	4.1632996e-05
6.5100000e+02	3.2807887e-05
6.5200000e+02	2.5508021e-05
6.5300000e+02	1.9357258e-05
6.5400000e+02	1.4974386e-05
6.5500000e+02	1.1070885e-05
6.5600000e+02	8.4065895e-06
6.5700000e+02	6.0224429e-06
6.5800000e+02	4.6905826e-06
6.5900000e+02	3.4708114e-06
6.6000000e+02	2.6574684e-06
6.6100000e+02	1.9939845e-06
6.6200000e+02	1.3799118e-06
6.6300000e+02	1.0056787e-06
6.6400000e+02	7.6254653e-07
6.6500000e+02	3.1199255e-07
6.6600000e+02	9.2730809e-08
6.6700000e+02	0.0000000e+00
6.6800000e+02	9.1332099e-08
6.6900000e+02	9.4237121e-08
6.7000000e+02	6.5635632e-08
6.7100000e+02	0.0000000e+00
6.7200000e+02	0.0000000e+00
6.7300000e+02	1.2589599e-07
6.7400000e+02	1.6647018e-07
6.7500000e+02	1.4706888e-07
6.7600000e+02	4.4791479e-08
6.7700000e+02	1.5154373e-07
6.7800000e+02	1.0966952e-07
6.7900000e+02	2.0355179e-07
6.8000000e+02	0.0000000e+00
6.8100000e+02	0.0000000e+00
6.8200000e+02	2.8163361e-08
6.8300000e+02	0.0000000e+00
6.8400000e+02	1.3133704e-07
6.8500000e+02	1.2076361e-07
6.8600000e+02	0.0000000e+00
6.8700000e+02	1.1458718e-07
6.8800000e+02	1.8934848e-07
6.8900000e+02	1.2513945e-08
6.9000000e+02	5.2119478e-08
6.9100000e+02	2.9962739e-07
6.9200000e+02	1.7476147e-07
6.9300000e+02	8.7674456e-08
6.9400000e+02	8.2663695e-08
6.9500000e+02	2.8367289e-08
6.9600000e+02	0.0000000e+00
6.9700000e+02	1.1565987e-07
6.9800000e+02	8.0720245e-08
6.9900000e+02	5.1797761e-08
7.0000000e+02	0.0000000e+00
7.0100000e+02	2.8574042e-07
7.0200000e+02	6.6363275e-08
7.0300000e+02	1.3827591e-07
7.0400000e+02	2.3984394e-07
7.0500000e+02	0.0000000e+00
7.0600000e+02	8.3711304e-09
7.0700000e+02	0.0000000e+00
7.0800000e+02	0.0000000e+00
7.0900000e+02	1.4729272e-07
7.1000000e+02	0.0000000e+00
7.1100000e+02	0.0000000e+00
7.1200000e+02	0.0000000e+00
7.1300000e+02	0.0000000e+00
7.1400000e+02	3.6815109e-07
7.1500000e+02	0.0000000e+00
7.1600000e+02	0.0000000e+00
7.1700000e+02	1.6359644e-07
7.1800000e+02	0.0000000e+00
7.1900000e+02	1.3556003e-07
7.2000000e+02	0.0000000e+00
7.2100000e+02	3.1917930e-08
7.2200000e+02	0.0000000e+00
7.2300000e+02	1.8401135e-07
7.2400000e+02	2.9278954e-07
7.2500000e+02	0.0000000e+00
7.2600000e+02	1.5406066e-07
7.2700000e+02	0.0000000e+00
7.2800000e+02	0.0000000e+00
7.2900000e+02	1.3861655e-07
7.3000000e+02	3.0374520e-07
7.3100000e+02	8.8838128e-08
7.3200000e+02	1.2542547e-07
7.3300000e+02	0.0000000e+00
7.3400000e+02	5.5618850e-07
7.3500000e+02	3.4692261e-07
7.3600000e+02	1.1909517e-07
7.3700000e+02	0.0000000e+00
7.3800000e+02	0.0000000e+00
7.3900000e+02	0.0000000e+00
7.4000000e+02	1.9964813e-07
7.4100000e+02	0.0000000e+00
7.4200000e+02	3.5458840e-07
7.4300000e+02	3.7399740e-07
7.4400000e+02	0.0000000e+00
7.4500000e+02	0.0000000e+00
7.4600000e+02	0.0000000e+00
7.4700000e+02	4.1498513e-07
7.4800000e+02	0.0000000e+00
7.4900000e+02	1.7826647e-10
7.5000000e+02	7.0361959e-09
7.5100000e+02	0.0000000e+00
7.5200000e+02	0.0000000e+00
7.5300000e+02	0.0000000e+00
7.5400000e+02	0.0000000e+00
7.5500000e+02	6.1357338e-08
7.5600000e+02	0.0000000e+00
7.5700000e+02	0.0000000e+00
7.5800000e+02	0.0000000e+00
7.5900000e+02	0.0000000e+00
7.6000000e+02	0.0000000e+00
7.6100000e+02	0.0000000e+00
7.6200000e+02	0.0000000e+00
7.6300000e+02	0.0000000e+00
7.6400000e+02	0.0000000e+00
7.6500000e+02	3.7294613e-07
7.6600000e+02	0.0000000e+00
7.6700000e+02	8.2049269e-07
7.6800000e+02	2.1345646e-07
7.6900000e+02	5.5336006e-07
7.7000000e+02	4.6796012e-07
7.7100000e+02	2.4590350e-07
7.7200000e+02	1.0839751e-07
7.7300000e+02	0.0000000e+00
7.7400000e+02	7.4090121e-07
7.7500000e+02	0.0000000e+00
7.7600000e+02	5.1677827e-07
7.7700000e+02	1.0072351e-06
7.7800000e+02	9.2567657e-07
7.7900000e+02	6.3923536e-07
7.8000000e+02	0.0000000e+00
