0.0000000e+00	0.0000000e+00
1.0010010e-03	2.4982734e-01
2.0020020e-03	3.3318254e-01
3.0030030e-03	3.8827510e-01
4.0040040e-03	4.0795416e-01
5.0050050e-03	4.1805882e-01
6.0060060e-03	4.2816347e-01
7.0070070e-03	4.3826813e-01
8.0080080e-03	4.4837278e-01
9.0090090e-03	4.5847743e-01
1.0010010e-02	4.6858209e-01
1.1011011e-02	4.7868674e-01
1.2012012e-02	4.8879140e-01
1.3013013e-02	4.9889605e-01
1.4014014e-02	5.0542614e-01
1.5015015e-02	5.1151780e-01
1.6016016e-02	5.1760947e-01
1.7017017e-02	5.2370113e-01
1.8018018e-02	5.2979279e-01
1.9019019e-02	5.3588446e-01
2.0020020e-02	5.4197612e-01
2.1021021e-02	5.4806778e-01
2.2022022e-02	5.5415945e-01
2.3023023e-02	5.6025111e-01
2.4024024e-02	5.6634277e-01
2.5025025e-02	5.7243443e-01
2.6026026e-02	5.7852610e-01
2.7027027e-02	5.8461776e-01
2.8028028e-02	5.9070942e-01
2.9029029e-02	5.9680109e-01
3.0030030e-02	6.0184084e-01
3.1031031e-02	6.0571735e-01
3.2032032e-02	6.0959387e-01
3.3033033e-02	6.1347038e-01
3.4034034e-02	6.1734689e-01
3.5035035e-02	6.2122341e-01
3.6036036e-02	6.2509992e-01
3.7037037e-02	6.2897643e-01
3.8038038e-02	6.3285294e-01
3.9039039e-02	6.3672946e-01
4.0040040e-02	6.4060597e-01
4.1041041e-02	6.4448248e-01
4.2042042e-02	6.4835900e-01
4.3043043e-02	6.5223551e-01
4.4044044e-02	6.5611202e-01
4.5045045e-02	6.5998853e-01
4.6046046e-02	6.6386505e-01
4.7047047e-02	6.6774156e-01
4.8048048e-02	6.7161807e-01
4.9049049e-02	6.7549459e-01
5.0050050e-02	6.7937110e-01
5.1051051e-02	6.8324761e-01
5.2052052e-02	6.8712412e-01
5.3053053e-02	6.9100064e-01
5.4054054e-02	6.9487715e-01
5.5055055e-02	6.9875366e-01
5.6056056e-02	7.0195486e-01
5.7057057e-02	7.0483605e-01
5.8058058e-02	7.0771724e-01
5.9059059e-02	7.1059844e-01
6.0060060e-02	7.1347963e-01
6.1061061e-02	7.1636082e-01
6.2062062e-02	7.1924201e-01
6.3063063e-02	7.2212320e-01
6.4064064e-02	7.2500440e-01
6.5065065e-02	7.2788559e-01
6.6066066e-02	7.3076678e-01
6.7067067e-02	7.3364797e-01
6.8068068e-02	7.3652916e-01
6.9069069e-02	7.3941036e-01
7.0070070e-02	7.4229155e-01
7.1071071e-02	7.4517274e-01
7.2072072e-02	7.4805393e-01
7.3073073e-02	7.5093512e-01
7.4074074e-02	7.5381632e-01
7.5075075e-02	7.5669751e-01
7.6076076e-02	7.5957870e-01
7.7077077e-02	7.6245989e-01
7.8078078e-02	7.6534108e-01
7.9079079e-02	7.6822228e-01
8.0080080e-02	7.7110347e-01
8.1081081e-02	7.7398466e-01
8.2082082e-02	7.7686585e-01
8.3083083e-02	7.7974704e-01
8.4084084e-02	7.8262824e-01
8.5085085e-02	7.8550943e-01
8.6086086e-02	7.8839062e-01
8.7087087e-02	7.9127181e-01
8.8088088e-02	7.9415300e-01
8.9089089e-02	7.9703420e-01
9.0090090e-02	7.9991539e-01
9.1091091e-02	8.0200919e-01
9.2092092e-02	8.0407918e-01
9.3093093e-02	8.0614916e-01
9.4094094e-02	8.0821914e-01
9.5095095e-02	8.1028912e-01
9.6096096e-02	8.1235911e-01
9.7097097e-02	8.1442909e-01
9.8098098e-02	8.1649907e-01
9.9099099e-02	8.1856905e-01
1.0010010e-01	8.2063904e-01
1.0110110e-01	8.2270902e-01
1.0210210e-01	8.2477900e-01
1.0310310e-01	8.2684898e-01
1.0410410e-01	8.2891897e-01
1.0510511e-01	8.3098895e-01
1.0610611e-01	8.3305893e-01
1.0710711e-01	8.3512892e-01
1.0810811e-01	8.3719890e-01
1.0910911e-01	8.3926888e-01
1.1011011e-01	8.4133886e-01
1.1111111e-01	8.4340885e-01
1.1211211e-01	8.4547883e-01
1.1311311e-01	8.4754881e-01
1.1411411e-01	8.4961879e-01
1.1511512e-01	8.5168878e-01
1.1611612e-01	8.5375876e-01
1.1711712e-01	8.5582874e-01
1.1811812e-01	8.5789872e-01
1.1911912e-01	8.5996871e-01
1.2012012e-01	8.6203869e-01
1.2112112e-01	8.6410867e-01
1.2212212e-01	8.6617865e-01
1.2312312e-01	8.6824864e-01
1.2412412e-01	8.7031862e-01
1.2512513e-01	8.7238860e-01
1.2612613e-01	8.7445858e-01
1.2712713e-01	8.7652857e-01
1.2812813e-01	8.7859855e-01
1.2912913e-01	8.8066853e-01
1.3013013e-01	8.8273852e-01
1.3113113e-01	8.8480850e-01
1.3213213e-01	8.8687848e-01
1.3313313e-01	8.8894846e-01
1.3413413e-01	8.9101845e-01
1.3513514e-01	8.9308843e-01
1.3613614e-01	8.9515841e-01
1.3713714e-01	8.9722839e-01
1.3813814e-01	8.9926463e-01
1.3913914e-01	9.0097201e-01
1.4014014e-01	9.0244241e-01
1.4114114e-01	9.0391281e-01
1.4214214e-01	9.0538321e-01
1.4314314e-01	9.0685361e-01
1.4414414e-01	9.0832401e-01
1.4514515e-01	9.0979442e-01
1.4614615e-01	9.1126482e-01
1.4714715e-01	9.1273522e-01
1.4814815e-01	9.1420562e-01
1.4914915e-01	9.1567602e-01
1.5015015e-01	9.1714642e-01
1.5115115e-01	9.1861682e-01
1.5215215e-01	9.2008723e-01
1.5315315e-01	9.2155763e-01
1.5415415e-01	9.2302803e-01
1.5515516e-01	9.2449843e-01
1.5615616e-01	9.2596883e-01
1.5715716e-01	9.2743923e-01
1.5815816e-01	9.2890963e-01
1.5915916e-01	9.3038004e-01
1.6016016e-01	9.3185044e-01
1.6116116e-01	9.3332084e-01
1.6216216e-01	9.3479124e-01
1.6316316e-01	9.3626164e-01
1.6416416e-01	9.3773204e-01
1.6516517e-01	9.3920244e-01
1.6616617e-01	9.4067285e-01
1.6716717e-01	9.4214325e-01
1.6816817e-01	9.4361365e-01
1.6916917e-01	9.4508405e-01
1.7017017e-01	9.4655445e-01
1.7117117e-01	9.4802485e-01
1.7217217e-01	9.4949525e-01
1.7317317e-01	9.5096566e-01
1.7417417e-01	9.5243606e-01
1.7517518e-01	9.5390646e-01
1.7617618e-01	9.5537686e-01
1.7717718e-01	9.5684726e-01
1.7817818e-01	9.5831766e-01
1.7917918e-01	9.5978806e-01
1.8018018e-01	9.6125847e-01
1.8118118e-01	9.6272887e-01
1.8218218e-01	9.6419927e-01
1.8318318e-01	9.6566967e-01
1.8418418e-01	9.6714007e-01
1.8518519e-01	9.6861047e-01
1.8618619e-01	9.7008087e-01
1.8718719e-01	9.7155128e-01
1.8818819e-01	9.7302168e-01
1.8918919e-01	9.7449208e-01
1.9019019e-01	9.7596248e-01
1.9119119e-01	9.7743288e-01
1.9219219e-01	9.7890328e-01
1.9319319e-01	9.8037368e-01
1.9419419e-01	9.8184409e-01
1.9519520e-01	9.8331449e-01
1.9619620e-01	9.8478489e-01
1.9719720e-01	9.8625529e-01
1.9819820e-01	9.8772569e-01
1.9919920e-01	9.8919609e-01
2.0020020e-01	9.9066649e-01
2.0120120e-01	9.9213690e-01
2.0220220e-01	9.9360730e-01
2.0320320e-01	9.9507770e-01
2.0420420e-01	9.9654810e-01
2.0520521e-01	9.9801850e-01
2.0620621e-01	9.9948890e-01
2.0720721e-01	1.0007438e+00
2.0820821e-01	1.0018840e+00
2.0920921e-01	1.0030241e+00
2.1021021e-01	1.0041643e+00
2.1121121e-01	1.0053044e+00
2.1221221e-01	1.0064446e+00
2.1321321e-01	1.0075848e+00
2.1421421e-01	1.0087249e+00
2.1521522e-01	1.0098651e+00
2.1621622e-01	1.0110052e+00
2.1721722e-01	1.0121454e+00
2.1821822e-01	1.0132855e+00
2.1921922e-01	1.0144257e+00
2.2022022e-01	1.0155658e+00
2.2122122e-01	1.0167060e+00
2.2222222e-01	1.0178461e+00
2.2322322e-01	1.0189863e+00
2.2422422e-01	1.0201264e+00
2.2522523e-01	1.0212666e+00
2.2622623e-01	1.0224067e+00
2.2722723e-01	1.0235469e+00
2.2822823e-01	1.0246870e+00
2.2922923e-01	1.0258272e+00
2.3023023e-01	1.0269673e+00
2.3123123e-01	1.0281075e+00
2.3223223e-01	1.0292476e+00
2.3323323e-01	1.0303878e+00
2.3423423e-01	1.0315279e+00
2.3523524e-01	1.0326681e+00
2.3623624e-01	1.0338082e+00
2.3723724e-01	1.0349484e+00
2.3823824e-01	1.0360885e+00
2.3923924e-01	1.0372287e+00
2.4024024e-01	1.0383688e+00
2.4124124e-01	1.0395090e+00
2.4224224e-01	1.0406491e+00
2.4324324e-01	1.0417893e+00
2.4424424e-01	1.0429294e+00
2.4524525e-01	1.0440696e+00
2.4624625e-01	1.0452097e+00
2.4724725e-01	1.0463499e+00
2.4824825e-01	1.0474900e+00
2.4924925e-01	1.0486302e+00
2.5025025e-01	1.0497703e+00
2.5125125e-01	1.0509105e+00
2.5225225e-01	1.0520506e+00
2.5325325e-01	1.0531908e+00
2.5425425e-01	1.0543309e+00
2.5525526e-01	1.0554711e+00
2.5625626e-01	1.0566112e+00
2.5725726e-01	1.0577514e+00
2.5825826e-01	1.0588915e+00
2.5925926e-01	1.0600317e+00
2.6026026e-01	1.0611718e+00
2.6126126e-01	1.0623120e+00
2.6226226e-01	1.0634521e+00
2.6326326e-01	1.0645923e+00
2.6426426e-01	1.0657324e+00
2.6526527e-01	1.0668726e+00
2.6626627e-01	1.0680127e+00
2.6726727e-01	1.0691529e+00
2.6826827e-01	1.0702930e+00
2.6926927e-01	1.0714332e+00
2.7027027e-01	1.0725733e+00
2.7127127e-01	1.0737135e+00
2.7227227e-01	1.0748537e+00
2.7327327e-01	1.0759938e+00
2.7427427e-01	1.0771340e+00
2.7527528e-01	1.0782741e+00
2.7627628e-01	1.0794143e+00
2.7727728e-01	1.0805544e+00
2.7827828e-01	1.0816946e+00
2.7927928e-01	1.0828347e+00
2.8028028e-01	1.0839749e+00
2.8128128e-01	1.0851150e+00
2.8228228e-01	1.0862552e+00
2.8328328e-01	1.0873953e+00
2.8428428e-01	1.0885355e+00
2.8528529e-01	1.0896756e+00
2.8628629e-01	1.0908158e+00
2.8728729e-01	1.0919559e+00
2.8828829e-01	1.0930961e+00
2.8928929e-01	1.0942362e+00
2.9029029e-01	1.0953764e+00
2.9129129e-01	1.0965165e+00
2.9229229e-01	1.0976567e+00
2.9329329e-01	1.0987968e+00
2.9429429e-01	1.1000458e+00
2.9529530e-01	1.1013988e+00
2.9629630e-01	1.1028794e+00
2.9729730e-01	1.1043600e+00
2.9829830e-01	1.1058406e+00
2.9929930e-01	1.1073212e+00
3.0030030e-01	1.1088018e+00
3.0130130e-01	1.1102824e+00
3.0230230e-01	1.1117630e+00
3.0330330e-01	1.1132437e+00
3.0430430e-01	1.1147243e+00
3.0530531e-01	1.1162049e+00
3.0630631e-01	1.1176855e+00
3.0730731e-01	1.1191661e+00
3.0830831e-01	1.1206467e+00
3.0930931e-01	1.1221273e+00
3.1031031e-01	1.1236079e+00
3.1131131e-01	1.1250886e+00
3.1231231e-01	1.1265692e+00
3.1331331e-01	1.1280498e+00
3.1431431e-01	1.1295304e+00
3.1531532e-01	1.1310110e+00
3.1631632e-01	1.1324916e+00
3.1731732e-01	1.1339722e+00
3.1831832e-01	1.1354528e+00
3.1931932e-01	1.1369335e+00
3.2032032e-01	1.1384141e+00
3.2132132e-01	1.1398947e+00
3.2232232e-01	1.1413753e+00
3.2332332e-01	1.1428559e+00
3.2432432e-01	1.1443365e+00
3.2532533e-01	1.1458171e+00
3.2632633e-01	1.1472977e+00
3.2732733e-01	1.1487784e+00
3.2832833e-01	1.1502590e+00
3.2932933e-01	1.1517396e+00
3.3033033e-01	1.1532202e+00
3.3133133e-01	1.1547008e+00
3.3233233e-01	1.1561814e+00
3.3333333e-01	1.1576620e+00
3.3433433e-01	1.1591426e+00
3.3533534e-01	1.1606233e+00
3.3633634e-01	1.1621039e+00
3.3733734e-01	1.1635845e+00
3.3833834e-01	1.1650651e+00
3.3933934e-01	1.1665457e+00
3.4034034e-01	1.1680263e+00
3.4134134e-01	1.1695069e+00
3.4234234e-01	1.1709876e+00
3.4334334e-01	1.1724682e+00
3.4434434e-01	1.1739488e+00
3.4534535e-01	1.1754294e+00
3.4634635e-01	1.1769100e+00
3.4734735e-01	1.1783906e+00
3.4834835e-01	1.1798712e+00
3.4934935e-01	1.1813518e+00
3.5035035e-01	1.1828325e+00
3.5135135e-01	1.1843131e+00
3.5235235e-01	1.1857937e+00
3.5335335e-01	1.1872743e+00
3.5435435e-01	1.1887549e+00
3.5535536e-01	1.1902355e+00
3.5635636e-01	1.1917161e+00
3.5735736e-01	1.1931967e+00
3.5835836e-01	1.1946774e+00
3.5935936e-01	1.1961580e+00
3.6036036e-01	1.1976386e+00
3.6136136e-01	1.1991192e+00
3.6236236e-01	1.2007258e+00
3.6336336e-01	1.2025175e+00
3.6436436e-01	1.2043091e+00
3.6536537e-01	1.2061008e+00
3.6636637e-01	1.2078925e+00
3.6736737e-01	1.2096841e+00
3.6836837e-01	1.2114758e+00
3.6936937e-01	1.2132675e+00
3.7037037e-01	1.2150591e+00
3.7137137e-01	1.2168508e+00
3.7237237e-01	1.2186425e+00
3.7337337e-01	1.2204341e+00
3.7437437e-01	1.2222258e+00
3.7537538e-01	1.2240175e+00
3.7637638e-01	1.2258091e+00
3.7737738e-01	1.2276008e+00
3.7837838e-01	1.2293925e+00
3.7937938e-01	1.2311841e+00
3.8038038e-01	1.2329758e+00
3.8138138e-01	1.2347675e+00
3.8238238e-01	1.2365591e+00
3.8338338e-01	1.2383508e+00
3.8438438e-01	1.2401425e+00
3.8538539e-01	1.2419341e+00
3.8638639e-01	1.2437258e+00
3.8738739e-01	1.2455175e+00
3.8838839e-01	1.2473091e+00
3.8938939e-01	1.2491008e+00
3.9039039e-01	1.2508924e+00
3.9139139e-01	1.2526841e+00
3.9239239e-01	1.2544758e+00
3.9339339e-01	1.2562674e+00
3.9439439e-01	1.2580591e+00
3.9539540e-01	1.2598508e+00
3.9639640e-01	1.2616424e+00
3.9739740e-01	1.2634341e+00
3.9839840e-01	1.2652258e+00
3.9939940e-01	1.2670174e+00
4.0040040e-01	1.2688091e+00
4.0140140e-01	1.2706008e+00
4.0240240e-01	1.2723924e+00
4.0340340e-01	1.2741841e+00
4.0440440e-01	1.2759758e+00
4.0540541e-01	1.2777674e+00
4.0640641e-01	1.2795591e+00
4.0740741e-01	1.2813508e+00
4.0840841e-01	1.2831424e+00
4.0940941e-01	1.2849341e+00
4.1041041e-01	1.2867258e+00
4.1141141e-01	1.2885174e+00
4.1241241e-01	1.2903091e+00
4.1341341e-01	1.2921008e+00
4.1441441e-01	1.2938924e+00
4.1541542e-01	1.2956841e+00
4.1641642e-01	1.2974758e+00
4.1741742e-01	1.2992377e+00
4.1841842e-01	1.3007132e+00
4.1941942e-01	1.3019955e+00
4.2042042e-01	1.3032497e+00
4.2142142e-01	1.3045039e+00
4.2242242e-01	1.3057580e+00
4.2342342e-01	1.3070122e+00
4.2442442e-01	1.3082664e+00
4.2542543e-01	1.3095205e+00
4.2642643e-01	1.3107747e+00
4.2742743e-01	1.3120289e+00
4.2842843e-01	1.3132830e+00
4.2942943e-01	1.3145372e+00
4.3043043e-01	1.3157914e+00
4.3143143e-01	1.3170455e+00
4.3243243e-01	1.3182997e+00
4.3343343e-01	1.3195538e+00
4.3443443e-01	1.3208080e+00
4.3543544e-01	1.3220622e+00
4.3643644e-01	1.3233163e+00
4.3743744e-01	1.3245705e+00
4.3843844e-01	1.3258247e+00
4.3943944e-01	1.3270788e+00
4.4044044e-01	1.3283330e+00
4.4144144e-01	1.3295872e+00
4.4244244e-01	1.3308413e+00
4.4344344e-01	1.3320955e+00
4.4444444e-01	1.3333497e+00
4.4544545e-01	1.3346038e+00
4.4644645e-01	1.3358580e+00
4.4744745e-01	1.3371122e+00
4.4844845e-01	1.3383663e+00
4.4944945e-01	1.3396205e+00
4.5045045e-01	1.3408747e+00
4.5145145e-01	1.3421288e+00
4.5245245e-01	1.3433830e+00
4.5345345e-01	1.3446372e+00
4.5445445e-01	1.3458913e+00
4.5545546e-01	1.3471455e+00
4.5645646e-01	1.3483997e+00
4.5745746e-01	1.3496538e+00
4.5845846e-01	1.3509080e+00
4.5945946e-01	1.3521622e+00
4.6046046e-01	1.3534163e+00
4.6146146e-01	1.3546705e+00
4.6246246e-01	1.3559247e+00
4.6346346e-01	1.3571788e+00
4.6446446e-01	1.3584330e+00
4.6546547e-01	1.3596872e+00
4.6646647e-01	1.3609413e+00
4.6746747e-01	1.3621955e+00
4.6846847e-01	1.3634497e+00
4.6946947e-01	1.3647038e+00
4.7047047e-01	1.3659580e+00
4.7147147e-01	1.3672122e+00
4.7247247e-01	1.3684663e+00
4.7347347e-01	1.3697205e+00
4.7447447e-01	1.3709747e+00
4.7547548e-01	1.3722288e+00
4.7647648e-01	1.3734830e+00
4.7747748e-01	1.3747371e+00
4.7847848e-01	1.3759913e+00
4.7947948e-01	1.3772455e+00
4.8048048e-01	1.3784996e+00
4.8148148e-01	1.3797538e+00
4.8248248e-01	1.3810080e+00
4.8348348e-01	1.3822621e+00
4.8448448e-01	1.3835163e+00
4.8548549e-01	1.3847705e+00
4.8648649e-01	1.3860246e+00
4.8748749e-01	1.3872788e+00
4.8848849e-01	1.3885330e+00
4.8948949e-01	1.3897871e+00
4.9049049e-01	1.3910413e+00
4.9149149e-01	1.3922955e+00
4.9249249e-01	1.3935496e+00
4.9349349e-01	1.3948038e+00
4.9449449e-01	1.3960580e+00
4.9549550e-01	1.3973121e+00
4.9649650e-01	1.3985663e+00
4.9749750e-01	1.3998205e+00
4.9849850e-01	1.4007308e+00
4.9949950e-01	1.4015836e+00
5.0050050e-01	1.4024364e+00
5.0150150e-01	1.4032892e+00
5.0250250e-01	1.4041421e+00
5.0350350e-01	1.4049949e+00
5.0450450e-01	1.4058477e+00
5.0550551e-01	1.4067006e+00
5.0650651e-01	1.4075534e+00
5.0750751e-01	1.4084062e+00
5.0850851e-01	1.4092591e+00
5.0950951e-01	1.4101119e+00
5.1051051e-01	1.4109647e+00
5.1151151e-01	1.4118176e+00
5.1251251e-01	1.4126704e+00
5.1351351e-01	1.4135232e+00
5.1451451e-01	1.4143761e+00
5.1551552e-01	1.4152289e+00
5.1651652e-01	1.4160817e+00
5.1751752e-01	1.4169346e+00
5.1851852e-01	1.4177874e+00
5.1951952e-01	1.4186402e+00
5.2052052e-01	1.4194931e+00
5.2152152e-01	1.4203459e+00
5.2252252e-01	1.4211987e+00
5.2352352e-01	1.4220516e+00
5.2452452e-01	1.4229044e+00
5.2552553e-01	1.4237572e+00
5.2652653e-01	1.4246101e+00
5.2752753e-01	1.4254629e+00
5.2852853e-01	1.4263157e+00
5.2952953e-01	1.4271686e+00
5.3053053e-01	1.4280214e+00
5.3153153e-01	1.4288742e+00
5.3253253e-01	1.4297271e+00
5.3353353e-01	1.4305799e+00
5.3453453e-01	1.4314327e+00
5.3553554e-01	1.4322856e+00
5.3653654e-01	1.4331384e+00
5.3753754e-01	1.4339912e+00
5.3853854e-01	1.4348441e+00
5.3953954e-01	1.4356969e+00
5.4054054e-01	1.4365497e+00
5.4154154e-01	1.4374026e+00
5.4254254e-01	1.4382554e+00
5.4354354e-01	1.4391082e+00
5.4454454e-01	1.4399611e+00
5.4554555e-01	1.4408139e+00
5.4654655e-01	1.4416667e+00
5.4754755e-01	1.4425196e+00
5.4854855e-01	1.4433724e+00
5.4954955e-01	1.4442252e+00
5.5055055e-01	1.4450781e+00
5.5155155e-01	1.4459309e+00
5.5255255e-01	1.4467837e+00
5.5355355e-01	1.4476366e+00
5.5455455e-01	1.4484894e+00
5.5555556e-01	1.4493422e+00
5.5655656e-01	1.4501951e+00
5.5755756e-01	1.4510479e+00
5.5855856e-01	1.4519007e+00
5.5955956e-01	1.4527536e+00
5.6056056e-01	1.4536064e+00
5.6156156e-01	1.4544592e+00
5.6256256e-01	1.4553121e+00
5.6356356e-01	1.4561649e+00
5.6456456e-01	1.4570177e+00
5.6556557e-01	1.4578706e+00
5.6656657e-01	1.4587234e+00
5.6756757e-01	1.4595762e+00
5.6856857e-01	1.4604290e+00
5.6956957e-01	1.4612819e+00
5.7057057e-01	1.4621347e+00
5.7157157e-01	1.4629875e+00
5.7257257e-01	1.4638404e+00
5.7357357e-01	1.4646932e+00
5.7457457e-01	1.4655460e+00
5.7557558e-01	1.4663989e+00
5.7657658e-01	1.4672517e+00
5.7757758e-01	1.4681045e+00
5.7857858e-01	1.4689574e+00
5.7957958e-01	1.4698102e+00
5.8058058e-01	1.4706630e+00
5.8158158e-01	1.4715159e+00
5.8258258e-01	1.4723687e+00
5.8358358e-01	1.4732215e+00
5.8458458e-01	1.4740744e+00
5.8558559e-01	1.4749272e+00
5.8658659e-01	1.4757800e+00
5.8758759e-01	1.4766329e+00
5.8858859e-01	1.4774857e+00
5.8958959e-01	1.4783385e+00
5.9059059e-01	1.4791914e+00
5.9159159e-01	1.4800442e+00
5.9259259e-01	1.4808970e+00
5.9359359e-01	1.4817499e+00
5.9459459e-01	1.4826027e+00
5.9559560e-01	1.4834555e+00
5.9659660e-01	1.4843084e+00
5.9759760e-01	1.4851612e+00
5.9859860e-01	1.4860140e+00
5.9959960e-01	1.4868669e+00
6.0060060e-01	1.4877197e+00
6.0160160e-01	1.4885725e+00
6.0260260e-01	1.4894254e+00
6.0360360e-01	1.4902782e+00
6.0460460e-01	1.4911310e+00
6.0560561e-01	1.4919839e+00
6.0660661e-01	1.4928367e+00
6.0760761e-01	1.4936895e+00
6.0860861e-01	1.4945424e+00
6.0960961e-01	1.4953952e+00
6.1061061e-01	1.4962480e+00
6.1161161e-01	1.4971009e+00
6.1261261e-01	1.4979537e+00
6.1361361e-01	1.4988065e+00
6.1461461e-01	1.4996708e+00
6.1561562e-01	1.5005410e+00
6.1661662e-01	1.5014219e+00
6.1761762e-01	1.5023103e+00
6.1861862e-01	1.5031986e+00
6.1961962e-01	1.5040870e+00
6.2062062e-01	1.5049754e+00
6.2162162e-01	1.5058637e+00
6.2262262e-01	1.5067521e+00
6.2362362e-01	1.5076405e+00
6.2462462e-01	1.5085288e+00
6.2562563e-01	1.5094172e+00
6.2662663e-01	1.5103056e+00
6.2762763e-01	1.5111939e+00
6.2862863e-01	1.5120823e+00
6.2962963e-01	1.5129707e+00
6.3063063e-01	1.5138590e+00
6.3163163e-01	1.5147474e+00
6.3263263e-01	1.5156358e+00
6.3363363e-01	1.5165241e+00
6.3463463e-01	1.5174125e+00
6.3563564e-01	1.5183009e+00
6.3663664e-01	1.5191893e+00
6.3763764e-01	1.5200776e+00
6.3863864e-01	1.5209660e+00
6.3963964e-01	1.5218544e+00
6.4064064e-01	1.5227427e+00
6.4164164e-01	1.5236311e+00
6.4264264e-01	1.5245195e+00
6.4364364e-01	1.5254078e+00
6.4464464e-01	1.5262962e+00
6.4564565e-01	1.5271846e+00
6.4664665e-01	1.5280729e+00
6.4764765e-01	1.5289613e+00
6.4864865e-01	1.5298497e+00
6.4964965e-01	1.5307380e+00
6.5065065e-01	1.5316264e+00
6.5165165e-01	1.5325148e+00
6.5265265e-01	1.5334031e+00
6.5365365e-01	1.5342915e+00
6.5465465e-01	1.5351799e+00
6.5565566e-01	1.5360682e+00
6.5665666e-01	1.5369566e+00
6.5765766e-01	1.5378450e+00
6.5865866e-01	1.5387333e+00
6.5965966e-01	1.5396217e+00
6.6066066e-01	1.5405101e+00
6.6166166e-01	1.5413984e+00
6.6266266e-01	1.5422868e+00
6.6366366e-01	1.5431752e+00
6.6466466e-01	1.5440635e+00
6.6566567e-01	1.5449519e+00
6.6666667e-01	1.5458403e+00
6.6766767e-01	1.5467286e+00
6.6866867e-01	1.5476170e+00
6.6966967e-01	1.5485054e+00
6.7067067e-01	1.5493937e+00
6.7167167e-01	1.5502821e+00
6.7267267e-01	1.5511705e+00
6.7367367e-01	1.5520589e+00
6.7467467e-01	1.5529472e+00
6.7567568e-01	1.5538356e+00
6.7667668e-01	1.5547240e+00
6.7767768e-01	1.5556123e+00
6.7867868e-01	1.5565007e+00
6.7967968e-01	1.5573891e+00
6.8068068e-01	1.5582774e+00
6.8168168e-01	1.5591658e+00
6.8268268e-01	1.5600542e+00
6.8368368e-01	1.5609425e+00
6.8468468e-01	1.5618309e+00
6.8568569e-01	1.5627193e+00
6.8668669e-01	1.5636076e+00
6.8768769e-01	1.5644960e+00
6.8868869e-01	1.5653844e+00
6.8968969e-01	1.5662727e+00
6.9069069e-01	1.5671611e+00
6.9169169e-01	1.5680495e+00
6.9269269e-01	1.5689378e+00
6.9369369e-01	1.5698262e+00
6.9469469e-01	1.5707146e+00
6.9569570e-01	1.5716029e+00
6.9669670e-01	1.5724913e+00
6.9769770e-01	1.5733797e+00
6.9869870e-01	1.5742680e+00
6.9969970e-01	1.5751564e+00
7.0070070e-01	1.5760448e+00
7.0170170e-01	1.5769331e+00
7.0270270e-01	1.5778215e+00
7.0370370e-01	1.5787099e+00
7.0470470e-01	1.5795982e+00
7.0570571e-01	1.5804866e+00
7.0670671e-01	1.5813750e+00
7.0770771e-01	1.5822633e+00
7.0870871e-01	1.5831517e+00
7.0970971e-01	1.5840401e+00
7.1071071e-01	1.5849284e+00
7.1171171e-01	1.5858168e+00
7.1271271e-01	1.5867052e+00
7.1371371e-01	1.5875936e+00
7.1471471e-01	1.5884819e+00
7.1571572e-01	1.5893703e+00
7.1671672e-01	1.5902587e+00
7.1771772e-01	1.5911470e+00
7.1871872e-01	1.5920354e+00
7.1971972e-01	1.5929238e+00
7.2072072e-01	1.5938121e+00
7.2172172e-01	1.5947005e+00
7.2272272e-01	1.5955889e+00
7.2372372e-01	1.5964772e+00
7.2472472e-01	1.5973656e+00
7.2572573e-01	1.5982540e+00
7.2672673e-01	1.5991423e+00
7.2772773e-01	1.6000171e+00
7.2872873e-01	1.6005130e+00
7.2972973e-01	1.6010088e+00
7.3073073e-01	1.6015046e+00
7.3173173e-01	1.6020005e+00
7.3273273e-01	1.6024963e+00
7.3373373e-01	1.6029921e+00
7.3473473e-01	1.6034880e+00
7.3573574e-01	1.6039838e+00
7.3673674e-01	1.6044796e+00
7.3773774e-01	1.6049755e+00
7.3873874e-01	1.6054713e+00
7.3973974e-01	1.6059671e+00
7.4074074e-01	1.6064630e+00
7.4174174e-01	1.6069588e+00
7.4274274e-01	1.6074546e+00
7.4374374e-01	1.6079505e+00
7.4474474e-01	1.6084463e+00
7.4574575e-01	1.6089421e+00
7.4674675e-01	1.6094380e+00
7.4774775e-01	1.6099338e+00
7.4874875e-01	1.6104296e+00
7.4974975e-01	1.6109255e+00
7.5075075e-01	1.6114213e+00
7.5175175e-01	1.6119171e+00
7.5275275e-01	1.6124130e+00
7.5375375e-01	1.6129088e+00
7.5475475e-01	1.6134046e+00
7.5575576e-01	1.6139005e+00
7.5675676e-01	1.6143963e+00
7.5775776e-01	1.6148921e+00
7.5875876e-01	1.6153880e+00
7.5975976e-01	1.6158838e+00
7.6076076e-01	1.6163796e+00
7.6176176e-01	1.6168755e+00
7.6276276e-01	1.6173713e+00
7.6376376e-01	1.6178671e+00
7.6476476e-01	1.6183630e+00
7.6576577e-01	1.6188588e+00
7.6676677e-01	1.6193546e+00
7.6776777e-01	1.6198505e+00
7.6876877e-01	1.6203463e+00
7.6976977e-01	1.6208421e+00
7.7077077e-01	1.6213380e+00
7.7177177e-01	1.6218338e+00
7.7277277e-01	1.6223296e+00
7.7377377e-01	1.6228255e+00
7.7477477e-01	1.6233213e+00
7.7577578e-01	1.6238171e+00
7.7677678e-01	1.6243130e+00
7.7777778e-01	1.6248088e+00
7.7877878e-01	1.6253046e+00
7.7977978e-01	1.6258005e+00
7.8078078e-01	1.6262963e+00
7.8178178e-01	1.6267921e+00
7.8278278e-01	1.6272880e+00
7.8378378e-01	1.6277838e+00
7.8478478e-01	1.6282796e+00
7.8578579e-01	1.6287754e+00
7.8678679e-01	1.6292713e+00
7.8778779e-01	1.6297671e+00
7.8878879e-01	1.6302629e+00
7.8978979e-01	1.6307588e+00
7.9079079e-01	1.6312546e+00
7.9179179e-01	1.6317504e+00
7.9279279e-01	1.6322463e+00
7.9379379e-01	1.6327421e+00
7.9479479e-01	1.6332379e+00
7.9579580e-01	1.6337338e+00
7.9679680e-01	1.6342296e+00
7.9779780e-01	1.6347254e+00
7.9879880e-01	1.6352213e+00
7.9979980e-01	1.6357171e+00
8.0080080e-01	1.6362129e+00
8.0180180e-01	1.6367088e+00
8.0280280e-01	1.6372046e+00
8.0380380e-01	1.6377004e+00
8.0480480e-01	1.6381963e+00
8.0580581e-01	1.6386921e+00
8.0680681e-01	1.6391879e+00
8.0780781e-01	1.6396838e+00
8.0880881e-01	1.6401796e+00
8.0980981e-01	1.6406754e+00
8.1081081e-01	1.6411713e+00
8.1181181e-01	1.6416671e+00
8.1281281e-01	1.6421629e+00
8.1381381e-01	1.6426588e+00
8.1481481e-01	1.6431546e+00
8.1581582e-01	1.6436504e+00
8.1681682e-01	1.6441463e+00
8.1781782e-01	1.6446421e+00
8.1881882e-01	1.6451379e+00
8.1981982e-01	1.6456338e+00
8.2082082e-01	1.6461296e+00
8.2182182e-01	1.6466254e+00
8.2282282e-01	1.6471213e+00
8.2382382e-01	1.6476171e+00
8.2482482e-01	1.6481129e+00
8.2582583e-01	1.6486088e+00
8.2682683e-01	1.6491046e+00
8.2782783e-01	1.6496004e+00
8.2882883e-01	1.6500963e+00
8.2982983e-01	1.6505921e+00
8.3083083e-01	1.6510879e+00
8.3183183e-01	1.6515838e+00
8.3283283e-01	1.6520796e+00
8.3383383e-01	1.6525754e+00
8.3483483e-01	1.6530713e+00
8.3583584e-01	1.6535671e+00
8.3683684e-01	1.6540629e+00
8.3783784e-01	1.6545588e+00
8.3883884e-01	1.6550546e+00
8.3983984e-01	1.6555504e+00
8.4084084e-01	1.6560463e+00
8.4184184e-01	1.6565421e+00
8.4284284e-01	1.6570379e+00
8.4384384e-01	1.6575338e+00
8.4484484e-01	1.6580296e+00
8.4584585e-01	1.6585254e+00
8.4684685e-01	1.6590213e+00
8.4784785e-01	1.6595171e+00
8.4884885e-01	1.6600129e+00
8.4984985e-01	1.6605088e+00
8.5085085e-01	1.6610046e+00
8.5185185e-01	1.6615004e+00
8.5285285e-01	1.6619963e+00
8.5385385e-01	1.6624921e+00
8.5485485e-01	1.6629879e+00
8.5585586e-01	1.6634838e+00
8.5685686e-01	1.6639796e+00
8.5785786e-01	1.6644754e+00
8.5885886e-01	1.6649713e+00
8.5985986e-01	1.6654671e+00
8.6086086e-01	1.6659629e+00
8.6186186e-01	1.6664588e+00
8.6286286e-01	1.6669546e+00
8.6386386e-01	1.6674504e+00
8.6486486e-01	1.6679463e+00
8.6586587e-01	1.6684421e+00
8.6686687e-01	1.6689379e+00
8.6786787e-01	1.6694338e+00
8.6886887e-01	1.6699296e+00
8.6986987e-01	1.6704254e+00
8.7087087e-01	1.6709213e+00
8.7187187e-01	1.6714171e+00
8.7287287e-01	1.6719129e+00
8.7387387e-01	1.6724088e+00
8.7487487e-01	1.6729046e+00
8.7587588e-01	1.6734004e+00
8.7687688e-01	1.6738963e+00
8.7787788e-01	1.6743921e+00
8.7887888e-01	1.6748879e+00
8.7987988e-01	1.6753838e+00
8.8088088e-01	1.6758796e+00
8.8188188e-01	1.6763754e+00
8.8288288e-01	1.6768713e+00
8.8388388e-01	1.6773671e+00
8.8488488e-01	1.6778629e+00
8.8588589e-01	1.6783588e+00
8.8688689e-01	1.6788546e+00
8.8788789e-01	1.6793504e+00
8.8888889e-01	1.6798463e+00
8.8988989e-01	1.6803421e+00
8.9089089e-01	1.6808379e+00
8.9189189e-01	1.6813338e+00
8.9289289e-01	1.6818296e+00
8.9389389e-01	1.6823254e+00
8.9489489e-01	1.6828213e+00
8.9589590e-01	1.6833171e+00
8.9689690e-01	1.6838129e+00
8.9789790e-01	1.6843088e+00
8.9889890e-01	1.6848046e+00
8.9989990e-01	1.6853004e+00
9.0090090e-01	1.6857962e+00
9.0190190e-01	1.6862921e+00
9.0290290e-01	1.6867879e+00
9.0390390e-01	1.6872837e+00
9.0490490e-01	1.6877796e+00
9.0590591e-01	1.6882754e+00
9.0690691e-01	1.6887712e+00
9.0790791e-01	1.6892671e+00
9.0890891e-01	1.6897629e+00
9.0990991e-01	1.6902587e+00
9.1091091e-01	1.6907546e+00
9.1191191e-01	1.6912504e+00
9.1291291e-01	1.6917462e+00
9.1391391e-01	1.6922421e+00
9.1491491e-01	1.6927379e+00
9.1591592e-01	1.6932337e+00
9.1691692e-01	1.6937296e+00
9.1791792e-01	1.6942254e+00
9.1891892e-01	1.6947212e+00
9.1991992e-01	1.6952171e+00
9.2092092e-01	1.6957129e+00
9.2192192e-01	1.6962087e+00
9.2292292e-01	1.6967046e+00
9.2392392e-01	1.6972004e+00
9.2492492e-01	1.6976962e+00
9.2592593e-01	1.6981921e+00
9.2692693e-01	1.6986879e+00
9.2792793e-01	1.6992246e+00
9.2892893e-01	1.6999598e+00
9.2992993e-01	1.7006950e+00
9.3093093e-01	1.7019242e+00
9.3193193e-01	1.7033456e+00
9.3293293e-01	1.7047670e+00
9.3393393e-01	1.7061884e+00
9.3493493e-01	1.7076098e+00
9.3593594e-01	1.7090312e+00
9.3693694e-01	1.7104526e+00
9.3793794e-01	1.7118739e+00
9.3893894e-01	1.7132953e+00
9.3993994e-01	1.7147167e+00
9.4094094e-01	1.7161381e+00
9.4194194e-01	1.7175595e+00
9.4294294e-01	1.7189809e+00
9.4394394e-01	1.7204023e+00
9.4494494e-01	1.7218237e+00
9.4594595e-01	1.7232450e+00
9.4694695e-01	1.7246664e+00
9.4794795e-01	1.7260878e+00
9.4894895e-01	1.7275092e+00
9.4994995e-01	1.7289306e+00
9.5095095e-01	1.7303520e+00
9.5195195e-01	1.7317734e+00
9.5295295e-01	1.7331948e+00
9.5395395e-01	1.7346161e+00
9.5495495e-01	1.7360375e+00
9.5595596e-01	1.7374589e+00
9.5695696e-01	1.7388803e+00
9.5795796e-01	1.7403017e+00
9.5895896e-01	1.7417231e+00
9.5995996e-01	1.7431445e+00
9.6096096e-01	1.7445659e+00
9.6196196e-01	1.7459873e+00
9.6296296e-01	1.7474086e+00
9.6396396e-01	1.7488300e+00
9.6496496e-01	1.7502514e+00
9.6596597e-01	1.7516728e+00
9.6696697e-01	1.7530942e+00
9.6796797e-01	1.7545156e+00
9.6896897e-01	1.7559370e+00
9.6996997e-01	1.7573584e+00
9.7097097e-01	1.7587797e+00
9.7197197e-01	1.7602011e+00
9.7297297e-01	1.7616225e+00
9.7397397e-01	1.7630439e+00
9.7497497e-01	1.7644653e+00
9.7597598e-01	1.7658867e+00
9.7697698e-01	1.7673081e+00
9.7797798e-01	1.7687295e+00
9.7897898e-01	1.7701509e+00
9.7997998e-01	1.7715722e+00
9.8098098e-01	1.7729936e+00
9.8198198e-01	1.7744150e+00
9.8298298e-01	1.7758364e+00
9.8398398e-01	1.7772578e+00
9.8498498e-01	1.7786792e+00
9.8598599e-01	1.7801006e+00
9.8698699e-01	1.7815220e+00
9.8798799e-01	1.7829433e+00
9.8898899e-01	1.7843647e+00
9.8998999e-01	1.7857861e+00
9.9099099e-01	1.7872075e+00
9.9199199e-01	1.7886289e+00
9.9299299e-01	1.7900503e+00
9.9399399e-01	1.7914717e+00
9.9499499e-01	1.7928931e+00
9.9599600e-01	1.7943144e+00
9.9699700e-01	1.7957358e+00
9.9799800e-01	1.7971572e+00
9.9899900e-01	1.7985786e+00
1.0000000e+00	1.8000000e+00
